3916771632 3916771647 3916771616 3916771631 750 750 123 123 17 17 1 
4206655424 4206655439 4206655440 4206655455 123 123 750 750 17 17 0 
4179127728 4179127743 2632225344 2632225359 53 53 2105 2105 17 17 1 
4078683024 4078683039 2624879808 2624879823 53 53 123 123 17 17 3 
4034307296 4034307311 4195211168 4195211183 88 88 53 53 17 17 2 
3713223264 3713223279 3713223280 3713223295 161 161 88 88 17 17 0 
3722390016 3722390031 3722391200 3722391215 123 123 80 80 17 17 0 
3522021840 3522021855 2673704016 2673704031 123 123 123 123 17 17 0 
3292748832 3292748847 2674271280 2674271295 69 69 21 21 17 17 4 
3288555952 3288555967 3288555936 3288555951 53 53 22 22 17 17 2 
3385115840 3385115855 3400271744 3400271759 123 123 2401 2401 17 17 4 
3073576864 3073576879 3169844720 3169844735 161 161 80 80 17 17 0 
3082397904 3082397919 4291370400 4291370415 7648 7648 53 53 17 17 1 
3205738608 3205738623 4282366112 4282366127 123 123 1999 1999 17 17 0 
3135034432 3135034447 3092889936 3092889951 123 123 67 67 17 17 3 
3146495296 3146495311 3146495312 3146495327 53 53 53 53 17 17 2 
3116612800 3116612815 3010255792 3010255807 69 69 750 750 17 17 0 
2760381600 2760381615 2760381952 2760381967 24032 24032 161 161 17 17 2 
2773707840 2773707855 2773707424 2773707439 123 123 123 123 17 17 3 
2831162736 2831162751 4191620368 4191620383 53 53 53 53 17 17 2 
2937455680 2937455695 2901434640 2901434655 123 123 143 143 17 17 0 
2891913920 2891913935 2891914736 2891914751 69 69 80 80 17 17 1 
2561622304 2561622319 4168387840 4168387855 24032 24032 123 123 17 17 4 
2629120048 2629120063 2629120032 2629120047 53 53 53 53 17 17 0 
2443628352 2443628367 2443627392 2443627407 69 69 53 53 17 17 2 
2199408464 2199408479 2199407952 2199407967 750 750 80 80 17 17 4 
2189028064 2189028079 2189028080 2189028095 161 161 161 161 17 17 4 
2230637664 2230637679 4220294032 4220294047 161 161 750 750 17 17 2 
2221032992 2221033007 2268943104 2268943119 88 88 7648 7648 17 17 0 
2280598656 2280598671 2280597600 2280597615 67 67 22 22 17 17 0 
2304067040 2304067055 2333437328 2333437343 53 53 544 544 17 17 2 
1047435008 1047435023 1047435024 1047435039 53 53 750 750 17 17 2 
1063472672 1063472687 934978320 934978335 750 750 22 22 17 17 3 
924912064 924912079 899082688 899082703 53 53 873 873 17 17 4 
913676416 913676431 1363405216 1363405231 123 123 53 53 17 17 1 
884315472 884315487 1368147920 1368147935 750 750 80 80 17 17 0 
585066464 585066479 1441992688 1441992703 123 123 5999 5999 17 17 4 
543512464 543512479 1438569328 1438569343 67 67 53 53 17 17 0 
565242000 565242015 1436339856 1436339871 53 53 25 25 17 17 0 
748697456 748697471 748697440 748697455 123 123 80 80 17 17 3 
224808160 224808175 1415882912 1415882927 53 53 161 161 17 17 1 
229501184 229501199 18348144 18348159 88 88 22 22 17 17 1 
213035440 213035455 266229264 266229279 123 123 22 22 17 17 3 
200151424 200151439 1425148544 1425148559 123 123 25 25 17 17 4 
118893136 118893151 152124512 152124527 24032 24032 88 88 17 17 1 
96160192 96160207 96161472 96161487 123 123 750 750 17 17 1 
4594288 4594303 157985664 157985679 53 53 80 80 17 17 1 
451835552 451835567 1472713920 1472713935 88 88 80 80 17 17 2 
419817920 419817935 383096384 383096399 161 161 53 53 17 17 2 
534099984 534099999 382398128 382398143 53 53 22 22 17 17 1 
499020656 499020671 384368144 384368159 750 750 25 25 17 17 2 
502413040 502413055 517445296 517445311 123 123 123 123 17 17 2 
475700416 475700431 519083904 519083919 161 161 879 879 17 17 0 
315028736 315028751 315028416 315028431 53 53 53 53 17 17 1 
299421840 299421855 309454000 309454015 161 161 443 443 17 17 3 
378060336 378060351 378059232 378059247 750 750 25 25 17 17 2 
1364386464 1364386479 1364386928 1364386943 53 53 24032 24032 17 17 4 
1354824784 1354824799 320029296 320029311 162 162 22 22 17 17 0 
1268965536 1268965551 1268965552 1268965567 123 123 2055 2055 17 17 0 
1087918816 1087918831 1087919232 1087919247 24032 24032 22 22 17 17 0 
1175722752 1175722767 1147654448 1147654463 162 162 123 123 17 17 4 
2085531072 2085531087 1975858832 1975858847 7648 7648 25 25 17 17 1 
1950647456 1950647471 363665760 363665775 123 123 8080 8080 17 17 3 
1924530256 1924530271 1924531584 1924531599 161 161 8080 8080 17 17 2 
1713080832 1713080847 394607360 394607375 7648 7648 25 25 17 17 4 
1681190704 1681190719 1681188960 1681188975 7648 7648 750 750 17 17 0 
4019281729 4019281729 3984876655 3984876655 1024 65535 123 123 17 17 4 
3941706031 3941706031 3914700990 3914700990 1024 65535 22 22 17 17 4 
3913851513 3913851513 2645071724 2645071724 1024 65535 21 21 17 17 2 
3874588310 3874588310 3874588303 3874588303 1024 65535 22 22 17 17 3 
3846206166 3846206166 3846207422 3846207422 1024 65535 7648 7648 17 17 3 
4208078568 4208078568 2631801144 2631801144 1024 65535 22 22 17 17 1 
4190639474 4190639474 4190638734 4190638734 1024 65535 7648 7648 17 17 1 
4041683794 4041683794 4066735771 4066735771 1024 65535 25 25 17 17 1 
3668626913 3668626913 3572091124 3572091124 1024 65535 23 23 17 17 1 
3651460762 3651460762 2679113284 2679113284 1024 65535 24032 24032 17 17 4 
3602301991 3602301991 3568075944 3568075944 1024 65535 22 22 17 17 0 
3507104637 3507104637 2671790244 2671790244 1024 65535 1999 1999 17 17 4 
3338377109 3338377109 3444446331 3444446331 1024 65535 21 21 17 17 4 
3348058279 3348058279 3289802582 3289802582 1024 65535 25 25 17 17 0 
3243535684 3243535684 2664877139 2664877139 1024 65535 2105 2105 17 17 4 
3370904306 3370904306 3370905001 3370905001 1024 65535 123 123 17 17 1 
3415164619 3415164619 2660907306 2660907306 1024 65535 53 53 17 17 2 
3482587004 3482587004 2653930502 2653930502 1024 65535 25 25 17 17 0 
3464759684 3464759684 3464761051 3464761051 1024 65535 53 53 17 17 3 
3017680056 3017680056 3017679492 3017679492 1024 65535 22 22 17 17 2 
3049941616 3049941616 3162930230 3162930230 1024 65535 22 22 17 17 0 
2696303352 2696303352 2896635083 2896635083 1024 65535 25 25 17 17 1 
2861545957 2861545957 2833958324 2833958324 1024 65535 53 53 17 17 0 
2927846735 2927846735 4166217444 4166217444 1024 65535 53 53 17 17 4 
2886711795 2886711795 4165991800 4165991800 1024 65535 22 22 17 17 0 
2570458840 2570458840 2468060623 2468060623 1024 65535 139 139 17 17 4 
2582278317 2582278317 2608049414 2608049414 1024 65535 53 53 17 17 2 
2661008825 2661008825 4162803047 4162803047 1024 65535 544 544 17 17 1 
2674987682 2674987682 2621068196 2621068196 1024 65535 80 80 17 17 3 
2422419773 2422419773 2474003038 2474003038 1024 65535 69 69 17 17 3 
2482698707 2482698707 4175908177 4175908177 1024 65535 139 139 17 17 4 
2484552266 2484552266 4211970494 4211970494 1024 65535 80 80 17 17 3 
2172924203 2172924203 4216554809 4216554809 1024 65535 21 21 17 17 1 
2153735482 2153735482 2361238203 2361238203 1024 65535 67 67 17 17 0 
2245631583 2245631583 2245630430 2245630430 1024 65535 22 22 17 17 0 
2277571636 2277571636 2239003393 2239003393 1024 65535 80 80 17 17 1 
2297826100 2297826100 2297827143 2297827143 1024 65535 2105 2105 17 17 4 
2309323202 2309323202 2309323357 2309323357 1024 65535 22 22 17 17 4 
939761130 939761130 939761143 939761143 1024 65535 25 25 17 17 2 
1052617061 1052617061 934579260 934579260 1024 65535 110 110 17 17 3 
1060825567 1060825567 1060825541 1060825541 1024 65535 37 37 17 17 1 
813400298 813400298 813401660 813401660 1024 65535 88 88 17 17 1 
825452612 825452612 825454096 825454096 1024 65535 80 80 17 17 1 
863804938 863804938 1440465846 1440465846 1024 65535 119 119 17 17 1 
859269041 859269041 859269036 859269036 1024 65535 7648 7648 17 17 1 
614553447 614553447 1432286401 1432286401 1024 65535 22 22 17 17 2 
800301791 800301791 572337713 572337713 1024 65535 123 123 17 17 2 
805050134 805050134 805048421 805048421 1024 65535 53 53 17 17 3 
737512816 737512816 1413938659 1413938659 1024 65535 1999 1999 17 17 4 
219041955 219041955 18828095 18828095 1024 65535 161 161 17 17 2 
231430080 231430080 17384129 17384129 1024 65535 22 22 17 17 3 
160979523 160979523 1424058471 1424058471 1024 65535 25 25 17 17 3 
138974688 138974688 138974047 138974047 1024 65535 53 53 17 17 4 
128651071 128651071 99733116 99733116 1024 65535 22 22 17 17 0 
115363013 115363013 97093861 97093861 1024 65535 37 37 17 17 1 
93517068 93517068 106103464 106103464 1024 65535 750 750 17 17 2 
25890651 25890651 65256351 65256351 1024 65535 143 143 17 17 4 
33539611 33539611 1468695564 1468695564 1024 65535 23 23 17 17 2 
429742622 429742622 1473437180 1473437180 1024 65535 5998 5998 17 17 3 
302929651 302929651 512319096 512319096 1024 65535 443 443 17 17 3 
382596566 382596566 368977731 368977731 1024 65535 53 53 17 17 4 
398983295 398983295 368547485 368547485 1024 65535 143 143 17 17 1 
397380174 397380174 397381435 397381435 1024 65535 53 53 17 17 3 
1471990913 1471990913 329406029 329406029 1024 65535 53 53 17 17 1 
1455357009 1455357009 328208724 328208724 1024 65535 53 53 17 17 1 
1432958197 1432958197 1432958959 1432958959 1024 65535 25 25 17 17 4 
1362486724 1362486724 319105427 319105427 1024 65535 443 443 17 17 2 
1407943928 1407943928 1374109565 1374109565 1024 65535 80 80 17 17 4 
1556573885 1556573885 1556572259 1556572259 1024 65535 750 750 17 17 0 
1566993388 1566993388 1454581927 1454581927 1024 65535 7326 7326 17 17 3 
1575012139 1575012139 1454901768 1454901768 1024 65535 53 53 17 17 4 
1498175372 1498175372 1498175391 1498175391 1024 65535 67 67 17 17 2 
1511241202 1511241202 1457078044 1457078044 1024 65535 750 750 17 17 4 
1528540367 1528540367 311607021 311607021 1024 65535 80 80 17 17 2 
1532023334 1532023334 1483510252 1483510252 1024 65535 119 119 17 17 4 
1284634064 1284634064 317941497 317941497 1024 65535 161 161 17 17 4 
1233995026 1233995026 1233995017 1233995017 1024 65535 25 25 17 17 1 
1259562488 1259562488 1259561597 1259561597 1024 65535 22 22 17 17 1 
1098135500 1098135500 1212799836 1212799836 1024 65535 544 544 17 17 4 
1082450867 1082450867 336227356 336227356 1024 65535 139 139 17 17 4 
1134839884 1134839884 340127342 340127342 1024 65535 80 80 17 17 4 
1127782238 1127782238 1127781810 1127781810 1024 65535 871 871 17 17 2 
1116986195 1116986195 1100769162 1100769162 1024 65535 25 25 17 17 3 
1199920132 1199920132 1214532417 1214532417 1024 65535 80 80 17 17 1 
1195317109 1195317109 1195315836 1195315836 1024 65535 67 67 17 17 3 
2041180650 2041180650 2041180656 2041180656 1024 65535 138 138 17 17 4 
2126920808 2126920808 2109254606 2109254606 1024 65535 22 22 17 17 0 
2144665290 2144665290 2109041179 2109041179 1024 65535 24032 24032 17 17 4 
1970808364 1970808364 1970807145 1970807145 1024 65535 53 53 17 17 0 
1948547505 1948547505 2106909835 2106909835 1024 65535 110 110 17 17 1 
1943958549 1943958549 1903612809 1903612809 1024 65535 1999 1999 17 17 0 
1933725924 1933725924 401255200 401255200 1024 65535 25 25 17 17 0 
1742552332 1742552332 1742552042 1742552042 1024 65535 544 544 17 17 0 
1687478242 1687478242 1740994361 1740994361 1024 65535 22 22 17 17 2 
1639786791 1639786791 1653699403 1653699403 1024 65535 80 80 17 17 4 
1637553073 1637553073 398439616 398439616 1024 65535 22 22 17 17 4 
1651379724 1651379724 386069263 386069263 1024 65535 2105 2105 17 17 0 
1646127375 1646127375 1635664437 1635664437 1024 65535 544 544 17 17 0 
1807998170 1807998170 1692300350 1692300350 1024 65535 25 25 17 17 0 
1798504856 1798504856 391843854 391843854 1024 65535 21 21 17 17 4 
1865497502 1865497502 1816910293 1816910293 1024 65535 53 53 17 17 1 
1853544074 1853544074 1853543397 1853543397 1024 65535 22 22 17 17 4 
4008630055 4008630055 4008629475 4008629475 0 65535 25 25 6 6 2 
3997725669 3997725669 2648055966 2648055966 0 65535 80 80 6 6 3 
3954205197 3954205197 3954205925 3954205925 0 65535 5998 5998 6 6 0 
3902267737 3902267737 3902267905 3902267905 0 65535 53 53 6 6 1 
3798562436 3798562436 3798561579 3798561579 0 65535 25 25 6 6 4 
3848261590 3848261590 3848261091 3848261091 0 65535 25 25 6 6 0 
3828402625 3828402625 3828402640 3828402640 0 65535 22 22 6 6 1 
4264948642 4264948642 4052981074 4052981074 0 65535 123 123 6 6 3 
4233610479 4233610479 4286050287 4286050287 0 65535 22 22 6 6 4 
4223371626 4223371626 4055739928 4055739928 0 65535 123 123 6 6 2 
4121671836 4121671836 4121673546 4121673546 0 65535 22 22 6 6 3 
4143701002 4143701002 4143701014 4143701014 0 65535 2105 2105 6 6 4 
4136194273 4136194273 2624285002 2624285002 0 65535 13 13 6 6 3 
4129101176 4129101176 2623650942 2623650942 0 65535 80 80 6 6 0 
4048726697 4048726697 2619098274 2619098274 0 65535 25 25 6 6 4 
3675531141 3675531141 3564525078 3564525078 0 65535 13 13 6 6 3 
3698037427 3698037427 3698038459 3698038459 0 65535 25 25 6 6 1 
3751695217 3751695217 3714167065 3714167065 0 65535 69 69 6 6 4 
3618932937 3618932937 3618934623 3618934623 0 65535 7326 7326 6 6 0 
3557067648 3557067648 3708000683 3708000683 0 65535 754 754 6 6 2 
3571050838 3571050838 3571052507 3571052507 0 65535 25 25 6 6 3 
3321831349 3321831349 2668250336 2668250336 0 65535 25 25 6 6 3 
3345527864 3345527864 2670980561 2670980561 0 65535 22 22 6 6 3 
3256982698 3256982698 2666841480 2666841480 0 65535 2105 2105 6 6 0 
3387268442 3387268442 3399505674 3399505674 0 65535 37 37 6 6 1 
3397710467 3397710467 3397711767 3397711767 0 65535 443 443 6 6 2 
3419444554 3419444554 2660015873 2660015873 0 65535 22 22 6 6 0 
3454797211 3454797211 3454797197 3454797197 0 65535 137 137 6 6 3 
3453166794 3453166794 3290553760 3290553760 0 65535 2105 2105 6 6 0 
3434979919 3434979919 3434979924 3434979924 0 65535 544 544 6 6 4 
2990664575 2990664575 4277910723 4277910723 0 65535 25 25 6 6 2 
2975039437 2975039437 3165565246 3165565246 0 65535 139 139 6 6 4 
3026990311 3026990311 3026989585 3026989585 0 65535 80 80 6 6 3 
3078847978 3078847978 4291260392 4291260392 0 65535 443 443 6 6 2 
3142871749 3142871749 3092630921 3092630921 0 65535 80 80 6 6 0 
2781143892 2781143892 2802326787 2802326787 0 65535 53 53 6 6 0 
2688039768 2688039768 2688039941 2688039941 0 65535 750 750 6 6 2 
2819085364 2819085364 4186145789 4186145789 0 65535 161 161 6 6 0 
2881058131 2881058131 2833757171 2833757171 0 65535 25 25 6 6 2 
2945044168 2945044168 2807114850 2807114850 0 65535 25 25 6 6 1 
2936641034 2936641034 2936640594 2936640594 0 65535 161 161 6 6 3 
2918664344 2918664344 2809350184 2809350184 0 65535 123 123 6 6 4 
2611420993 2611420993 2611419482 2611419482 0 65535 123 123 6 6 0 
2668668742 2668668742 4175370801 4175370801 0 65535 22 22 6 6 3 
2625732771 2625732771 2658285753 2658285753 0 65535 2105 2105 6 6 3 
2432320516 2432320516 2432320541 2432320541 0 65535 7648 7648 6 6 3 
2514420663 2514420663 2514420982 2514420982 0 65535 750 750 6 6 1 
2518093419 2518093419 2518092798 2518092798 0 65535 123 123 6 6 2 
2207382989 2207382989 4218169442 4218169442 0 65535 22 22 6 6 4 
2191576491 2191576491 2360481871 2360481871 0 65535 7648 7648 6 6 3 
2150874705 2150874705 2187651584 2187651584 0 65535 110 110 6 6 4 
2216687929 2216687929 2359717767 2359717767 0 65535 123 123 6 6 2 
2334395468 2334395468 2334394681 2334394681 0 65535 22 22 6 6 2 
2381628823 2381628823 4204250984 4204250984 0 65535 23 23 6 6 1 
2375618273 2375618273 4202746620 4202746620 0 65535 544 544 6 6 0 
2371689534 2371689534 4203640605 4203640605 0 65535 22 22 6 6 4 
956085753 956085753 956084444 956084444 0 65535 22 22 6 6 4 
952578951 952578951 952579380 952579380 0 65535 69 69 6 6 4 
1004292147 1004292147 1004292130 1004292130 0 65535 8080 8080 6 6 2 
1009381133 1009381133 1059190030 1059190030 0 65535 161 161 6 6 1 
927499649 927499649 1064262823 1064262823 0 65535 23 23 6 6 4 
938825799 938825799 938826593 938826593 0 65535 750 750 6 6 1 
808299223 808299223 808300267 808300267 0 65535 25 25 6 6 2 
824725703 824725703 1371040649 1371040649 0 65535 119 119 6 6 0 
865313663 865313663 1057179761 1057179761 0 65535 67 67 6 6 2 
589714462 589714462 1439435267 1439435267 0 65535 53 53 6 6 4 
650853235 650853235 650853698 650853698 0 65535 22 22 6 6 1 
661029267 661029267 1430695988 1430695988 0 65535 53 53 6 6 2 
768628560 768628560 787060352 787060352 0 65535 25 25 6 6 0 
683179856 683179856 705001745 705001745 0 65535 22 22 6 6 4 
264689333 264689333 264688557 264688557 0 65535 22 22 6 6 4 
162844978 162844978 179107610 179107610 0 65535 53 53 6 6 4 
135298879 135298879 135298008 135298008 0 65535 123 123 6 6 4 
129045860 129045860 1419030329 1419030329 0 65535 25 25 6 6 1 
46212687 46212687 46211959 46211959 0 65535 22 22 6 6 1 
460082705 460082705 460081988 460081988 0 65535 443 443 6 6 4 
523336352 523336352 523336379 523336379 0 65535 113 113 6 6 1 
493473891 493473891 493475212 493475212 0 65535 754 754 6 6 3 
292860677 292860677 292861647 292861647 0 65535 53 53 6 6 4 
389118905 389118905 516395341 516395341 0 65535 544 544 6 6 1 
1428808435 1428808435 1479048077 1479048077 0 65535 53 53 6 6 1 
1369694505 1369694505 1369694523 1369694523 0 65535 544 544 6 6 2 
1590269368 1590269368 1450676663 1450676663 0 65535 1999 1999 6 6 4 
1570676624 1570676624 324129766 324129766 0 65535 80 80 6 6 4 
1509994594 1509994594 1456909506 1456909506 0 65535 88 88 6 6 1 
1304582438 1304582438 1304582456 1304582456 0 65535 179 179 6 6 1 
1324493100 1324493100 316280481 316280481 0 65535 7648 7648 6 6 4 
1209619743 1209619743 1209619722 1209619722 0 65535 22 22 6 6 2 
1252731254 1252731254 304731889 304731889 0 65535 871 871 6 6 3 
1130853638 1130853638 1130852636 1130852636 0 65535 53 53 6 6 2 
1195400190 1195400190 1149047993 1149047993 0 65535 22 22 6 6 3 
1160801809 1160801809 343774165 343774165 0 65535 22 22 6 6 3 
2126275048 2126275048 355142832 355142832 0 65535 21 21 6 6 0 
2124995434 2124995434 354938094 354938094 0 65535 88 88 6 6 2 
1993487825 1993487825 1977231938 1977231938 0 65535 22 22 6 6 2 
1969275341 1969275341 1969275349 1969275349 0 65535 23 23 6 6 4 
1955704088 1955704088 1955703739 1955703739 0 65535 22 22 6 6 4 
1893363798 1893363798 364897923 364897923 0 65535 22 22 6 6 3 
1730721143 1730721143 402215310 402215310 0 65535 53 53 6 6 4 
1678834982 1678834982 1813837227 1813837227 0 65535 110 110 6 6 4 
1686168042 1686168042 1686169408 1686169408 0 65535 879 879 6 6 3 
1703212951 1703212951 1703212937 1703212937 0 65535 123 123 6 6 4 
1810274816 1810274816 1810274840 1810274840 0 65535 24032 24032 6 6 0 
1760664553 1760664553 1760665386 1760665386 0 65535 80 80 6 6 4 
1841724840 1841724840 370104963 370104963 0 65535 25 25 6 6 0 
1827737714 1827737714 1688915439 1688915439 0 65535 544 544 6 6 2 
4009016305 4009016305 2649347096 2649347096 69 69 1024 65535 17 17 0 
3999286839 3999286839 2650309734 2650309734 161 161 1024 65535 17 17 2 
3763671303 3763671303 3763671323 3763671323 69 69 1024 65535 17 17 3 
3799602700 3799602700 2638459199 2638459199 750 750 1024 65535 17 17 3 
3889647467 3889647467 2636564655 2636564655 750 750 1024 65535 17 17 4 
3882735206 3882735206 3882733911 3882733911 24032 24032 1024 65535 17 17 0 
3832978567 3832978567 3832978037 3832978037 7648 7648 1024 65535 17 17 2 
4261297974 4261297974 2636779855 2636779855 750 750 1024 65535 17 17 2 
4254089927 4254089927 4052648199 4052648199 53 53 1024 65535 17 17 3 
4234556767 4234556767 2635027050 2635027050 53 53 1024 65535 17 17 1 
4240193543 4240193543 2630567393 2630567393 123 123 1024 65535 17 17 1 
4202878665 4202878665 4170991681 4170991681 750 750 1024 65535 17 17 0 
4165633877 4165633877 4199266812 4199266812 161 161 1024 65535 17 17 2 
4089353043 4089353043 4089353741 4089353741 67 67 1024 65535 17 17 4 
4077064850 4077064850 4057714114 4057714114 53 53 1024 65535 17 17 0 
3674458682 3674458682 3674459955 3674459955 69 69 1024 65535 17 17 2 
3585799987 3585799987 3585799634 3585799634 53 53 1024 65535 17 17 4 
3495993640 3495993640 2681373399 2681373399 161 161 1024 65535 17 17 4 
3501438829 3501438829 3501438837 3501438837 162 162 1024 65535 17 17 1 
3331183609 3331183609 3331183854 3331183854 88 88 1024 65535 17 17 1 
3248976533 3248976533 3248977627 3248977627 123 123 1024 65535 17 17 4 
3371687539 3371687539 3371686498 3371686498 53 53 1024 65535 17 17 1 
3369938813 3369938813 3399086763 3399086763 750 750 1024 65535 17 17 2 
3488232818 3488232818 3439455747 3439455747 67 67 1024 65535 17 17 3 
2984906669 2984906669 4288389196 4288389196 123 123 1024 65535 17 17 4 
3051870855 3051870855 4287960632 4287960632 88 88 1024 65535 17 17 4 
3205323818 3205323818 3205323477 3205323477 123 123 1024 65535 17 17 2 
3167695677 3167695677 3167695899 3167695899 53 53 1024 65535 17 17 2 
3127188538 3127188538 3010756251 3010756251 123 123 1024 65535 17 17 2 
3093703874 3093703874 3140403166 3140403166 750 750 1024 65535 17 17 3 
2759635904 2759635904 4182811575 4182811575 161 161 1024 65535 17 17 0 
2692697392 2692697392 2900029120 2900029120 123 123 1024 65535 17 17 2 
2737897840 2737897840 4188486843 4188486843 53 53 1024 65535 17 17 1 
2837751104 2837751104 4186940573 4186940573 53 53 1024 65535 17 17 0 
2935774158 2935774158 2807769826 2807769826 162 162 1024 65535 17 17 3 
2898742864 2898742864 2898741503 2898741503 123 123 1024 65535 17 17 2 
2551910418 2551910418 2551910936 2551910936 69 69 1024 65535 17 17 4 
2574744080 2574744080 2608833436 2608833436 123 123 1024 65535 17 17 2 
2446230012 2446230012 4174206315 4174206315 162 162 1024 65535 17 17 0 
2421241891 2421241891 2655736193 2655736193 53 53 1024 65535 17 17 2 
2474930242 2474930242 4173265496 4173265496 24032 24032 1024 65535 17 17 0 
2503489892 2503489892 2516855672 2516855672 161 161 1024 65535 17 17 0 
2492798986 2492798986 2519035362 2519035362 161 161 1024 65535 17 17 1 
2520499618 2520499618 2520499143 2520499143 162 162 1024 65535 17 17 4 
2236257793 2236257793 4224227790 4224227790 123 123 1024 65535 17 17 4 
2252082327 2252082327 2252082304 2252082304 67 67 1024 65535 17 17 0 
2300067432 2300067432 4210885890 4210885890 53 53 1024 65535 17 17 2 
2306517984 2306517984 4208659982 4208659982 69 69 1024 65535 17 17 1 
2364786945 2364786945 2364786968 2364786968 161 161 1024 65535 17 17 2 
996664290 996664290 1362607399 1362607399 123 123 1024 65535 17 17 0 
981768830 981768830 1359299120 1359299120 69 69 1024 65535 17 17 3 
1045638513 1045638513 931997275 931997275 161 161 1024 65535 17 17 0 
914500068 914500068 914500837 914500837 161 161 1024 65535 17 17 3 
857314800 857314800 857313327 857313327 123 123 1024 65535 17 17 3 
586166046 586166046 556109232 556109232 123 123 1024 65535 17 17 1 
542431588 542431588 576142360 576142360 53 53 1024 65535 17 17 1 
614221940 614221940 642261582 642261582 69 69 1024 65535 17 17 2 
641273085 641273085 641273572 641273572 53 53 1024 65535 17 17 4 
658032407 658032407 1433509539 1433509539 750 750 1024 65535 17 17 1 
695717768 695717768 695717780 695717780 7648 7648 1024 65535 17 17 0 
258581048 258581048 1410865188 1410865188 7648 7648 1024 65535 17 17 3 
179692269 179692269 179693041 179693041 53 53 1024 65535 17 17 1 
177771741 177771741 177771154 177771154 161 161 1024 65535 17 17 4 
155749375 155749375 155748659 155748659 67 67 1024 65535 17 17 0 
154462794 154462794 154462800 154462800 161 161 1024 65535 17 17 0 
66362311 66362311 66362635 66362635 123 123 1024 65535 17 17 3 
18338748 18338748 157675325 157675325 24032 24032 1024 65535 17 17 1 
303722830 303722830 290472165 290472165 123 123 1024 65535 17 17 4 
308146112 308146112 292226340 292226340 123 123 1024 65535 17 17 0 
294477817 294477817 294476443 294476443 123 123 1024 65535 17 17 0 
348166536 348166536 1446575179 1446575179 53 53 1024 65535 17 17 4 
381297328 381297328 381297312 381297312 750 750 1024 65535 17 17 4 
1412652892 1412652892 1412651425 1412651425 53 53 1024 65535 17 17 0 
1584921300 1584921300 1555255460 1555255460 53 53 1024 65535 17 17 4 
1502101014 1502101014 1502100992 1502100992 161 161 1024 65535 17 17 0 
1518335786 1518335786 1484634894 1484634894 53 53 1024 65535 17 17 1 
1536231308 1536231308 313882254 313882254 67 67 1024 65535 17 17 3 
1093105302 1093105302 1131616650 1131616650 69 69 1024 65535 17 17 0 
1100195627 1100195627 1100194423 1100194423 53 53 1024 65535 17 17 4 
1079262623 1079262623 336821761 336821761 750 750 1024 65535 17 17 2 
1203428229 1203428229 1203428951 1203428951 123 123 1024 65535 17 17 3 
1190435741 1190435741 1148586415 1148586415 24032 24032 1024 65535 17 17 0 
2043619110 2043619110 347448005 347448005 53 53 1024 65535 17 17 3 
2099902657 2099902657 2099903093 2099903093 161 161 1024 65535 17 17 4 
1971445837 1971445837 1971446830 1971446830 88 88 1024 65535 17 17 2 
1897595222 1897595222 398997313 398997313 750 750 1024 65535 17 17 0 
1655374934 1655374934 1655373883 1655373883 53 53 1024 65535 17 17 0 
1783734837 1783734837 1783736141 1783736141 88 88 1024 65535 17 17 1 
1751648579 1751648579 377283688 377283688 162 162 1024 65535 17 17 0 
1746703116 1746703116 1688192188 1688192188 123 123 1024 65535 17 17 4 
1871843491 1871843491 1871845172 1871845172 123 123 1024 65535 17 17 0 
4229622487 4229622487 2629854659 2629854659 0 65535 22 22 17 17 2 
4161377188 4161377188 4161377727 4161377727 0 65535 25 25 17 17 4 
4100216479 4100216479 4133088156 4133088156 0 65535 80 80 17 17 4 
4108668534 4108668534 4108667261 4108667261 0 65535 22 22 17 17 2 
4075999215 4075999215 4075998055 4075998055 0 65535 22 22 17 17 0 
3721137532 3721137532 3569775659 3569775659 0 65535 88 88 17 17 2 
3608818965 3608818965 3568816958 3568816958 0 65535 53 53 17 17 4 
3593379398 3593379398 3593378285 3593378285 0 65535 25 25 17 17 1 
3524395838 3524395838 2673306587 2673306587 0 65535 53 53 17 17 1 
3444470706 3444470706 3463674586 3463674586 0 65535 162 162 17 17 1 
3433101669 3433101669 2661300757 2661300757 0 65535 25 25 17 17 3 
3091771440 3091771440 3091772511 3091772511 0 65535 80 80 17 17 2 
2814759816 2814759816 4178158351 4178158351 0 65535 162 162 6 6 3 
2583950296 2583950296 2563238925 2563238925 0 65535 750 750 17 17 4 
2470676206 2470676206 2470674993 2470674993 0 65535 123 123 17 17 4 
961558328 961558328 1002744413 1002744413 0 65535 53 53 17 17 2 
1012686027 1012686027 1060103377 1060103377 0 65535 139 139 17 17 0 
933763535 933763535 933764498 933764498 0 65535 22 22 17 17 1 
907196134 907196134 904426984 904426984 0 65535 53 53 17 17 2 
903533586 903533586 903532930 903532930 0 65535 544 544 17 17 1 
889058988 889058988 938152082 938152082 0 65535 2055 2055 17 17 1 
862118211 862118211 862119540 862119540 0 65535 25 25 17 17 0 
619777254 619777254 642123826 642123826 0 65535 123 123 17 17 0 
783412043 783412043 783412625 783412625 0 65535 53 53 17 17 2 
719369209 719369209 719369768 719369768 0 65535 22 22 6 6 1 
230186363 230186363 1417180204 1417180204 0 65535 110 110 17 17 2 
208876997 208876997 19240564 19240564 0 65535 53 53 17 17 4 
158898115 158898115 158896842 158896842 0 65535 21 21 17 17 2 
52841466 52841466 1420361647 1420361647 0 65535 2105 2105 17 17 3 
280413305 280413305 308227041 308227041 0 65535 22 22 17 17 4 
279625999 279625999 516462714 516462714 0 65535 37 37 17 17 2 
1453579975 1453579975 327597856 327597856 0 65535 2055 2055 17 17 4 
1477001931 1477001931 310437763 310437763 0 65535 69 69 17 17 3 
1270850086 1270850086 1132191875 1132191875 0 65535 22 22 17 17 1 
1253960636 1253960636 1253961156 1253961156 0 65535 123 123 17 17 1 
1983434847 1983434847 358554036 358554036 0 65535 80 80 17 17 0 
3982745318 3982745318 3995775799 3995775799 1024 65535 1024 65535 6 6 4 
3985281484 3985281484 2560503232 2560503232 1024 65535 1024 65535 6 6 4 
3994714798 3994714798 3985345602 3985345602 1024 65535 1024 65535 6 6 2 
3943836784 3943836784 3845937754 3845937754 1024 65535 1024 65535 6 6 2 
3946055705 3946055705 2646783280 2646783280 1024 65535 1024 65535 6 6 0 
3805325303 3805325303 2638985486 2638985486 1024 65535 1024 65535 6 6 1 
3868790074 3868790074 2641734913 2641734913 1024 65535 1024 65535 6 6 1 
3885165899 3885165899 3885165218 3885165218 1024 65535 1024 65535 6 6 4 
3878482209 3878482209 3847512328 3847512328 1024 65535 1024 65535 6 6 0 
3842564964 3842564964 3842565875 3842565875 1024 65535 1024 65535 6 6 0 
3825380419 3825380419 3883594343 3883594343 1024 65535 1024 65535 6 6 4 
4247284091 4247284091 4051972677 4051972677 1024 65535 1024 65535 6 6 0 
4251952272 4251952272 4251952974 4251952974 1024 65535 1024 65535 6 6 3 
4241035248 4241035248 4241033967 4241033967 1024 65535 1024 65535 6 6 0 
4169947690 4169947690 4169949036 4169949036 1024 65535 1024 65535 6 6 1 
4171053244 4171053244 4057216941 4057216941 1024 65535 1024 65535 6 6 0 
4095523503 4095523503 4198268614 4198268614 1024 65535 1024 65535 6 6 2 
4124162479 4124162479 2625734344 2625734344 1024 65535 1024 65535 6 6 1 
4123418146 4123418146 4123418174 4123418174 1024 65535 1024 65535 6 6 0 
4065358127 4065358127 2622786966 2622786966 1024 65535 1024 65535 6 6 1 
4058157142 4058157142 2623260912 2623260912 1024 65535 1024 65535 6 6 1 
3677761428 3677761428 2676177071 2676177071 1024 65535 1024 65535 6 6 0 
3661394927 3661394927 3661394937 3661394937 1024 65535 1024 65535 6 6 2 
3650375343 3650375343 3650375074 3650375074 1024 65535 1024 65535 6 6 3 
3692357448 3692357448 3748988727 3748988727 1024 65535 1024 65535 6 6 2 
3709701336 3709701336 3709700861 3709700861 1024 65535 1024 65535 6 6 2 
3619820769 3619820769 3619820784 3619820784 1024 65535 1024 65535 6 6 0 
3561650460 3561650460 3621204045 3621204045 1024 65535 1024 65535 6 6 4 
3514790260 3514790260 3534683676 3534683676 1024 65535 1024 65535 6 6 0 
3292014159 3292014159 3292014167 3292014167 1024 65535 1024 65535 6 6 1 
3335482280 3335482280 3335483213 3335483213 1024 65535 1024 65535 6 6 3 
3326448568 3326448568 2671323766 2671323766 1024 65535 1024 65535 6 6 2 
3230764814 3230764814 3230763853 3230763853 1024 65535 1024 65535 6 6 3 
3269525878 3269525878 2667294749 2667294749 1024 65535 1024 65535 6 6 4 
3262212899 3262212899 3262214091 3262214091 1024 65535 1024 65535 6 6 2 
3393975643 3393975643 3369342658 3369342658 1024 65535 1024 65535 6 6 2 
3417145434 3417145434 3417145423 3417145423 1024 65535 1024 65535 6 6 2 
3455803939 3455803939 3464131445 3464131445 1024 65535 1024 65535 6 6 3 
3426762782 3426762782 2660474197 2660474197 1024 65535 1024 65535 6 6 3 
3477699467 3477699467 3442641270 3442641270 1024 65535 1024 65535 6 6 3 
3464481905 3464481905 2654469778 2654469778 1024 65535 1024 65535 6 6 2 
2955185512 2955185512 3008540820 3008540820 1024 65535 1024 65535 6 6 1 
3020238383 3020238383 4292268265 4292268265 1024 65535 1024 65535 6 6 0 
3061635811 3061635811 3169245950 3169245950 1024 65535 1024 65535 6 6 1 
3076169648 3076169648 3027417498 3027417498 1024 65535 1024 65535 6 6 0 
3157549839 3157549839 3157550767 3157550767 1024 65535 1024 65535 6 6 1 
3121630558 3121630558 3121629499 3121629499 1024 65535 1024 65535 6 6 2 
3150698060 3150698060 4284721945 4284721945 1024 65535 1024 65535 6 6 4 
3099120619 3099120619 4185843613 4185843613 1024 65535 1024 65535 6 6 3 
3114957863 3114957863 4184690757 4184690757 1024 65535 1024 65535 6 6 0 
2784137053 2784137053 2784135963 2784135963 1024 65535 1024 65535 6 6 3 
2818524256 2818524256 4177763076 4177763076 1024 65535 1024 65535 6 6 4 
2716680200 2716680200 2729274656 2729274656 1024 65535 1024 65535 6 6 2 
2719321731 2719321731 2719320540 2719320540 1024 65535 1024 65535 6 6 2 
2730435323 2730435323 2730436150 2730436150 1024 65535 1024 65535 6 6 4 
2726802371 2726802371 2726802588 2726802588 1024 65535 1024 65535 6 6 0 
2845758082 2845758082 2845759343 2845759343 1024 65535 1024 65535 6 6 1 
2932352888 2932352888 4192013473 4192013473 1024 65535 1024 65535 6 6 2 
2946151699 2946151699 2899685794 2899685794 1024 65535 1024 65535 6 6 1 
2599210030 2599210030 2565456360 2565456360 1024 65535 1024 65535 6 6 3 
2617343211 2617343211 2617342929 2617342929 1024 65535 1024 65535 6 6 4 
2438670747 2438670747 2438671472 2438671472 1024 65535 1024 65535 6 6 3 
2537381691 2537381691 4218551835 4218551835 1024 65535 1024 65535 6 6 3 
2220259783 2220259783 4223014017 4223014017 1024 65535 1024 65535 6 6 2 
2290735263 2290735263 2290736855 2290736855 1024 65535 1024 65535 6 6 1 
2361360290 2361360290 2409792660 2409792660 1024 65535 1024 65535 6 6 4 
2389240505 2389240505 2389240488 2389240488 1024 65535 1024 65535 6 6 2 
1072785191 1072785191 1072784155 1072784155 1024 65535 1024 65535 6 6 4 
1010304117 1010304117 1010303460 1010303460 1024 65535 1024 65535 6 6 4 
932051644 932051644 897822615 897822615 1024 65535 1024 65535 6 6 1 
910954451 910954451 903911871 903911871 1024 65535 1024 65535 6 6 4 
818223061 818223061 1368672944 1368672944 1024 65535 1024 65535 6 6 0 
841733389 841733389 838690169 838690169 1024 65535 1024 65535 6 6 2 
582023016 582023016 708340816 708340816 1024 65535 1024 65535 6 6 0 
577921637 577921637 577921651 577921651 1024 65535 1024 65535 6 6 3 
553636169 553636169 1436980067 1436980067 1024 65535 1024 65535 6 6 4 
791001957 791001957 749915916 749915916 1024 65535 1024 65535 6 6 4 
764862225 764862225 572746149 572746149 1024 65535 1024 65535 6 6 3 
265757226 265757226 19658912 19658912 1024 65535 1024 65535 6 6 0 
181494409 181494409 1411443083 1411443083 1024 65535 1024 65535 6 6 2 
127027660 127027660 96944305 96944305 1024 65535 1024 65535 6 6 1 
72396906 72396906 72396926 72396926 1024 65535 1024 65535 6 6 2 
64885730 64885730 64886648 64886648 1024 65535 1024 65535 6 6 4 
41464229 41464229 1471357885 1471357885 1024 65535 1024 65535 6 6 4 
23087124 23087124 23088190 23088190 1024 65535 1024 65535 6 6 0 
31022835 31022835 65639722 65639722 1024 65535 1024 65535 6 6 3 
456311942 456311942 456311961 456311961 1024 65535 1024 65535 6 6 1 
424560308 424560308 424559114 424559114 1024 65535 1024 65535 6 6 0 
408207388 408207388 1476183278 1476183278 1024 65535 1024 65535 6 6 2 
529603404 529603404 1462892096 1462892096 1024 65535 1024 65535 6 6 1 
526827859 526827859 1462269617 1462269617 1024 65535 1024 65535 6 6 3 
524856103 524856103 490787338 490787338 1024 65535 1024 65535 6 6 0 
507776036 507776036 1462086734 1462086734 1024 65535 1024 65535 6 6 4 
519912440 519912440 494651075 494651075 1024 65535 1024 65535 6 6 4 
494815346 494815346 1460705632 1460705632 1024 65535 1024 65535 6 6 2 
323956710 323956710 323955146 323955146 1024 65535 1024 65535 6 6 2 
277257933 277257933 307454030 307454030 1024 65535 1024 65535 6 6 2 
349211166 349211166 380247125 380247125 1024 65535 1024 65535 6 6 4 
1448628797 1448628797 1448629285 1448629285 1024 65535 1024 65535 6 6 0 
1445663157 1445663157 1478645548 1478645548 1024 65535 1024 65535 6 6 0 
1436428579 1436428579 319534051 319534051 1024 65535 1024 65535 6 6 0 
1366861639 1366861639 1389623924 1389623924 1024 65535 1024 65535 6 6 4 
1372319279 1372319279 1372318250 1372318250 1024 65535 1024 65535 6 6 0 
1404604773 1404604773 321443320 321443320 1024 65535 1024 65535 6 6 2 
1400324060 1400324060 1477102440 1477102440 1024 65535 1024 65535 6 6 3 
1383994491 1383994491 1383994330 1383994330 1024 65535 1024 65535 6 6 4 
1392017675 1392017675 1392018945 1392018945 1024 65535 1024 65535 6 6 0 
1602780505 1602780505 1451022424 1451022424 1024 65535 1024 65535 6 6 1 
1550035208 1550035208 1587102801 1587102801 1024 65535 1024 65535 6 6 1 
1553968182 1553968182 1448315561 1448315561 1024 65535 1024 65535 6 6 4 
1488946535 1488946535 1453398566 1453398566 1024 65535 1024 65535 6 6 2 
1507434988 1507434988 1529102040 1529102040 1024 65535 1024 65535 6 6 2 
1299522811 1299522811 1299523573 1299523573 1024 65535 1024 65535 6 6 0 
1228168479 1228168479 1228167904 1228167904 1024 65535 1024 65535 6 6 2 
1265201588 1265201588 1265202752 1265202752 1024 65535 1024 65535 6 6 4 
1094065122 1094065122 338700098 338700098 1024 65535 1024 65535 6 6 4 
1099464745 1099464745 1099466450 1099466450 1024 65535 1024 65535 6 6 2 
1139601032 1139601032 1139600325 1139600325 1024 65535 1024 65535 6 6 3 
1129409876 1129409876 1102165871 1102165871 1024 65535 1024 65535 6 6 4 
1178161256 1178161256 1211371367 1211371367 1024 65535 1024 65535 6 6 2 
2027331759 2027331759 2027333322 2027333322 1024 65535 1024 65535 6 6 1 
2023924807 2023924807 344864962 344864962 1024 65535 1024 65535 6 6 4 
2114677599 2114677599 1976395611 1976395611 1024 65535 1024 65535 6 6 4 
2134044217 2134044217 2134042662 2134042662 1024 65535 1024 65535 6 6 3 
2140974789 2140974789 352828087 352828087 1024 65535 1024 65535 6 6 1 
1895114119 1895114119 361517210 361517210 1024 65535 1024 65535 6 6 0 
1880623894 1880623894 365937491 365937491 1024 65535 1024 65535 6 6 3 
1740923503 1740923503 1814471250 1814471250 1024 65535 1024 65535 6 6 2 
3911159774 3911159774 3845579221 3845579221 1024 65535 1024 65535 17 17 2 
3900335808 3900335808 3959205702 3959205702 1024 65535 1024 65535 17 17 1 
3817500257 3817500257 3817499244 3817499244 1024 65535 1024 65535 17 17 2 
4291205303 4291205303 4246868324 4246868324 1024 65535 1024 65535 17 17 4 
4283013128 4283013128 4283014543 4283014543 1024 65535 1024 65535 17 17 2 
4259172607 4259172607 2638102612 2638102612 1024 65535 1024 65535 17 17 3 
4246421443 4246421443 4246420126 4246420126 1024 65535 1024 65535 17 17 1 
4238090867 4238090867 4055130841 4055130841 1024 65535 1024 65535 17 17 3 
4197826470 4197826470 4058844532 4058844532 1024 65535 1024 65535 17 17 4 
4181293476 4181293476 2627187896 2627187896 1024 65535 1024 65535 17 17 3 
4117100656 4117100656 4117100654 4117100654 1024 65535 1024 65535 17 17 4 
4133658074 4133658074 4124294865 4124294865 1024 65535 1024 65535 17 17 4 
4080917525 4080917525 4196378092 4196378092 1024 65535 1024 65535 17 17 1 
4071312624 4071312624 4071311979 4071311979 1024 65535 1024 65535 17 17 3 
4060019335 4060019335 4060020495 4060020495 1024 65535 1024 65535 17 17 3 
4045440599 4045440599 4195444672 4195444672 1024 65535 1024 65535 17 17 4 
4044168860 4044168860 2618307444 2618307444 1024 65535 1024 65535 17 17 2 
3688511130 3688511130 3688509814 3688509814 1024 65535 1024 65535 17 17 0 
3652642969 3652642969 3675291824 3675291824 1024 65535 1024 65535 17 17 0 
3734719279 3734719279 3734718555 3734718555 1024 65535 1024 65535 17 17 2 
3611304971 3611304971 3611303963 3611303963 1024 65535 1024 65535 17 17 4 
3612863653 3612863653 3612863676 3612863676 1024 65535 1024 65535 17 17 0 
3609435049 3609435049 2678146580 2678146580 1024 65535 1024 65535 17 17 2 
3578705145 3578705145 3712637170 3712637170 1024 65535 1024 65535 17 17 1 
3515114259 3515114259 3515113913 3515113913 1024 65535 1024 65535 17 17 0 
3528896523 3528896523 3528897633 3528897633 1024 65535 1024 65535 6 6 0 
3318003770 3318003770 2667784191 2667784191 1024 65535 1024 65535 17 17 2 
3268284843 3268284843 2665147594 2665147594 1024 65535 1024 65535 17 17 2 
3441857466 3441857466 3441857732 3441857732 1024 65535 1024 65535 17 17 0 
3008795071 3008795071 2979243145 2979243145 1024 65535 1024 65535 17 17 1 
3209493689 3209493689 3209492593 3209492593 1024 65535 1024 65535 17 17 1 
3207021758 3207021758 4280688430 4280688430 1024 65535 1024 65535 17 17 2 
3117747167 3117747167 3008931594 3008931594 1024 65535 1024 65535 17 17 0 
2705099603 2705099603 2705099595 2705099595 1024 65535 1024 65535 17 17 0 
2949358584 2949358584 4166849545 4166849545 1024 65535 1024 65535 17 17 2 
2602253294 2602253294 2565183383 2565183383 1024 65535 1024 65535 17 17 1 
2670112053 2670112053 2670111261 2670111261 1024 65535 1024 65535 17 17 0 
2184375231 2184375231 2358982767 2358982767 1024 65535 1024 65535 17 17 2 
2265849637 2265849637 4223157554 4223157554 1024 65535 1024 65535 17 17 0 
2414345427 2414345427 2364533904 2364533904 1024 65535 1024 65535 17 17 3 
2386289407 2386289407 2386290554 2386290554 1024 65535 1024 65535 17 17 1 
960414941 960414941 960414447 960414447 1024 65535 1024 65535 17 17 2 
1000885653 1000885653 953299127 953299127 1024 65535 1024 65535 17 17 1 
1061506135 1061506135 1061506126 1061506126 1024 65535 1024 65535 17 17 1 
916157276 916157276 901934857 901934857 1024 65535 1024 65535 17 17 3 
830880485 830880485 830881070 830881070 1024 65535 1024 65535 17 17 4 
548603188 548603188 575353267 575353267 1024 65535 1024 65535 17 17 3 
745400229 745400229 745400249 745400249 1024 65535 1024 65535 6 6 1 
706895994 706895994 706895983 706895983 1024 65535 1024 65535 17 17 1 
686367092 686367092 576570620 576570620 1024 65535 1024 65535 17 17 2 
263673734 263673734 1409422696 1409422696 1024 65535 1024 65535 6 6 4 
75949573 75949573 75948825 75948825 1024 65535 1024 65535 17 17 1 
71694427 71694427 107086553 107086553 1024 65535 1024 65535 17 17 4 
449595396 449595396 371204437 371204437 1024 65535 1024 65535 17 17 3 
511709813 511709813 494398975 494398975 1024 65535 1024 65535 17 17 3 
289571953 289571953 1467273957 1467273957 1024 65535 1024 65535 17 17 2 
301725351 301725351 1467536427 1467536427 1024 65535 1024 65535 17 17 2 
1455835756 1455835756 1455836675 1455836675 1024 65535 1024 65535 17 17 2 
1423452197 1423452197 1423452215 1423452215 1024 65535 1024 65535 17 17 1 
1411188921 1411188921 1458592489 1458592489 1024 65535 1024 65535 17 17 0 
1601623067 1601623067 326705808 326705808 1024 65535 1024 65535 17 17 2 
1080456338 1080456338 1214797376 1214797376 1024 65535 1024 65535 17 17 4 
1172799273 1172799273 350443994 350443994 1024 65535 1024 65535 17 17 1 
1154250443 1154250443 351720256 351720256 1024 65535 1024 65535 17 17 0 
2119913300 2119913300 355695474 355695474 1024 65535 1024 65535 17 17 1 
2124181128 2124181128 2124181150 2124181150 1024 65535 1024 65535 17 17 3 
1998010754 1998010754 359605231 359605231 1024 65535 1024 65535 17 17 2 
1683115825 1683115825 1814973388 1814973388 1024 65535 1024 65535 17 17 4 
1634529409 1634529409 1634530670 1634530670 1024 65535 1024 65535 17 17 1 
1659714670 1659714670 1635208999 1635208999 1024 65535 1024 65535 17 17 1 
1825441456 1825441456 370472912 370472912 1024 65535 1024 65535 17 17 0 
1814805092 1814805092 372032381 372032381 1024 65535 1024 65535 17 17 3 
1820193291 1820193291 1820194751 1820194751 1024 65535 1024 65535 17 17 1 
0 4294967295 3086626931 3086626931 67 67 80 80 17 17 1 
0 4294967295 3075189687 3075189687 123 123 53 53 17 17 2 
0 4294967295 3071807059 3071807059 123 123 80 80 17 17 4 
0 4294967295 3020027566 3020027566 67 67 123 123 17 17 2 
0 4294967295 2953824319 2953824319 7648 7648 80 80 17 17 4 
0 4294967295 3102079469 3102079469 53 53 53 53 17 17 2 
0 4294967295 3217382046 3217382046 53 53 80 80 17 17 0 
0 4294967295 2862874108 2862874108 161 161 443 443 17 17 1 
0 4294967295 2867752736 2867752736 53 53 25 25 17 17 3 
0 4294967295 2924526442 2924526442 750 750 879 879 17 17 4 
0 4294967295 2733581672 2733581672 123 123 25 25 17 17 1 
0 4294967295 2220795243 2220795243 123 123 22 22 17 17 1 
0 4294967295 2242483139 2242483139 69 69 754 754 17 17 2 
0 4294967295 2294258764 2294258764 123 123 754 754 17 17 2 
0 4294967295 2475047905 2475047905 123 123 53 53 17 17 4 
0 4294967295 2582388592 2582388592 750 750 22 22 17 17 2 
0 4294967295 3264114066 3264114066 53 53 544 544 17 17 3 
0 4294967295 3382038144 3382038144 750 750 67 67 17 17 3 
0 4294967295 3427117854 3427117854 750 750 80 80 17 17 2 
0 4294967295 3709942700 3709942700 123 123 22 22 17 17 3 
0 4294967295 3595976666 3595976666 123 123 22 22 17 17 1 
0 4294967295 3613456183 3613456183 69 69 80 80 17 17 2 
0 4294967295 3580628033 3580628033 123 123 25 25 17 17 0 
0 4294967295 4011356054 4011356054 750 750 22 22 17 17 1 
0 4294967295 3785020984 3785020984 123 123 22 22 17 17 3 
0 4294967295 3834572607 3834572607 750 750 22 22 17 17 1 
0 4294967295 3850466595 3850466595 7648 7648 7648 7648 17 17 2 
0 4294967295 4135139241 4135139241 123 123 25 25 17 17 0 
0 4294967295 4082961488 4082961488 750 750 2105 2105 17 17 0 
0 4294967295 4069753067 4069753067 7648 7648 80 80 17 17 0 
0 4294967295 4271520286 4271520286 67 67 25 25 17 17 1 
0 4294967295 4273352279 4273352279 161 161 53 53 17 17 0 
0 4294967295 2051415884 2051415884 123 123 22 22 17 17 3 
0 4294967295 2023441364 2023441364 123 123 22 22 17 17 0 
0 4294967295 2091300023 2091300023 53 53 25 25 17 17 4 
0 4294967295 1883157000 1883157000 53 53 80 80 17 17 0 
0 4294967295 1802768562 1802768562 69 69 8080 8080 17 17 3 
0 4294967295 1854593621 1854593621 69 69 53 53 17 17 0 
0 4294967295 1828775148 1828775148 123 123 22 22 17 17 1 
0 4294967295 1641969728 1641969728 7648 7648 22 22 17 17 4 
0 4294967295 1649786891 1649786891 161 161 24032 24032 17 17 1 
0 4294967295 1725909249 1725909249 53 53 25 25 17 17 4 
0 4294967295 1693188328 1693188328 53 53 5999 5999 17 17 0 
0 4294967295 1207749292 1207749292 53 53 67 67 17 17 2 
0 4294967295 1327441526 1327441526 88 88 88 88 17 17 2 
0 4294967295 1308894084 1308894084 69 69 69 69 17 17 3 
0 4294967295 1244446418 1244446418 53 53 22 22 17 17 0 
0 4294967295 1249087020 1249087020 161 161 110 110 17 17 0 
0 4294967295 1222412652 1222412652 53 53 22 22 17 17 3 
0 4294967295 1564838229 1564838229 123 123 123 123 17 17 3 
0 4294967295 1591652559 1591652559 53 53 2105 2105 17 17 3 
0 4294967295 632990168 632990168 123 123 2105 2105 17 17 4 
0 4294967295 607451251 607451251 53 53 754 754 17 17 2 
0 4294967295 619766484 619766484 161 161 123 123 17 17 2 
0 4294967295 648351769 648351769 123 123 754 754 17 17 3 
0 4294967295 589755300 589755300 123 123 22 22 17 17 2 
0 4294967295 766232629 766232629 161 161 53 53 17 17 2 
0 4294967295 738264539 738264539 750 750 113 113 17 17 2 
0 4294967295 671963803 671963803 750 750 80 80 17 17 1 
0 4294967295 721717802 721717802 53 53 69 69 17 17 4 
0 4294967295 734651735 734651735 24032 24032 7648 7648 17 17 4 
0 4294967295 990414355 990414355 750 750 2055 2055 17 17 3 
0 4294967295 971859634 971859634 53 53 25 25 17 17 1 
0 4294967295 1044738076 1044738076 161 161 53 53 17 17 0 
0 4294967295 876306034 876306034 123 123 80 80 17 17 4 
0 4294967295 889120279 889120279 67 67 123 123 17 17 0 
0 4294967295 932346884 932346884 69 69 873 873 17 17 0 
0 4294967295 103629078 103629078 24032 24032 21 21 17 17 4 
0 4294967295 70764943 70764943 123 123 443 443 17 17 3 
0 4294967295 505301459 505301459 161 161 69 69 17 17 1 
0 4294967295 287784145 287784145 67 67 67 67 17 17 0 
3920092248 3920092248 0 4294967295 123 123 25 25 17 17 1 
4195912653 4195912653 0 4294967295 53 53 25 25 17 17 3 
4173186863 4173186863 0 4294967295 53 53 22 22 17 17 2 
3737734219 3737734219 0 4294967295 24032 24032 22 22 17 17 0 
3560473958 3560473958 0 4294967295 123 123 2105 2105 17 17 3 
3497874404 3497874404 0 4294967295 161 161 24032 24032 17 17 2 
3349119092 3349119092 0 4294967295 7648 7648 754 754 17 17 3 
3442868889 3442868889 0 4294967295 162 162 123 123 17 17 1 
3436236640 3436236640 0 4294967295 750 750 21 21 17 17 3 
3468349326 3468349326 0 4294967295 53 53 53 53 17 17 3 
3043589762 3043589762 0 4294967295 53 53 80 80 17 17 4 
3161066560 3161066560 0 4294967295 161 161 2105 2105 17 17 4 
2792652103 2792652103 0 4294967295 123 123 21 21 17 17 0 
2809115333 2809115333 0 4294967295 123 123 123 123 17 17 0 
2700913854 2700913854 0 4294967295 123 123 80 80 17 17 2 
2840617455 2840617455 0 4294967295 53 53 22 22 17 17 1 
2830557026 2830557026 0 4294967295 123 123 754 754 17 17 1 
2879596780 2879596780 0 4294967295 69 69 80 80 17 17 1 
2940290893 2940290893 0 4294967295 123 123 80 80 17 17 0 
2552906950 2552906950 0 4294967295 123 123 25 25 17 17 2 
2623489626 2623489626 0 4294967295 53 53 53 53 17 17 2 
2647100148 2647100148 0 4294967295 53 53 22 22 17 17 3 
2197110706 2197110706 0 4294967295 123 123 750 750 17 17 4 
2169014988 2169014988 0 4294967295 750 750 138 138 17 17 0 
2253795570 2253795570 0 4294967295 88 88 21 21 17 17 0 
2255844900 2255844900 0 4294967295 750 750 53 53 17 17 4 
2270892078 2270892078 0 4294967295 123 123 25 25 17 17 1 
965929745 965929745 0 4294967295 53 53 24032 24032 17 17 4 
924226077 924226077 0 4294967295 123 123 123 123 17 17 2 
840050274 840050274 0 4294967295 88 88 25 25 17 17 0 
620812461 620812461 0 4294967295 123 123 2105 2105 17 17 0 
608467964 608467964 0 4294967295 53 53 871 871 17 17 3 
639812510 639812510 0 4294967295 7648 7648 2105 2105 17 17 0 
678121839 678121839 0 4294967295 7648 7648 123 123 17 17 1 
391002000 391002000 0 4294967295 123 123 22 22 17 17 4 
1438343855 1438343855 0 4294967295 7648 7648 80 80 17 17 4 
1282916564 1282916564 0 4294967295 123 123 123 123 17 17 1 
1186474748 1186474748 0 4294967295 88 88 123 123 17 17 4 
2018238193 2018238193 0 4294967295 750 750 53 53 17 17 3 
2132347497 2132347497 0 4294967295 24032 24032 123 123 17 17 3 
2086205295 2086205295 0 4294967295 53 53 5999 5999 17 17 2 
1947931713 1947931713 0 4294967295 123 123 443 443 17 17 4 
1939692599 1939692599 0 4294967295 123 123 22 22 17 17 4 
1915793320 1915793320 0 4294967295 750 750 22 22 17 17 2 
1731810317 1731810317 0 4294967295 123 123 88 88 17 17 1 
1744241311 1744241311 0 4294967295 162 162 80 80 17 17 3 
1809471204 1809471204 0 4294967295 123 123 25 25 17 17 2 
1859665630 1859665630 0 4294967295 7648 7648 37 37 17 17 1 
1815678281 1815678281 0 4294967295 53 53 21 21 17 17 4 
3790947648 3790947711 3823740928 3823742975 0 65535 25 25 6 6 0 
3779503360 3779503423 2643865600 2643867647 0 65535 25 25 6 6 0 
4238625344 4238625407 4283619328 4283621375 0 65535 123 123 6 6 4 
4056227776 4056227839 4056225792 4056227839 0 65535 25 25 6 6 2 
3629244992 3629245055 3629244416 3629246463 0 65535 7648 7648 6 6 1 
3379024128 3379024191 2659385344 2659387391 0 65535 8080 8080 6 6 2 
3069992320 3069992383 3028191232 3028193279 0 65535 750 750 6 6 1 
2699954816 2699954879 4189026304 4189028351 0 65535 53 53 6 6 1 
2911918144 2911918207 2804043776 2804045823 0 65535 80 80 6 6 3 
2558530304 2558530367 2558529536 2558531583 0 65535 23 23 6 6 4 
2157232128 2157232191 4226766848 4226768895 0 65535 80 80 6 6 0 
2148726592 2148726655 4226867200 4226869247 0 65535 80 80 6 6 0 
2411691136 2411691199 2411689984 2411692031 0 65535 53 53 6 6 1 
994601344 994601407 1361547264 1361549311 0 65535 67 67 6 6 0 
979253824 979253887 1359650816 1359652863 0 65535 23 23 6 6 4 
929793600 929793663 929792000 929794047 0 65535 22 22 6 6 3 
167252224 167252287 167251968 167254015 0 65535 443 443 6 6 0 
283659008 283659071 1464770560 1464772607 0 65535 5999 5999 6 6 1 
295871040 295871103 310056960 310059007 0 65535 179 179 6 6 0 
347031040 347031103 1446352896 1446354943 0 65535 25 25 6 6 3 
367785216 367785279 367783936 367785983 0 65535 21 21 6 6 1 
1465032704 1465032767 330119168 330121215 0 65535 53 53 6 6 1 
1466327296 1466327359 1466327040 1466329087 0 65535 21 21 6 6 2 
1473348352 1473348415 328730624 328732671 0 65535 53 53 6 6 1 
1421185856 1421185919 1421185024 1421187071 0 65535 22 22 6 6 1 
1267634048 1267634111 1267632128 1267634175 0 65535 162 162 6 6 0 
1111544896 1111544959 1111543808 1111545855 0 65535 22 22 6 6 4 
1187751488 1187751551 343328768 343330815 0 65535 25 25 6 6 1 
2083201472 2083201535 2083201024 2083203071 0 65535 53 53 6 6 2 
1905178368 1905178431 399912960 399915007 0 65535 80 80 6 6 2 
3972398400 3972398463 3994779648 3994781695 0 65535 22 22 17 17 1 
3958211392 3958211455 3958210560 3958212607 0 65535 5999 5999 17 17 2 
3825139520 3825139583 3825137664 3825139711 0 65535 80 80 17 17 4 
3794876544 3794876607 3794876416 3794878463 0 65535 22 22 17 17 3 
2711871104 2711871167 4189075456 4189077503 0 65535 123 123 17 17 3 
2824304256 2824304319 2856044544 2856046591 0 65535 67 67 17 17 1 
2181768384 2181768447 2358757376 2358759423 0 65535 53 53 17 17 1 
2258244032 2258244095 2258243584 2258245631 0 65535 80 80 17 17 0 
1579713728 1579713791 1579712512 1579714559 0 65535 80 80 17 17 1 
1923811520 1923811583 1900328960 1900331007 0 65535 7649 7649 17 17 3 
3986106276 3986106279 3986104829 3986104829 0 65535 0 65535 1 1 1 
3773592400 3773592403 2642684026 2642684026 0 65535 0 65535 6 6 2 
3813725800 3813725803 3781994000 3781994000 0 65535 0 65535 6 6 4 
3873119072 3873119075 3910800646 3910800646 0 65535 0 65535 6 6 3 
3872321648 3872321651 2641989968 2641989968 0 65535 0 65535 6 6 4 
3843136932 3843136935 3843137221 3843137221 0 65535 0 65535 6 6 4 
4217656616 4217656619 4170350585 4170350585 0 65535 0 65535 6 6 2 
4168019828 4168019831 4198528547 4198528547 0 65535 0 65535 1 1 1 
4192490436 4192490439 4192491510 4192491510 0 65535 0 65535 6 6 3 
4155221084 4155221087 2628681007 2628681007 0 65535 0 65535 6 6 2 
3751980424 3751980427 2680103408 2680103408 0 65535 0 65535 6 6 2 
3600368728 3600368731 3566671415 3566671415 0 65535 0 65535 1 1 1 
3599278664 3599278667 3567068313 3567068313 0 65535 0 65535 6 6 0 
3572880756 3572880759 3622183340 3622183340 0 65535 0 65535 6 6 4 
3525500852 3525500855 2675949849 2675949849 0 65535 0 65535 6 6 1 
3282829920 3282829923 3439930547 3439930547 0 65535 0 65535 6 6 0 
3451519316 3451519319 3451519306 3451519306 0 65535 0 65535 6 6 2 
3431236864 3431236867 3462128323 3462128323 0 65535 0 65535 6 6 4 
2994918404 2994918407 2994917530 2994917530 0 65535 0 65535 6 6 4 
2992941384 2992941387 2992941837 2992941837 0 65535 0 65535 1 1 4 
3217105664 3217105667 3168493444 3168493444 0 65535 0 65535 6 6 2 
3093203432 3093203435 4184979092 4184979092 0 65535 0 65535 6 6 4 
2753878532 2753878535 4181784737 4181784737 0 65535 0 65535 6 6 2 
2811819136 2811819139 2811818680 2811818680 0 65535 0 65535 6 6 0 
2746223404 2746223407 2746224192 2746224192 0 65535 0 65535 6 6 4 
2821077572 2821077575 4187216200 4187216200 0 65535 0 65535 6 6 3 
2885308968 2885308971 2806937553 2806937553 0 65535 0 65535 6 6 4 
2923239984 2923239987 2923239463 2923239463 0 65535 0 65535 6 6 3 
2901232000 2901232003 2901232019 2901232019 0 65535 0 65535 1 1 3 
2564039436 2564039439 2564038766 2564038766 0 65535 0 65535 1 1 3 
2635415024 2635415027 2635413516 2635413516 0 65535 0 65535 6 6 3 
2149608512 2149608515 4227593500 4227593500 0 65535 0 65535 6 6 1 
2346385528 2346385531 4209422267 4209422267 0 65535 0 65535 6 6 3 
2335978684 2335978687 2335978135 2335978135 0 65535 0 65535 1 1 2 
2351743712 2351743715 4206983009 4206983009 0 65535 0 65535 6 6 4 
980208264 980208267 1365904158 1365904158 0 65535 0 65535 1 1 1 
1026116004 1026116007 936394781 936394781 0 65535 0 65535 6 6 3 
905792812 905792815 905792181 905792181 0 65535 0 65535 1 1 2 
571941644 571941647 557417869 557417869 0 65535 0 65535 1 1 2 
538721644 538721647 1441470387 1441470387 0 65535 0 65535 6 6 0 
545481580 545481583 1438015498 1438015498 0 65535 0 65535 6 6 1 
559788592 559788595 1437078208 1437078208 0 65535 0 65535 6 6 0 
642827644 642827647 642827230 642827230 0 65535 0 65535 6 6 0 
698193784 698193787 698193770 698193770 0 65535 0 65535 6 6 0 
173974752 173974755 1425602066 1425602066 0 65535 0 65535 1 1 3 
37938760 37938763 24689184 24689184 0 65535 0 65535 6 6 4 
39853852 39853855 1470387976 1470387976 0 65535 0 65535 6 6 3 
20613384 20613387 20613403 20613403 0 65535 0 65535 6 6 4 
455453320 455453323 455453110 455453110 0 65535 0 65535 6 6 0 
431691996 431691999 453289632 453289632 0 65535 0 65535 6 6 2 
430542208 430542211 454437259 454437259 0 65535 0 65535 6 6 2 
270040244 270040247 514851929 514851929 0 65535 0 65535 6 6 2 
275394992 275394995 275395999 275395999 0 65535 0 65535 1 1 2 
372265844 372265847 372266779 372266779 0 65535 0 65535 1 1 0 
1452354748 1452354751 1452354524 1452354524 0 65535 0 65535 1 1 2 
1358032036 1358032039 1479641944 1479641944 0 65535 0 65535 6 6 1 
1398404716 1398404719 1398404729 1398404729 0 65535 0 65535 6 6 1 
1381016260 1381016263 1476692837 1476692837 0 65535 0 65535 6 6 1 
1477946016 1477946019 1477946692 1477946692 0 65535 0 65535 6 6 3 
1480211128 1480211131 1454163309 1454163309 0 65535 0 65535 1 1 1 
1280917252 1280917255 1280917274 1280917274 0 65535 0 65535 6 6 4 
1281387160 1281387163 317340999 317340999 0 65535 0 65535 6 6 3 
1286702172 1286702175 1286701907 1286701907 0 65535 0 65535 6 6 0 
1320350560 1320350563 1320350581 1320350581 0 65535 0 65535 6 6 0 
1108638240 1108638243 341025128 341025128 0 65535 0 65535 6 6 4 
2106571996 2106571999 357309858 357309858 0 65535 0 65535 6 6 4 
1995015996 1995015999 1979313546 1979313546 0 65535 0 65535 6 6 3 
1984118696 1984118699 1984117584 1984117584 0 65535 0 65535 1 1 3 
1925493404 1925493407 400621342 400621342 0 65535 0 65535 6 6 1 
1708043984 1708043987 1708042426 1708042426 0 65535 0 65535 6 6 2 
1626657008 1626657011 386881594 386881594 0 65535 0 65535 6 6 2 
1806781332 1806781335 389790311 389790311 0 65535 0 65535 1 1 3 
1786645360 1786645363 390904455 390904455 0 65535 0 65535 6 6 2 
3988453957 3988453957 2648973068 2648973071 0 65535 0 65535 6 6 1 
3936935923 3936935923 2646521544 2646521547 0 65535 0 65535 6 6 3 
3863840134 3863840134 3843682792 3843682795 0 65535 0 65535 6 6 0 
4276846868 4276846868 4276847232 4276847235 0 65535 0 65535 6 6 0 
4215425714 4215425714 4215426348 4215426351 0 65535 0 65535 6 6 4 
4149687550 4149687550 4196586144 4196586147 0 65535 0 65535 6 6 2 
3639385530 3639385530 3639384820 3639384823 0 65535 0 65535 6 6 2 
3613766991 3613766991 3569888160 3569888163 0 65535 0 65535 6 6 2 
3597841411 3597841411 2683408368 2683408371 0 65535 0 65535 6 6 2 
3563529337 3563529337 3563528204 3563528207 0 65535 0 65535 6 6 1 
3565162184 3565162184 3565160460 3565160463 0 65535 0 65535 6 6 3 
3543239567 3543239567 3543239568 3543239571 0 65535 0 65535 6 6 0 
3305779105 3305779105 2669078848 2669078851 0 65535 0 65535 6 6 0 
3226105628 3226105628 3443780520 3443780523 0 65535 0 65535 6 6 2 
3358876725 3358876725 3358876704 3358876707 0 65535 0 65535 6 6 3 
2966022119 2966022119 4289580884 4289580887 0 65535 0 65535 6 6 1 
2953897698 2953897698 4290535944 4290535947 0 65535 0 65535 6 6 2 
3045175000 3045175000 3045173580 3045173583 0 65535 0 65535 6 6 0 
3071762037 3071762037 3170175924 3170175927 0 65535 0 65535 6 6 0 
2772246405 2772246405 4178801404 4178801407 0 65535 0 65535 1 1 0 
2796756355 2796756355 2796755508 2796755511 0 65535 0 65535 6 6 2 
2815899850 2815899850 4180970692 4180970695 0 65535 0 65535 6 6 0 
2731503404 2731503404 2731503416 2731503419 0 65535 0 65535 6 6 2 
2933372218 2933372218 2933371264 2933371267 0 65535 0 65535 6 6 3 
2663172318 2663172318 2663172296 2663172299 0 65535 0 65535 1 1 4 
2667824106 2667824106 2468983932 2468983935 0 65535 0 65535 6 6 3 
2648397493 2648397493 2659127844 2659127847 0 65535 0 65535 1 1 0 
2467913994 2467913994 4177438432 4177438435 0 65535 0 65535 6 6 2 
2500477728 2500477728 4172586636 4172586639 0 65535 0 65535 1 1 1 
2494881580 2494881580 4215219476 4215219479 0 65535 0 65535 6 6 2 
2522438505 2522438505 4219069712 4219069715 0 65535 0 65535 1 1 3 
2259125258 2259125258 2236086964 2236086967 0 65535 0 65535 6 6 4 
2343711748 2343711748 4209711868 4209711871 0 65535 0 65535 6 6 1 
2299079169 2299079169 2299080124 2299080127 0 65535 0 65535 1 1 3 
2372083804 2372083804 2372084832 2372084835 0 65535 0 65535 6 6 4 
963199892 963199892 963201020 963201023 0 65535 0 65535 6 6 4 
920267648 920267648 902527156 902527159 0 65535 0 65535 6 6 2 
874089616 874089616 937728268 937728271 0 65535 0 65535 6 6 3 
847099330 847099330 1062277624 1062277627 0 65535 0 65535 6 6 0 
866817048 866817048 1374500624 1374500627 0 65535 0 65535 6 6 2 
763559907 763559907 1429077024 1429077027 0 65535 0 65535 6 6 3 
754342846 754342846 754342816 754342819 0 65535 0 65535 6 6 4 
725048190 725048190 573141420 573141423 0 65535 0 65535 6 6 0 
674773252 674773252 1416546324 1416546327 0 65535 0 65535 6 6 3 
143392281 143392281 1422306416 1422306419 0 65535 0 65535 6 6 1 
108728772 108728772 151036384 151036387 0 65535 0 65535 6 6 3 
86422409 86422409 86423232 86423235 0 65535 0 65535 6 6 4 
97975352 97975352 97975244 97975247 0 65535 0 65535 6 6 0 
61552902 61552902 22021768 22021771 0 65535 0 65535 1 1 1 
15508729 15508729 157035764 157035767 0 65535 0 65535 6 6 1 
291090262 291090262 1465673380 1465673383 0 65535 0 65535 6 6 4 
365163531 365163531 1444981960 1444981963 0 65535 0 65535 6 6 3 
361855971 361855971 361856808 361856811 0 65535 0 65535 1 1 3 
1382857938 1382857938 1373074224 1373074227 0 65535 0 65535 6 6 1 
1594776497 1594776497 326545668 326545671 0 65535 0 65535 6 6 3 
1578212719 1578212719 1555944764 1555944767 0 65535 0 65535 6 6 2 
1490758727 1490758727 311299200 311299203 0 65535 0 65535 6 6 3 
1298550541 1298550541 314389864 314389867 0 65535 0 65535 6 6 1 
1263197150 1263197150 303327852 303327855 0 65535 0 65535 6 6 2 
1258062275 1258062275 305886764 305886767 0 65535 0 65535 1 1 0 
1181029626 1181029626 1181028828 1181028831 0 65535 0 65535 6 6 1 
2071253099 2071253099 1972730888 1972730891 0 65535 0 65535 6 6 1 
2059997729 2059997729 346363736 346363739 0 65535 0 65535 1 1 1 
2145639180 2145639180 353706340 353706343 0 65535 0 65535 6 6 4 
2005646724 2005646724 2107226220 2107226223 0 65535 0 65535 1 1 2 
1714745601 1714745601 1714746948 1714746951 0 65535 0 65535 6 6 4 
1704607314 1704607314 1704606656 1704606659 0 65535 0 65535 1 1 2 
1640942606 1640942606 387092772 387092775 0 65535 0 65535 6 6 3 
1753991050 1753991050 1753989184 1753989187 0 65535 0 65535 6 6 0 
1747920756 1747920756 1747920332 1747920335 0 65535 0 65535 6 6 3 
1832949136 1832949136 369432740 369432743 0 65535 0 65535 6 6 2 
3997155788 3997155791 3997156233 3997156233 0 65535 0 65535 47 47 0 
3935569024 3935569027 3914092965 3914092965 0 65535 0 65535 47 47 4 
3797730512 3797730515 3781454340 3781454340 0 65535 0 65535 47 47 2 
3882936220 3882936223 3882934565 3882934565 0 65535 0 65535 47 47 3 
3838687780 3838687783 3910624575 3910624575 0 65535 0 65535 47 47 2 
4172022164 4172022167 4172022860 4172022860 0 65535 0 65535 1 1 1 
4093932168 4093932171 4197670836 4197670836 0 65535 0 65535 47 47 3 
3680800616 3680800619 3573088006 3573088006 0 65535 0 65535 47 47 0 
3362164964 3362164967 3362166435 3362166435 0 65535 0 65535 1 1 2 
2961498480 2961498483 3165031628 3165031628 0 65535 0 65535 47 47 2 
2971648360 2971648363 2971648373 2971648373 0 65535 0 65535 47 47 1 
3039657552 3039657555 3163059365 3163059365 0 65535 0 65535 1 1 0 
3054959900 3054959903 3054959875 3054959875 0 65535 0 65535 47 47 4 
3055918316 3055918319 4292367367 4292367367 0 65535 0 65535 47 47 1 
2708270064 2708270067 4189611972 4189611972 0 65535 0 65535 47 47 0 
2459890260 2459890263 2443002677 2443002677 0 65535 0 65535 47 47 3 
2241130064 2241130067 4224022188 4224022188 0 65535 0 65535 47 47 2 
2227345424 2227345427 4221314316 4221314316 0 65535 0 65535 47 47 4 
2249322524 2249322527 2239704223 2239704223 0 65535 0 65535 47 47 4 
2337208948 2337208951 4210499157 4210499157 0 65535 0 65535 47 47 4 
2366448588 2366448591 2366449395 2366449395 0 65535 0 65535 47 47 2 
655913396 655913399 1434177441 1434177441 0 65535 0 65535 47 47 0 
708562384 708562387 1415538401 1415538401 0 65535 0 65535 47 47 0 
233590016 233590019 233589016 233589016 0 65535 0 65535 47 47 2 
57781004 57781007 156737772 156737772 0 65535 0 65535 47 47 0 
406426280 406426283 1463466484 1463466484 0 65535 0 65535 47 47 1 
517223828 517223831 381927763 381927763 0 65535 0 65535 47 47 2 
308469268 308469271 308469248 308469248 0 65535 0 65535 47 47 2 
337061940 337061943 378798291 378798291 0 65535 0 65535 47 47 4 
346010900 346010903 346011169 346011169 0 65535 0 65535 47 47 3 
1359820060 1359820063 1390982848 1390982848 0 65535 0 65535 47 47 4 
1588971468 1588971471 1588971474 1588971474 0 65535 0 65535 47 47 4 
1288744536 1288744539 317096142 317096142 0 65535 0 65535 47 47 0 
1328615196 1328615199 1328615175 1328615175 0 65535 0 65535 6 6 2 
1215472328 1215472331 1215472720 1215472720 0 65535 0 65535 47 47 4 
1248778624 1248778627 305214223 305214223 0 65535 0 65535 47 47 2 
2033384324 2033384327 2033385303 2033385303 0 65535 0 65535 47 47 3 
2113017764 2113017767 2132855931 2132855931 0 65535 0 65535 47 47 3 
2003668592 2003668595 2003667323 2003667323 0 65535 0 65535 47 47 4 
1961921392 1961921395 362818934 362818934 0 65535 0 65535 47 47 2 
1901817428 1901817431 1901816628 1901816628 0 65535 0 65535 47 47 0 
1613944068 1613944071 1656247401 1656247401 0 65535 0 65535 47 47 0 
1811924336 1811924339 388740645 388740645 0 65535 0 65535 47 47 0 
1750518188 1750518191 375673657 375673657 0 65535 0 65535 47 47 0 
1848224068 1848224071 1848224093 1848224093 0 65535 0 65535 47 47 3 
3914875144 3914875144 3958683428 3958683431 0 65535 0 65535 1 1 3 
3860469118 3860469118 3848647008 3848647011 0 65535 0 65535 47 47 0 
3852351830 3852351830 3852352880 3852352883 0 65535 0 65535 47 47 1 
4265678253 4265678253 4247768844 4247768847 0 65535 0 65535 47 47 0 
4210567156 4210567156 4058314172 4058314175 0 65535 0 65535 47 47 2 
4102932893 4102932893 4102933572 4102933575 0 65535 0 65535 47 47 3 
4039214590 4039214590 4039214572 4039214575 0 65535 0 65535 47 47 4 
3715678143 3715678143 3715677156 3715677159 0 65535 0 65535 47 47 2 
3610932381 3610932381 3569328808 3569328811 0 65535 0 65535 47 47 3 
3346449888 3346449888 2664222412 2664222415 0 65535 0 65535 1 1 4 
3251114176 3251114176 3251116024 3251116027 0 65535 0 65535 47 47 3 
3376269096 3376269096 3376269108 3376269111 0 65535 0 65535 1 1 0 
3437405433 3437405433 3437404988 3437404991 0 65535 0 65535 1 1 0 
2981008636 2981008636 2981008328 2981008331 0 65535 0 65535 47 47 0 
3171192766 3171192766 4280840392 4280840395 0 65535 0 65535 47 47 0 
2774956286 2774956286 2774956256 2774956259 0 65535 0 65535 1 1 0 
2803752563 2803752563 2803751272 2803751275 0 65535 0 65535 1 1 3 
2557056977 2557056977 2605702096 2605702099 0 65535 0 65535 47 47 0 
2579792373 2579792373 4167813196 4167813199 0 65535 0 65535 47 47 0 
2607329023 2607329023 2607328232 2607328235 0 65535 0 65535 1 1 2 
2656260019 2656260019 2656258216 2656258219 0 65535 0 65535 6 6 1 
2429345698 2429345698 2474539492 2474539495 0 65535 0 65535 47 47 4 
2545575374 2545575374 2545574508 2545574511 0 65535 0 65535 47 47 0 
2192820758 2192820758 2192821800 2192821803 0 65535 0 65535 1 1 1 
2305140396 2305140396 2305139516 2305139519 0 65535 0 65535 47 47 3 
2412836122 2412836122 2412835260 2412835263 0 65535 0 65535 47 47 2 
1058078883 1058078883 1058079976 1058079979 0 65535 0 65535 47 47 3 
930397517 930397517 1367106848 1367106851 0 65535 0 65535 47 47 3 
836445518 836445518 1062798264 1062798267 0 65535 0 65535 47 47 2 
593676789 593676789 711351348 711351351 0 65535 0 65535 47 47 2 
670252939 670252939 613505488 613505491 0 65535 0 65535 47 47 2 
673698464 673698464 574095232 574095235 0 65535 0 65535 47 47 4 
224394457 224394457 265330248 265330251 0 65535 0 65535 47 47 0 
103342633 103342633 1419339316 1419339319 0 65535 0 65535 47 47 0 
7873996 7873996 7872708 7872711 0 65535 0 65535 47 47 2 
410439130 410439130 410437892 410437895 0 65535 0 65535 47 47 1 
306882929 306882929 306883840 306883843 0 65535 0 65535 1 1 3 
341935997 341935997 341934780 341934783 0 65535 0 65535 1 1 4 
393979506 393979506 393979500 393979503 0 65535 0 65535 47 47 1 
1487486468 1487486468 1529425088 1529425091 0 65535 0 65535 47 47 3 
1530967909 1530967909 1530967924 1530967927 0 65535 0 65535 47 47 4 
1534842505 1534842505 1481681108 1481681111 0 65535 0 65535 47 47 1 
1189388222 1189388222 1189388204 1189388207 0 65535 0 65535 1 1 1 
1695041196 1695041196 1813391328 1813391331 0 65535 0 65535 47 47 4 
1806246886 1806246886 1806247152 1806247155 0 65535 0 65535 47 47 4 
1802078271 1802078271 391316328 391316331 0 65535 0 65535 47 47 3 
1857345724 1857345724 1818610840 1818610843 0 65535 0 65535 47 47 2 
3983591956 3983591956 3993528624 3993528639 0 65535 0 65535 6 6 0 
0 4294967295 0 4294967295 0 65535 0 65535 0 255 4 
