3784012357 3784012357 2644607696 2644607711 0 65535 0 65535 6 6 1 
3865523108 3865523108 2641277088 2641277103 0 65535 0 65535 6 6 0 
3887872833 3887872833 3849764352 3849764367 0 65535 0 65535 6 6 3 
3854731583 3854731583 3880457264 3880457279 0 65535 0 65535 6 6 4 
4222101651 4222101651 4222102784 4222102799 0 65535 0 65535 6 6 0 
4202323790 4202323790 4202322768 4202322783 0 65535 0 65535 6 6 0 
4182764353 4182764353 4201843440 4201843455 0 65535 0 65535 6 6 3 
4152276447 4152276447 4152276704 4152276719 0 65535 0 65535 6 6 1 
4131444899 4131444899 4131446192 4131446207 0 65535 0 65535 6 6 4 
4053953423 4053953423 4053954000 4053954015 0 65535 0 65535 6 6 1 
3748109250 3748109250 3748109584 3748109599 0 65535 0 65535 1 1 1 
3579639381 3579639381 3579638480 3579638495 0 65535 0 65535 6 6 2 
3574631172 3574631172 2682019712 2682019727 0 65535 0 65535 1 1 2 
3293698469 3293698469 3293699920 3293699935 0 65535 0 65535 6 6 3 
3354334577 3354334577 3354333920 3354333935 0 65535 0 65535 6 6 3 
3228091900 3228091900 2663740416 2663740431 0 65535 0 65535 6 6 3 
3263373003 3263373003 3446956608 3446956623 0 65535 0 65535 1 1 0 
3432535245 3432535245 2661841376 2661841391 0 65535 0 65535 6 6 2 
3008221187 3008221187 3008221200 3008221215 0 65535 0 65535 6 6 3 
3188457344 3188457344 4292931536 4292931551 0 65535 0 65535 6 6 2 
3136144648 3136144648 4278719888 4278719903 0 65535 0 65535 1 1 2 
3141396023 3141396023 3141394688 3141394703 0 65535 0 65535 6 6 3 
3110153667 3110153667 3110152656 3110152671 0 65535 0 65535 1 1 0 
2744535723 2744535723 2744535728 2744535743 0 65535 0 65535 6 6 2 
2911058390 2911058390 2921454144 2921454159 0 65535 0 65535 6 6 0 
2553434666 2553434666 2467529904 2467529919 0 65535 0 65535 6 6 4 
2554722601 2554722601 2606533664 2606533679 0 65535 0 65535 6 6 2 
2567124045 2567124045 4168822672 4168822687 0 65535 0 65535 1 1 0 
2600355280 2600355280 4164092768 4164092783 0 65535 0 65535 1 1 3 
2594407382 2594407382 4163341200 4163341215 0 65535 0 65535 1 1 2 
2657699893 2657699893 2657701280 2657701295 0 65535 0 65535 1 1 3 
2653906856 2653906856 2466776208 2466776223 0 65535 0 65535 6 6 0 
2621948003 2621948003 2621948992 2621949007 0 65535 0 65535 6 6 3 
2619830533 2619830533 2619831456 2619831471 0 65535 0 65535 6 6 1 
2457637733 2457637733 4176623920 4176623935 0 65535 0 65535 6 6 2 
2507467313 2507467313 4213759904 4213759919 0 65535 0 65535 1 1 4 
2483346656 2483346656 2483346672 2483346687 0 65535 0 65535 6 6 1 
2208384873 2208384873 2157021680 2157021695 0 65535 0 65535 6 6 0 
2190016411 2190016411 4217117632 4217117647 0 65535 0 65535 6 6 2 
2341972432 2341972432 2341973584 2341973599 0 65535 0 65535 6 6 0 
2302399668 2302399668 2332054448 2332054463 0 65535 0 65535 6 6 0 
2312852070 2312852070 2334834000 2334834015 0 65535 0 65535 1 1 0 
2362113528 2362113528 2362113504 2362113519 0 65535 0 65535 6 6 0 
2352127160 2352127160 2352127872 2352127887 0 65535 0 65535 6 6 1 
2405038461 2405038461 2405038432 2405038447 0 65535 0 65535 6 6 3 
2387192693 2387192693 2363701824 2363701839 0 65535 0 65535 6 6 4 
997317003 997317003 931510352 931510367 0 65535 0 65535 6 6 4 
1032417605 1032417605 1366603904 1366603919 0 65535 0 65535 6 6 1 
827130823 827130823 827130896 827130911 0 65535 0 65535 6 6 1 
868022349 868022349 1439875136 1439875151 0 65535 0 65535 6 6 3 
870487977 870487977 835868816 835868831 0 65535 0 65535 6 6 1 
856174301 856174301 836582416 836582431 0 65535 0 65535 6 6 3 
634026576 634026576 634026272 634026287 0 65535 0 65535 6 6 2 
612513309 612513309 612512672 612512687 0 65535 0 65535 6 6 2 
775505063 775505063 750637952 750637967 0 65535 0 65535 1 1 1 
780005964 780005964 1428117760 1428117775 0 65535 0 65535 6 6 0 
756866315 756866315 1426653792 1426653807 0 65535 0 65535 1 1 3 
684176959 684176959 707953632 707953647 0 65535 0 65535 6 6 2 
695046326 695046326 695046304 695046319 0 65535 0 65535 6 6 3 
160231211 160231211 160230352 160230367 0 65535 0 65535 6 6 2 
153833196 153833196 1424734560 1424734575 0 65535 0 65535 6 6 3 
105101523 105101523 105101504 105101519 0 65535 0 65535 1 1 0 
83527008 83527008 1420243280 1420243295 0 65535 0 65535 1 1 2 
13062976 13062976 1468278208 1468278223 0 65535 0 65535 6 6 3 
446184522 446184522 412189296 412189311 0 65535 0 65535 6 6 3 
411544507 411544507 411545408 411545423 0 65535 0 65535 6 6 3 
514012531 514012531 514013104 514013119 0 65535 0 65535 6 6 1 
496109224 496109224 496107712 496107727 0 65535 0 65535 6 6 0 
358745657 358745657 379842080 379842095 0 65535 0 65535 6 6 3 
1417880819 1417880819 1417881376 1417881391 0 65535 0 65535 6 6 0 
1388615160 1388615160 1373414656 1373414671 0 65535 0 65535 1 1 2 
1504200097 1504200097 1504199408 1504199423 0 65535 0 65535 6 6 2 
1520625839 1520625839 1520626944 1520626959 0 65535 0 65535 6 6 1 
1530154118 1530154118 1530153728 1530153743 0 65535 0 65535 6 6 0 
1314674059 1314674059 1129858976 1129858991 0 65535 0 65535 6 6 4 
1106917202 1106917202 1106915744 1106915759 0 65535 0 65535 6 6 4 
2026626066 2026626066 2026626736 2026626751 0 65535 0 65535 6 6 4 
2119104505 2119104505 2119103424 2119103439 0 65535 0 65535 1 1 0 
2127846317 2127846317 2106530240 2106530255 0 65535 0 65535 6 6 2 
2131700243 2131700243 2131701456 2131701471 0 65535 0 65535 6 6 4 
2000658763 2000658763 2000659680 2000659695 0 65535 0 65535 6 6 4 
2007487962 2007487962 1978891008 1978891023 0 65535 0 65535 6 6 3 
1964891360 1964891360 358626544 358626559 0 65535 0 65535 6 6 2 
1888258949 1888258949 364134240 364134255 0 65535 0 65535 1 1 2 
1937399335 1937399335 1900962256 1900962271 0 65535 0 65535 6 6 3 
1778452161 1778452161 392515248 392515263 0 65535 0 65535 6 6 0 
1764713668 1764713668 1807207264 1807207279 0 65535 0 65535 6 6 1 
1752893940 1752893940 376227056 376227071 0 65535 0 65535 6 6 1 
1854381492 1854381492 375130368 375130383 0 65535 0 65535 1 1 2 
3989221488 3989221503 3995418373 3995418373 0 65535 0 65535 6 6 4 
3952256016 3952256031 3909777170 3909777170 0 65535 0 65535 6 6 0 
3949433328 3949433343 2646055654 2646055654 0 65535 0 65535 6 6 2 
3880820560 3880820575 3880820546 3880820546 0 65535 0 65535 1 1 1 
4279627760 4279627775 4279627753 4279627753 0 65535 0 65535 6 6 0 
4225551936 4225551951 4225550840 4225550840 0 65535 0 65535 6 6 3 
4114694496 4114694511 2626243128 2626243128 0 65535 0 65535 6 6 1 
4086450560 4086450575 2625369201 2625369201 0 65535 0 65535 6 6 1 
4064726976 4064726991 4064725352 4064725352 0 65535 0 65535 6 6 1 
4033343184 4033343199 4033341835 4033341835 0 65535 0 65535 6 6 0 
3665078512 3665078527 3572779618 3572779618 0 65535 0 65535 6 6 2 
3672812832 3672812847 2677429664 2677429664 0 65535 0 65535 6 6 4 
3623457920 3623457935 3623457217 3623457217 0 65535 0 65535 6 6 0 
3591172832 3591172847 2682303527 2682303527 0 65535 0 65535 6 6 0 
3530596656 3530596671 2675166825 2675166825 0 65535 0 65535 1 1 2 
3223017056 3223017071 3262108776 3262108776 0 65535 0 65535 6 6 4 
3366047712 3366047727 3398458856 3398458856 0 65535 0 65535 6 6 3 
3446426944 3446426959 3446426608 3446426608 0 65535 0 65535 6 6 2 
3487192624 3487192639 3487192622 3487192622 0 65535 0 65535 6 6 3 
3470934224 3470934239 3470935182 3470935182 0 65535 0 65535 6 6 4 
3037811424 3037811439 4287436813 4287436813 0 65535 0 65535 6 6 1 
3190104480 3190104495 4281614138 4281614138 0 65535 0 65535 6 6 0 
3156932784 3156932799 3206410909 3206410909 0 65535 0 65535 6 6 2 
3105770064 3105770079 3139577827 3139577827 0 65535 0 65535 6 6 4 
2776569376 2776569391 2805081611 2805081611 0 65535 0 65535 6 6 0 
2816860592 2816860607 2776043119 2776043119 0 65535 0 65535 6 6 4 
2804560096 2804560111 4180260444 4180260444 0 65535 0 65535 6 6 1 
2832640944 2832640959 4193652691 4193652691 0 65535 0 65535 6 6 1 
2594116544 2594116559 2563416639 2563416639 0 65535 0 65535 6 6 2 
2684246032 2684246047 2468703776 2468703776 0 65535 0 65535 6 6 2 
2448682544 2448682559 2652459114 2652459114 0 65535 0 65535 6 6 1 
2435903664 2435903679 4173564558 4173564558 0 65535 0 65535 6 6 4 
2435027536 2435027551 2435027419 2435027419 0 65535 0 65535 6 6 4 
2437770112 2437770127 2471809607 2471809607 0 65535 0 65535 6 6 0 
2473134832 2473134847 2473134829 2473134829 0 65535 0 65535 6 6 2 
2504852224 2504852239 2504853146 2504853146 0 65535 0 65535 6 6 0 
2200543728 2200543743 2200543853 2200543853 0 65535 0 65535 6 6 4 
2273938544 2273938559 2363433566 2363433566 0 65535 0 65535 6 6 4 
2379445200 2379445215 2410545317 2410545317 0 65535 0 65535 6 6 1 
2399475520 2399475535 4205344790 4205344790 0 65535 0 65535 6 6 1 
969444560 969444575 1003228520 1003228520 0 65535 0 65535 6 6 1 
998586064 998586079 1361746861 1361746861 0 65535 0 65535 1 1 3 
989235888 989235903 989237200 989237200 0 65535 0 65535 6 6 3 
906547664 906547679 906547650 906547650 0 65535 0 65535 6 6 1 
835467552 835467567 835468567 835468567 0 65535 0 65535 1 1 0 
850701968 850701983 838231679 838231679 0 65535 0 65535 1 1 3 
566740672 566740687 1435675071 1435675071 0 65535 0 65535 6 6 2 
663528432 663528447 1430784774 1430784774 0 65535 0 65535 6 6 2 
794010576 794010591 747575263 747575263 0 65535 0 65535 6 6 1 
706041264 706041279 706039969 706039969 0 65535 0 65535 6 6 2 
729244800 729244815 1414205953 1414205953 0 65535 0 65535 6 6 3 
692831680 692831695 705268744 705268744 0 65535 0 65535 6 6 4 
227860560 227860575 1410245403 1410245403 0 65535 0 65535 6 6 1 
226670384 226670399 17223112 17223112 0 65535 0 65535 6 6 2 
254709744 254709759 1410839529 1410839529 0 65535 0 65535 6 6 4 
143673712 143673727 176353622 176353622 0 65535 0 65535 6 6 2 
63210992 63211007 154050349 154050349 0 65535 0 65535 6 6 3 
54732480 54732495 1472010339 1472010339 0 65535 0 65535 1 1 4 
46122576 46122591 1470667216 1470667216 0 65535 0 65535 6 6 0 
1113456 1113471 1112195 1112195 0 65535 0 65535 6 6 3 
413782752 413782767 413783445 413783445 0 65535 0 65535 6 6 1 
500186496 500186511 519804378 519804378 0 65535 0 65535 1 1 2 
334854176 334854191 1460033634 1460033634 0 65535 0 65535 6 6 3 
291590896 291590911 291592139 291592139 0 65535 0 65535 6 6 3 
359817024 359817039 359817044 359817044 0 65535 0 65535 1 1 0 
354889392 354889407 1444840823 1444840823 0 65535 0 65535 6 6 3 
370818800 370818815 364954985 364954985 0 65535 0 65535 6 6 1 
374915472 374915487 366319833 366319833 0 65535 0 65535 6 6 1 
1386025248 1386025263 322861571 322861571 0 65535 0 65535 6 6 3 
1545066096 1545066111 1449323054 1449323054 0 65535 0 65535 6 6 1 
1569039840 1569039855 1569040271 1569040271 0 65535 0 65535 1 1 3 
1493890112 1493890127 1453306002 1453306002 0 65535 0 65535 6 6 1 
1336901008 1336901023 1336900993 1336900993 0 65535 0 65535 6 6 0 
1235709088 1235709103 1235708072 1235708072 0 65535 0 65535 6 6 3 
1105876048 1105876063 338508698 338508698 0 65535 0 65535 1 1 4 
1135608960 1135608975 1135607995 1135607995 0 65535 0 65535 6 6 3 
2063672560 2063672575 349125533 349125533 0 65535 0 65535 6 6 1 
2049993376 2049993391 347006393 347006393 0 65535 0 65535 1 1 2 
2120687808 2120687823 356023765 356023765 0 65535 0 65535 6 6 0 
2081346016 2081346031 356999326 356999326 0 65535 0 65535 1 1 2 
2107658000 2107658015 2107656226 2107656226 0 65535 0 65535 1 1 3 
1997335472 1997335487 357924852 357924852 0 65535 0 65535 1 1 3 
1890534544 1890534559 1890534096 1890534096 0 65535 0 65535 6 6 0 
1905490864 1905490879 400422813 400422813 0 65535 0 65535 6 6 3 
1722072352 1722072367 396096205 396096205 0 65535 0 65535 6 6 1 
1686066112 1686066127 395056422 395056422 0 65535 0 65535 6 6 2 
1619229024 1619229039 1655735666 1655735666 0 65535 0 65535 6 6 0 
1800319168 1800319183 1687467315 1687467315 0 65535 0 65535 6 6 2 
1873003776 1873003791 1873002550 1873002550 0 65535 0 65535 6 6 3 
1855720656 1855720671 1688526304 1688526304 0 65535 0 65535 6 6 0 
1850899920 1850899935 374847014 374847014 0 65535 0 65535 6 6 1 
4010160711 4010160711 4010161472 4010161487 0 65535 0 65535 47 47 2 
4284270336 4284270336 4284268880 4284268895 0 65535 0 65535 47 47 2 
4190017252 4190017252 2627335424 2627335439 0 65535 0 65535 47 47 3 
3573745459 3573745459 3622614448 3622614463 0 65535 0 65535 1 1 0 
3491726813 3491726813 3715074112 3715074127 0 65535 0 65535 47 47 0 
3534958369 3534958369 3534958384 3534958399 0 65535 0 65535 6 6 1 
3461446725 3461446725 3461447664 3461447679 0 65535 0 65535 47 47 1 
3006878976 3006878976 4288820944 4288820959 0 65535 0 65535 47 47 4 
3073361778 3073361778 3073360608 3073360623 0 65535 0 65535 1 1 4 
3180763918 3180763918 3180764176 3180764191 0 65535 0 65535 1 1 2 
3130998620 3130998620 3130996976 3130996991 0 65535 0 65535 47 47 2 
3091004055 3091004055 3011102176 3011102191 0 65535 0 65535 6 6 4 
2768949463 2768949463 4179142368 4179142383 0 65535 0 65535 1 1 3 
2749908710 2749908710 2749907296 2749907311 0 65535 0 65535 47 47 3 
2849623346 2849623346 2854830672 2854830687 0 65535 0 65535 47 47 3 
2826572281 2826572281 4194033296 4194033311 0 65535 0 65535 47 47 2 
2597658852 2597658852 4164817808 4164817823 0 65535 0 65535 47 47 0 
2661990735 2661990735 2620887728 2620887743 0 65535 0 65535 1 1 1 
2444975174 2444975174 2652237824 2652237839 0 65535 0 65535 47 47 4 
2543582733 2543582733 2513015632 2513015647 0 65535 0 65535 47 47 4 
2549940757 2549940757 4212182000 4212182015 0 65535 0 65535 47 47 0 
2204794788 2204794788 4217737440 4217737455 0 65535 0 65535 47 47 3 
2224183139 2224183139 2224181520 2224181535 0 65535 0 65535 47 47 1 
2410110159 2410110159 4204957424 4204957439 0 65535 0 65535 47 47 0 
1019715214 1019715214 1019714288 1019714303 0 65535 0 65535 47 47 3 
713066680 713066680 696677920 696677935 0 65535 0 65535 47 47 1 
735070249 735070249 696923552 696923567 0 65535 0 65535 47 47 0 
236737620 236737620 1412328224 1412328239 0 65535 0 65535 1 1 2 
158026748 158026748 21874096 21874111 0 65535 0 65535 47 47 4 
139580740 139580740 21219712 21219727 0 65535 0 65535 47 47 3 
101909500 101909500 152036480 152036495 0 65535 0 65535 1 1 1 
27122727 27122727 27122208 27122223 0 65535 0 65535 47 47 1 
1451661851 1451661851 1451662672 1451662687 0 65535 0 65535 47 47 4 
1608548358 1608548358 1608548368 1608548383 0 65535 0 65535 47 47 0 
1506035797 1506035797 312396432 312396447 0 65535 0 65535 47 47 0 
1316115882 1316115882 1316115120 1316115135 0 65535 0 65535 47 47 2 
1318266219 1318266219 1318265632 1318265647 0 65535 0 65535 47 47 1 
1337204120 1337204120 1337204096 1337204111 0 65535 0 65535 47 47 0 
1229473268 1229473268 1270045680 1270045695 0 65535 0 65535 47 47 0 
1084516490 1084516490 335593088 335593103 0 65535 0 65535 47 47 2 
2069837413 2069837413 349800112 349800127 0 65535 0 65535 47 47 1 
1643621864 1643621864 387603712 387603727 0 65535 0 65535 47 47 4 
1863361705 1863361705 1817641248 1817641263 0 65535 0 65535 47 47 4 
4001438368 4001438383 2649854732 2649854732 0 65535 0 65535 47 47 0 
3761249360 3761249375 2639949234 2639949234 0 65535 0 65535 1 1 1 
4139546032 4139546047 2627872869 2627872869 0 65535 0 65535 1 1 4 
4131191808 4131191823 4131191459 4131191459 0 65535 0 65535 1 1 2 
3701420240 3701420255 3571460863 3571460863 0 65535 0 65535 47 47 1 
3552161936 3552161951 3521344450 3521344450 0 65535 0 65535 47 47 0 
3483413376 3483413391 3443304277 3443304277 0 65535 0 65535 1 1 1 
3034830480 3034830495 3034830477 3034830477 0 65535 0 65535 47 47 0 
2783326256 2783326271 2801855360 2801855360 0 65535 0 65535 47 47 0 
2654740160 2654740175 4174611102 4174611102 0 65535 0 65535 1 1 4 
2495711200 2495711215 4214535114 4214535114 0 65535 0 65535 47 47 0 
2524633728 2524633743 2524634984 2524634984 0 65535 0 65535 47 47 4 
2156268608 2156268623 2156268036 2156268036 0 65535 0 65535 47 47 4 
2225853408 2225853423 4219960282 4219960282 0 65535 0 65535 47 47 3 
2281484256 2281484271 2281482504 2281482504 0 65535 0 65535 47 47 4 
2311431568 2311431583 2311430618 2311430618 0 65535 0 65535 47 47 3 
645724944 645724959 645725593 645725593 0 65535 0 65535 1 1 0 
259697840 259697855 234058230 234058230 0 65535 0 65535 1 1 4 
94757568 94757583 106707164 106707164 0 65535 0 65535 1 1 0 
419114112 419114127 1473900353 1473900353 0 65535 0 65535 47 47 3 
403157920 403157935 1474537744 1474537744 0 65535 0 65535 47 47 4 
269089872 269089887 515781621 515781621 0 65535 0 65535 47 47 1 
1489868112 1489868127 1489868108 1489868108 0 65535 0 65535 47 47 2 
1325978208 1325978223 315967576 315967576 0 65535 0 65535 47 47 1 
1254287920 1254287935 1208615305 1208615305 0 65535 0 65535 47 47 3 
1103021632 1103021647 337765296 337765296 0 65535 0 65535 1 1 0 
1207686848 1207686863 1212008602 1212008602 0 65535 0 65535 47 47 2 
2074404160 2074404175 352058955 352058955 0 65535 0 65535 47 47 2 
1955151456 1955151471 1999321487 1999321487 0 65535 0 65535 47 47 3 
1900277232 1900277247 398601991 398601991 0 65535 0 65535 47 47 0 
3981544648 3981544648 3981543424 3981545471 1024 65535 1024 65535 6 6 4 
4018371923 4018371923 4018370560 4018372607 1024 65535 1024 65535 6 6 1 
3898357996 3898357996 3845025792 3845027839 1024 65535 1024 65535 6 6 4 
3904205866 3904205866 3904204800 3904206847 1024 65535 1024 65535 6 6 0 
3782928661 3782928661 3782928384 3782930431 1024 65535 1024 65535 6 6 0 
3820835832 3820835832 2639652864 2639654911 1024 65535 1024 65535 6 6 0 
4293956881 4293956881 4293955584 4293957631 1024 65535 1024 65535 6 6 0 
4247848672 4247848672 4247846912 4247848959 1024 65535 1024 65535 6 6 2 
4200792260 4200792260 4200792064 4200794111 1024 65535 1024 65535 6 6 2 
4162034916 4162034916 2632529920 2632531967 1024 65535 1024 65535 6 6 1 
4183681533 4183681533 4199753728 4199755775 1024 65535 1024 65535 6 6 2 
4085219802 4085219802 4197052416 4197054463 1024 65535 1024 65535 6 6 3 
4046788923 4046788923 4046788608 4046790655 1024 65535 1024 65535 6 6 0 
4035071716 4035071716 2676664320 2676666367 1024 65535 1024 65535 6 6 4 
3661663352 3661663352 2677995520 2677997567 1024 65535 1024 65535 6 6 0 
3703261165 3703261165 3749574656 3749576703 1024 65535 1024 65535 6 6 0 
3559301882 3559301882 2684135424 2684137471 1024 65535 1024 65535 6 6 1 
3495450868 3495450868 3495450624 3495452671 1024 65535 1024 65535 6 6 1 
3500980228 3500980228 2672623616 2672625663 1024 65535 1024 65535 6 6 0 
3273414113 3273414113 3447238656 3447240703 1024 65535 1024 65535 6 6 4 
3428009507 3428009507 3463380992 3463383039 1024 65535 1024 65535 6 6 3 
3486166630 3486166630 3290329088 3290331135 1024 65535 1024 65535 6 6 2 
3489332066 3489332066 3440949248 3440951295 1024 65535 1024 65535 6 6 3 
3479126497 3479126497 2652913664 2652915711 1024 65535 1024 65535 6 6 3 
3460994754 3460994754 3460993024 3460995071 1024 65535 1024 65535 6 6 0 
3018510009 3018510009 4277170176 4277172223 1024 65535 1024 65535 6 6 3 
2978930593 2978930593 2978928640 2978930687 1024 65535 1024 65535 6 6 1 
2981205381 2981205381 4290088960 4290091007 1024 65535 1024 65535 6 6 0 
3197835627 3197835627 4293545984 4293548031 1024 65535 1024 65535 6 6 3 
3219007869 3219007869 3219007488 3219009535 1024 65535 1024 65535 6 6 1 
3219997344 3219997344 3167766528 3167768575 1024 65535 1024 65535 6 6 4 
3173456535 3173456535 3173455872 3173457919 1024 65535 1024 65535 6 6 2 
3163913068 3163913068 3163912192 3163914239 1024 65535 1024 65535 6 6 2 
3107871905 3107871905 4183640064 4183642111 1024 65535 1024 65535 6 6 0 
2799906674 2799906674 2898171904 2898173951 1024 65535 1024 65535 6 6 3 
2689201628 2689201628 2728701952 2728703999 1024 65535 1024 65535 6 6 3 
2939289618 2939289618 2902087680 2902089727 1024 65535 1024 65535 6 6 1 
2901520728 2901520728 2808999936 2809001983 1024 65535 1024 65535 6 6 4 
2904746683 2904746683 4165105664 4165107711 1024 65535 1024 65535 6 6 3 
2913451657 2913451657 2804547584 2804549631 1024 65535 1024 65535 6 6 3 
2595406443 2595406443 4163635200 4163637247 1024 65535 1024 65535 6 6 3 
2585995760 2585995760 2466443264 2466445311 1024 65535 1024 65535 6 6 0 
2590386877 2590386877 4161945600 4161947647 1024 65535 1024 65535 6 6 3 
2665694152 2665694152 2665693184 2665695231 1024 65535 1024 65535 6 6 2 
2651520001 2651520001 2651518976 2651521023 1024 65535 1024 65535 6 6 3 
2633075588 2633075588 2633074688 2633076735 1024 65535 1024 65535 6 6 0 
2441230159 2441230159 2441228288 2441230335 1024 65535 1024 65535 6 6 0 
2433796341 2433796341 2655334400 2655336447 1024 65535 1024 65535 6 6 1 
2481361525 2481361525 2481360896 2481362943 1024 65535 1024 65535 6 6 1 
2497221657 2497221657 2519633920 2519635967 1024 65535 1024 65535 6 6 1 
2530419507 2530419507 2530418688 2530420735 1024 65535 1024 65535 6 6 3 
2214360707 2214360707 2357661696 2357663743 1024 65535 1024 65535 6 6 2 
2163840360 2163840360 4225966080 4225968127 1024 65535 1024 65535 6 6 4 
2238335435 2238335435 2238334976 2238337023 1024 65535 1024 65535 6 6 2 
2267963685 2267963685 2267963392 2267965439 1024 65535 1024 65535 6 6 2 
2273108212 2273108212 2273107968 2273110015 1024 65535 1024 65535 6 6 2 
2317347819 2317347819 2317346816 2317348863 1024 65535 1024 65535 6 6 0 
2327955652 2327955652 2327955456 2327957503 1024 65535 1024 65535 6 6 0 
2362916422 2362916422 4208134144 4208136191 1024 65535 1024 65535 6 6 2 
952092980 952092980 1346562048 1346564095 1024 65535 1024 65535 6 6 4 
941075792 941075792 1363054592 1363056639 1024 65535 1024 65535 6 6 0 
891588227 891588227 937281536 937283583 1024 65535 1024 65535 6 6 1 
861651834 861651834 1057593344 1057595391 1024 65535 1024 65535 6 6 4 
592330692 592330692 556357632 556359679 1024 65535 1024 65535 6 6 0 
578970468 578970468 578969600 578971647 1024 65535 1024 65535 6 6 2 
579977051 579977051 579975168 579977215 1024 65535 1024 65535 6 6 3 
572558939 572558939 1442482176 1442484223 1024 65535 1024 65535 6 6 2 
562930232 562930232 578476032 578478079 1024 65535 1024 65535 6 6 4 
624809230 624809230 1434951680 1434953727 1024 65535 1024 65535 6 6 0 
788440550 788440550 788439040 788441087 1024 65535 1024 65535 6 6 0 
782693862 782693862 1427329024 1427331071 1024 65535 1024 65535 6 6 4 
753385172 753385172 1428422656 1428424703 1024 65535 1024 65535 6 6 0 
732683845 732683845 732682240 732684287 1024 65535 1024 65535 6 6 0 
220679556 220679556 25249792 25251839 1024 65535 1024 65535 6 6 4 
190815972 190815972 190814208 190816255 1024 65535 1024 65535 6 6 4 
144800625 144800625 1422460928 1422462975 1024 65535 1024 65535 6 6 2 
121919434 121919434 121917440 121919487 1024 65535 1024 65535 6 6 0 
91333850 91333850 108421120 108423167 1024 65535 1024 65535 6 6 2 
53727714 53727714 153278464 153280511 1024 65535 1024 65535 6 6 4 
34403631 34403631 34402304 34404351 1024 65535 1024 65535 6 6 1 
463558611 463558611 1469417472 1469419519 1024 65535 1024 65535 6 6 2 
452724892 452724892 383559680 383561727 1024 65535 1024 65535 6 6 2 
442169357 442169357 1473198080 1473200127 1024 65535 1024 65535 6 6 4 
442902893 442902893 442902528 442904575 1024 65535 1024 65535 6 6 2 
407237550 407237550 1475536896 1475538943 1024 65535 1024 65535 6 6 0 
536290153 536290153 536289280 536291327 1024 65535 1024 65535 6 6 2 
518380491 518380491 518379520 518381567 1024 65535 1024 65535 6 6 4 
513004828 513004828 384053248 384055295 1024 65535 1024 65535 6 6 1 
486879572 486879572 1461678080 1461680127 1024 65535 1024 65535 6 6 2 
358455814 358455814 1445670912 1445672959 1024 65535 1024 65535 6 6 3 
395532926 395532926 1443364864 1443366911 1024 65535 1024 65535 6 6 1 
1449724064 1449724064 1449723904 1449725951 1024 65535 1024 65535 6 6 0 
1447388079 1447388079 1447387136 1447389183 1024 65535 1024 65535 6 6 4 
1429231872 1429231872 1429231616 1429233663 1024 65535 1024 65535 6 6 2 
1416199012 1416199012 1459224576 1459226623 1024 65535 1024 65535 6 6 1 
1372633158 1372633158 320350208 320352255 1024 65535 1024 65535 6 6 3 
1352490017 1352490017 321019904 321021951 1024 65535 1024 65535 6 6 4 
1353971253 1353971253 1390723072 1390725119 1024 65535 1024 65535 6 6 4 
1557546420 1557546420 325091328 325093375 1024 65535 1024 65535 6 6 3 
1554019339 1554019339 1554018304 1554020351 1024 65535 1024 65535 6 6 4 
1523963994 1523963994 1484097536 1484099583 1024 65535 1024 65535 6 6 0 
1539816823 1539816823 1482586112 1482588159 1024 65535 1024 65535 6 6 2 
1542474617 1542474617 1542473728 1542475775 1024 65535 1024 65535 6 6 4 
1295796507 1295796507 312766464 312768511 1024 65535 1024 65535 6 6 0 
1311652195 1311652195 1311651840 1311653887 1024 65535 1024 65535 6 6 1 
1312457894 1312457894 318676992 318679039 1024 65535 1024 65535 6 6 0 
1338644943 1338644943 1129637888 1129639935 1024 65535 1024 65535 6 6 4 
1328545481 1328545481 302075904 302077951 1024 65535 1024 65535 6 6 3 
1330494989 1330494989 302594048 302596095 1024 65535 1024 65535 6 6 4 
1232812483 1232812483 1270374400 1270376447 1024 65535 1024 65535 6 6 4 
1221568378 1221568378 1129224192 1129226239 1024 65535 1024 65535 6 6 1 
1210216476 1210216476 1210216448 1210218495 1024 65535 1024 65535 6 6 4 
1256917407 1256917407 1208188928 1208190975 1024 65535 1024 65535 6 6 0 
1091771698 1091771698 339521536 339523583 1024 65535 1024 65535 6 6 4 
1197506931 1197506931 341725184 341727231 1024 65535 1024 65535 6 6 2 
1182206328 1182206328 1182205952 1182207999 1024 65535 1024 65535 6 6 1 
2077341752 2077341752 348223488 348225535 1024 65535 1024 65535 6 6 2 
2040081945 2040081945 2071058432 2071060479 1024 65535 1024 65535 6 6 4 
2013750282 2013750282 344170496 344172543 1024 65535 1024 65535 6 6 0 
1893864569 1893864569 361080832 361082879 1024 65535 1024 65535 6 6 0 
1733387840 1733387840 395769856 395771903 1024 65535 1024 65535 6 6 3 
1689798842 1689798842 1689798656 1689800703 1024 65535 1024 65535 6 6 2 
1652184092 1652184092 1652183040 1652185087 1024 65535 1024 65535 6 6 1 
1781719729 1781719729 393074688 393076735 1024 65535 1024 65535 6 6 4 
1861552114 1861552114 376918016 376920063 1024 65535 1024 65535 6 6 0 
1858699865 1858699865 1819138048 1819140095 1024 65535 1024 65535 6 6 0 
1846451338 1846451338 373825536 373827583 1024 65535 1024 65535 6 6 0 
1822493126 1822493126 370989056 370991103 1024 65535 1024 65535 6 6 2 
3951800643 3951800643 2648489984 2648492031 1024 65535 1024 65535 17 17 4 
3947985064 3947985064 3913412608 3913414655 1024 65535 1024 65535 17 17 3 
3929747503 3929747503 3915509760 3915511807 1024 65535 1024 65535 17 17 1 
3922961129 3922961129 3922960384 3922962431 1024 65535 1024 65535 17 17 0 
3899515365 3899515365 3844286464 3844288511 1024 65535 1024 65535 17 17 2 
3787805447 3787805447 2644017152 2644019199 1024 65535 1024 65535 17 17 1 
3777112245 3777112245 3777112064 3777114111 1024 65535 1024 65535 17 17 1 
3866272469 3866272469 3849291776 3849293823 1024 65535 1024 65535 17 17 4 
4293339350 4293339350 4245641216 4245643263 1024 65535 1024 65535 17 17 0 
4257817598 4257817598 4285476864 4285478911 1024 65535 1024 65535 17 17 0 
4249017366 4249017366 2634158080 2634160127 1024 65535 1024 65535 17 17 1 
4216838474 4216838474 2630955008 2630957055 1024 65535 1024 65535 17 17 2 
4068188205 4068188205 4068188160 4068190207 1024 65535 1024 65535 17 17 3 
3642747397 3642747397 3676020736 3676022783 1024 65535 1024 65535 17 17 1 
3606079857 3606079857 2683011072 2683013119 1024 65535 1024 65535 17 17 3 
3584925498 3584925498 3712217088 3712219135 1024 65535 1024 65535 17 17 1 
3302087544 3302087544 3445104640 3445106687 1024 65535 1024 65535 6 6 2 
3378191229 3378191229 3401175040 3401177087 1024 65535 1024 65535 17 17 0 
3406704095 3406704095 3370287104 3370289151 1024 65535 1024 65535 17 17 4 
3163043584 3163043584 4278532096 4278534143 1024 65535 1024 65535 17 17 3 
3103614574 3103614574 4184053760 4184055807 1024 65535 1024 65535 17 17 3 
2767459835 2767459835 2767458304 2767460351 1024 65535 1024 65535 17 17 0 
2805905911 2805905911 4181463040 4181465087 1024 65535 1024 65535 17 17 2 
2718815975 2718815975 2703986688 2703988735 1024 65535 1024 65535 17 17 4 
2927370237 2927370237 2927368192 2927370239 1024 65535 1024 65535 17 17 4 
2907619189 2907619189 2808406016 2808408063 1024 65535 1024 65535 17 17 4 
2566718145 2566718145 2566717440 2566719487 1024 65535 1024 65535 17 17 4 
2681081304 2681081304 2681079808 2681081855 1024 65535 1024 65535 17 17 0 
2506981218 2506981218 4213520384 4213522431 1024 65535 1024 65535 17 17 2 
2487719211 2487719211 4211521536 4211523583 1024 65535 1024 65535 17 17 1 
2231792717 2231792717 2231791616 2231793663 1024 65535 1024 65535 17 17 1 
2348267890 2348267890 2313115648 2313117695 1024 65535 1024 65535 17 17 2 
2356393038 2356393038 4204267520 4204269567 1024 65535 1024 65535 17 17 3 
2374306326 2374306326 2268233728 2268235775 1024 65535 1024 65535 17 17 2 
2405559932 2405559932 2362683392 2362685439 1024 65535 1024 65535 17 17 3 
1040301308 1040301308 1365430272 1365432319 1024 65535 1024 65535 17 17 2 
1069287483 1069287483 1069287424 1069289471 1024 65535 1024 65535 17 17 1 
934570944 934570944 1363718144 1363720191 1024 65535 1024 65535 17 17 0 
921464631 921464631 1367375872 1367377919 1024 65535 1024 65535 17 17 4 
890552270 890552270 935596032 935598079 1024 65535 1024 65535 17 17 1 
837376236 837376236 837376000 837378047 1024 65535 1024 65535 17 17 3 
602706780 602706780 1438935040 1438937087 1024 65535 1024 65535 17 17 0 
577372320 577372320 577372160 577374207 1024 65535 1024 65535 17 17 0 
648125521 648125521 1431828480 1431830527 1024 65535 1024 65535 17 17 4 
738718772 738718772 786663424 786665471 1024 65535 1024 65535 17 17 1 
703409574 703409574 703408128 703410175 1024 65535 1024 65535 17 17 4 
177176841 177176841 177176576 177178623 1024 65535 1024 65535 17 17 1 
52256595 52256595 24236032 24238079 1024 65535 1024 65535 17 17 1 
434520051 434520051 455966720 455968767 1024 65535 1024 65535 17 17 1 
482128920 482128920 385286144 385288191 1024 65535 1024 65535 17 17 0 
284408662 284408662 1464158208 1464160255 1024 65535 1024 65535 17 17 3 
1457581122 1457581122 1457580032 1457582079 1024 65535 1024 65535 17 17 0 
1360746703 1360746703 1360746496 1360748543 1024 65535 1024 65535 17 17 3 
1375292387 1375292387 1375291392 1375293439 1024 65535 1024 65535 17 17 1 
1599217556 1599217556 1599215616 1599217663 1024 65535 1024 65535 17 17 4 
1585490451 1585490451 1585489920 1585491967 1024 65535 1024 65535 17 17 4 
1565662862 1565662862 1586903040 1586905087 1024 65535 1024 65535 17 17 3 
1574057454 1574057454 324661248 324663295 1024 65535 1024 65535 17 17 4 
1480797583 1480797583 1480796160 1480798207 1024 65535 1024 65535 17 17 0 
1244113355 1244113355 303790080 303792127 1024 65535 1024 65535 17 17 4 
2138810369 2138810369 353175552 353177599 1024 65535 1024 65535 17 17 4 
1977663812 1977663812 1977663488 1977665535 1024 65535 1024 65535 17 17 4 
1932105696 1932105696 1932103680 1932105727 1024 65535 1024 65535 17 17 0 
1691305675 1691305675 1691303936 1691305983 1024 65535 1024 65535 17 17 0 
1692403342 1692403342 397588480 397590527 1024 65535 1024 65535 17 17 3 
1696546195 1696546195 1812887552 1812889599 1024 65535 1024 65535 17 17 3 
1669055648 1669055648 1633048576 1633050623 1024 65535 1024 65535 17 17 1 
1804870522 1804870522 388063232 388065279 1024 65535 1024 65535 17 17 4 
3492726432 3492726435 3533780771 3533780771 0 65535 0 65535 0 255 1 
3472424388 3472424391 2654793885 2654793885 0 65535 0 65535 0 255 4 
715085476 715085479 1414851774 1414851774 0 65535 0 65535 0 255 4 
356813304 356813307 1443967420 1443967420 0 65535 0 65535 0 255 2 
1173877620 1173877623 351121976 351121976 0 65535 0 65535 0 255 0 
2439697780 2439697780 2472056720 2472056723 0 65535 0 65535 0 255 3 
815316915 815316915 1369433212 1369433215 0 65535 0 65535 0 255 3 
1356612378 1356612378 1480445044 1480445047 0 65535 0 65535 0 255 1 
1673879738 1673879738 1816509152 1816509155 0 65535 0 65535 0 255 4 
3785068528 3785068543 3823111514 3823111514 0 65535 0 65535 0 255 4 
3670171856 3670171871 3670171848 3670171848 0 65535 0 65535 0 255 0 
3522849696 3522849711 3522850191 3522850191 0 65535 0 65535 0 255 1 
2834919984 2834919999 2834919593 2834919593 0 65535 0 65535 0 255 1 
2634616032 2634616047 2469654004 2469654004 0 65535 0 65535 0 255 0 
341000560 341000575 379358044 379358044 0 65535 0 65535 0 255 1 
1110007440 1110007455 340775209 340775209 0 65535 0 65535 0 255 3 
3155786348 3155786348 3205605184 3205605199 0 65535 0 65535 0 255 1 
3143685686 3143685686 3143684464 3143684479 0 65535 0 65535 0 255 3 
2785464938 2785464938 2785465792 2785465807 0 65535 0 65535 0 255 0 
2540742297 2540742297 2540740832 2540740847 0 65535 0 65535 0 255 2 
844367120 844367120 1370602096 1370602111 0 65535 0 65535 0 255 1 
1515938358 1515938358 1515939360 1515939375 0 65535 0 65535 0 255 3 
0 4294967295 3080714093 3080714093 0 65535 88 88 6 6 1 
0 4294967295 3079889969 3079889969 0 65535 750 750 6 6 4 
0 4294967295 3079119339 3079119339 0 65535 1999 1999 6 6 4 
0 4294967295 3079343811 3079343811 0 65535 25 25 6 6 2 
0 4294967295 3080933787 3080933787 0 65535 53 53 6 6 3 
0 4294967295 3081421716 3081421716 0 65535 53 53 6 6 4 
0 4294967295 3085177001 3085177001 0 65535 22 22 6 6 4 
0 4294967295 3083112290 3083112290 0 65535 53 53 6 6 4 
0 4294967295 3077068866 3077068866 0 65535 123 123 6 6 0 
0 4294967295 3076778738 3076778738 0 65535 23 23 6 6 4 
0 4294967295 3078265530 3078265530 0 65535 53 53 6 6 2 
0 4294967295 3077575448 3077575448 0 65535 754 754 6 6 3 
0 4294967295 3074673454 3074673454 0 65535 119 119 6 6 0 
0 4294967295 3075710998 3075710998 0 65535 22 22 6 6 3 
0 4294967295 3070315002 3070315002 0 65535 22 22 6 6 0 
0 4294967295 3071247117 3071247117 0 65535 8080 8080 6 6 4 
0 4294967295 3071337291 3071337291 0 65535 88 88 6 6 0 
0 4294967295 3073467491 3073467491 0 65535 22 22 6 6 1 
0 4294967295 3073968153 3073968153 0 65535 544 544 6 6 4 
0 4294967295 3064062120 3064062120 0 65535 7649 7649 6 6 0 
0 4294967295 3064953492 3064953492 0 65535 67 67 6 6 3 
0 4294967295 3062263121 3062263121 0 65535 2105 2105 6 6 1 
0 4294967295 3063551120 3063551120 0 65535 67 67 6 6 1 
0 4294967295 3068295593 3068295593 0 65535 544 544 6 6 1 
0 4294967295 3069641261 3069641261 0 65535 80 80 6 6 0 
0 4294967295 3066832180 3066832180 0 65535 69 69 6 6 3 
0 4294967295 3066156500 3066156500 0 65535 69 69 6 6 3 
0 4294967295 3067100755 3067100755 0 65535 754 754 6 6 1 
0 4294967295 3057885690 3057885690 0 65535 110 110 6 6 3 
0 4294967295 3058293014 3058293014 0 65535 25 25 6 6 0 
0 4294967295 3058823589 3058823589 0 65535 879 879 6 6 2 
0 4294967295 3057158739 3057158739 0 65535 24032 24032 6 6 1 
0 4294967295 3055762957 3055762957 0 65535 5998 5998 6 6 4 
0 4294967295 3053765959 3053765959 0 65535 69 69 6 6 0 
0 4294967295 3054207230 3054207230 0 65535 21 21 6 6 0 
0 4294967295 3044383505 3044383505 0 65535 544 544 6 6 0 
0 4294967295 3043092460 3043092460 0 65535 161 161 6 6 2 
0 4294967295 3043671142 3043671142 0 65535 67 67 6 6 1 
0 4294967295 3041343731 3041343731 0 65535 443 443 6 6 1 
0 4294967295 3041581646 3041581646 0 65535 25 25 6 6 0 
0 4294967295 3042182991 3042182991 0 65535 7648 7648 6 6 1 
0 4294967295 3040640176 3040640176 0 65535 25 25 6 6 0 
0 4294967295 3040258138 3040258138 0 65535 139 139 6 6 4 
0 4294967295 3039233852 3039233852 0 65535 22 22 6 6 1 
0 4294967295 3037319196 3037319196 0 65535 443 443 6 6 0 
0 4294967295 3036844104 3036844104 0 65535 21 21 6 6 3 
0 4294967295 3038700501 3038700501 0 65535 544 544 6 6 1 
0 4294967295 3052474504 3052474504 0 65535 25 25 6 6 1 
0 4294967295 3051384321 3051384321 0 65535 22 22 6 6 3 
0 4294967295 3050450112 3050450112 0 65535 21 21 6 6 0 
0 4294967295 3051016358 3051016358 0 65535 2105 2105 6 6 1 
0 4294967295 3049692298 3049692298 0 65535 443 443 6 6 0 
0 4294967295 3047542948 3047542948 0 65535 22 22 6 6 3 
0 4294967295 3049113886 3049113886 0 65535 7326 7326 6 6 2 
0 4294967295 3046423497 3046423497 0 65535 750 750 6 6 1 
0 4294967295 3030031935 3030031935 0 65535 119 119 6 6 0 
0 4294967295 3029596337 3029596337 0 65535 22 22 6 6 4 
0 4294967295 3028790562 3028790562 0 65535 22 22 6 6 1 
0 4294967295 3030901326 3030901326 0 65535 1999 1999 6 6 2 
0 4294967295 3031079099 3031079099 0 65535 139 139 6 6 4 
0 4294967295 3032355985 3032355985 0 65535 138 138 6 6 3 
0 4294967295 3033438284 3033438284 0 65535 5999 5999 6 6 0 
0 4294967295 3033689493 3033689493 0 65535 161 161 6 6 0 
0 4294967295 3034194799 3034194799 0 65535 22 22 6 6 4 
0 4294967295 3036505077 3036505077 0 65535 25 25 6 6 3 
0 4294967295 3036025131 3036025131 0 65535 544 544 6 6 1 
0 4294967295 3023855538 3023855538 0 65535 80 80 6 6 0 
0 4294967295 3022057996 3022057996 0 65535 25 25 6 6 1 
0 4294967295 3021945894 3021945894 0 65535 22 22 6 6 0 
0 4294967295 2967416687 2967416687 0 65535 750 750 6 6 0 
0 4294967295 2965772318 2965772318 0 65535 22 22 6 6 3 
0 4294967295 2966050093 2966050093 0 65535 23 23 6 6 2 
0 4294967295 2969187923 2969187923 0 65535 25 25 6 6 3 
0 4294967295 2962679044 2962679044 0 65535 69 69 6 6 2 
0 4294967295 2962844698 2962844698 0 65535 88 88 6 6 2 
0 4294967295 2961976463 2961976463 0 65535 25 25 6 6 2 
0 4294967295 2961235961 2961235961 0 65535 80 80 6 6 2 
0 4294967295 2963780985 2963780985 0 65535 5999 5999 6 6 3 
0 4294967295 2964822475 2964822475 0 65535 7648 7648 6 6 2 
0 4294967295 2957543351 2957543351 0 65535 53 53 6 6 0 
0 4294967295 2960092998 2960092998 0 65535 179 179 6 6 2 
0 4294967295 2959521225 2959521225 0 65535 123 123 6 6 4 
0 4294967295 2956920184 2956920184 0 65535 25 25 6 6 2 
0 4294967295 2955716422 2955716422 0 65535 67 67 6 6 1 
0 4294967295 2953082751 2953082751 0 65535 80 80 6 6 0 
0 4294967295 2975345132 2975345132 0 65535 25 25 6 6 3 
0 4294967295 2974891883 2974891883 0 65535 88 88 6 6 2 
0 4294967295 2974143840 2974143840 0 65535 25 25 6 6 0 
0 4294967295 2974809303 2974809303 0 65535 80 80 6 6 4 
0 4294967295 2976424850 2976424850 0 65535 750 750 6 6 2 
0 4294967295 2972348420 2972348420 0 65535 161 161 6 6 1 
0 4294967295 2971810513 2971810513 0 65535 22 22 6 6 1 
0 4294967295 2969720878 2969720878 0 65535 123 123 6 6 1 
0 4294967295 2982922241 2982922241 0 65535 1999 1999 6 6 2 
0 4294967295 2982382324 2982382324 0 65535 24032 24032 6 6 1 
0 4294967295 2983614844 2983614844 0 65535 24032 24032 6 6 3 
0 4294967295 2984138651 2984138651 0 65535 22 22 6 6 2 
0 4294967295 2984582106 2984582106 0 65535 123 123 6 6 3 
0 4294967295 2984989685 2984989685 0 65535 161 161 6 6 3 
0 4294967295 2999062288 2999062288 0 65535 22 22 6 6 0 
0 4294967295 3000898256 3000898256 0 65535 22 22 6 6 0 
0 4294967295 3001659153 3001659153 0 65535 21 21 6 6 3 
0 4294967295 3002953517 3002953517 0 65535 25 25 6 6 4 
0 4294967295 2997788009 2997788009 0 65535 22 22 6 6 3 
0 4294967295 2998068492 2998068492 0 65535 22 22 6 6 4 
0 4294967295 2998899553 2998899553 0 65535 110 110 6 6 4 
0 4294967295 2996306177 2996306177 0 65535 25 25 6 6 3 
0 4294967295 2988747599 2988747599 0 65535 80 80 6 6 2 
0 4294967295 2990417627 2990417627 0 65535 22 22 6 6 3 
0 4294967295 2989956809 2989956809 0 65535 22 22 6 6 2 
0 4294967295 2987783751 2987783751 0 65535 25 25 6 6 1 
0 4294967295 2992272511 2992272511 0 65535 2055 2055 6 6 2 
0 4294967295 2991768054 2991768054 0 65535 67 67 6 6 1 
0 4294967295 2991017130 2991017130 0 65535 2105 2105 6 6 3 
0 4294967295 2994685500 2994685500 0 65535 22 22 6 6 1 
0 4294967295 2994194362 2994194362 0 65535 2105 2105 6 6 2 
0 4294967295 3011570871 3011570871 0 65535 7326 7326 6 6 3 
0 4294967295 3013131237 3013131237 0 65535 22 22 6 6 3 
0 4294967295 3014167870 3014167870 0 65535 21 21 6 6 4 
0 4294967295 3018874011 3018874011 0 65535 53 53 6 6 4 
0 4294967295 3019734773 3019734773 0 65535 161 161 6 6 3 
0 4294967295 3018619723 3018619723 0 65535 80 80 6 6 3 
0 4294967295 3018171882 3018171882 0 65535 110 110 6 6 0 
0 4294967295 3015880476 3015880476 0 65535 22 22 6 6 4 
0 4294967295 3016608974 3016608974 0 65535 53 53 6 6 1 
0 4294967295 3006972055 3006972055 0 65535 750 750 6 6 3 
0 4294967295 3006441355 3006441355 0 65535 53 53 6 6 4 
0 4294967295 3005990455 3005990455 0 65535 22 22 6 6 2 
0 4294967295 3005335412 3005335412 0 65535 69 69 6 6 0 
0 4294967295 3003684757 3003684757 0 65535 53 53 6 6 2 
0 4294967295 3113692041 3113692041 0 65535 7648 7648 6 6 3 
0 4294967295 3112808321 3112808321 0 65535 7649 7649 6 6 2 
0 4294967295 3115660915 3115660915 0 65535 544 544 6 6 4 
0 4294967295 3116267247 3116267247 0 65535 2105 2105 6 6 4 
0 4294967295 3115255722 3115255722 0 65535 53 53 6 6 2 
0 4294967295 3118073587 3118073587 0 65535 544 544 6 6 4 
0 4294967295 3118684437 3118684437 0 65535 443 443 6 6 2 
0 4294967295 3119307301 3119307301 0 65535 22 22 6 6 4 
0 4294967295 3119621054 3119621054 0 65535 53 53 6 6 4 
0 4294967295 3105354516 3105354516 0 65535 161 161 6 6 4 
0 4294967295 3104422560 3104422560 0 65535 80 80 6 6 4 
0 4294967295 3106726038 3106726038 0 65535 21 21 6 6 4 
0 4294967295 3107152535 3107152535 0 65535 21 21 6 6 4 
0 4294967295 3109163162 3109163162 0 65535 143 143 6 6 0 
0 4294967295 3110056682 3110056682 0 65535 443 443 6 6 4 
0 4294967295 3111142178 3111142178 0 65535 25 25 6 6 1 
0 4294967295 3112155100 3112155100 0 65535 22 22 6 6 2 
0 4294967295 3097255782 3097255782 0 65535 123 123 6 6 1 
0 4294967295 3096908292 3096908292 0 65535 750 750 6 6 1 
0 4294967295 3095898816 3095898816 0 65535 161 161 6 6 4 
0 4294967295 3096332825 3096332825 0 65535 53 53 6 6 2 
0 4294967295 3098663907 3098663907 0 65535 80 80 6 6 2 
0 4294967295 3102480747 3102480747 0 65535 22 22 6 6 1 
0 4294967295 3102847119 3102847119 0 65535 80 80 6 6 4 
0 4294967295 3100252107 3100252107 0 65535 754 754 6 6 2 
0 4294967295 3099862966 3099862966 0 65535 22 22 6 6 3 
0 4294967295 3100739216 3100739216 0 65535 22 22 6 6 2 
0 4294967295 3088934779 3088934779 0 65535 22 22 6 6 4 
0 4294967295 3088525893 3088525893 0 65535 22 22 6 6 0 
0 4294967295 3087074132 3087074132 0 65535 750 750 6 6 0 
0 4294967295 3091081137 3091081137 0 65535 53 53 6 6 4 
0 4294967295 3089135640 3089135640 0 65535 179 179 6 6 4 
0 4294967295 3094028906 3094028906 0 65535 544 544 6 6 2 
0 4294967295 3127179626 3127179626 0 65535 123 123 6 6 0 
0 4294967295 3128304758 3128304758 0 65535 22 22 6 6 1 
0 4294967295 3126226642 3126226642 0 65535 22 22 6 6 3 
0 4294967295 3125573828 3125573828 0 65535 25 25 6 6 3 
0 4294967295 3124288200 3124288200 0 65535 22 22 6 6 3 
0 4294967295 3123997346 3123997346 0 65535 25 25 6 6 1 
0 4294967295 3122845772 3122845772 0 65535 25 25 6 6 4 
0 4294967295 3123354026 3123354026 0 65535 22 22 6 6 1 
0 4294967295 3121556365 3121556365 0 65535 25 25 6 6 2 
0 4294967295 3120990141 3120990141 0 65535 750 750 6 6 4 
0 4294967295 3133390565 3133390565 0 65535 25 25 6 6 3 
0 4294967295 3134655345 3134655345 0 65535 53 53 6 6 0 
0 4294967295 3136313155 3136313155 0 65535 544 544 6 6 4 
0 4294967295 3132567524 3132567524 0 65535 80 80 6 6 1 
0 4294967295 3132720791 3132720791 0 65535 21 21 6 6 0 
0 4294967295 3131108608 3131108608 0 65535 23 23 6 6 1 
0 4294967295 3129564401 3129564401 0 65535 25 25 6 6 4 
0 4294967295 3151959519 3151959519 0 65535 22 22 6 6 1 
0 4294967295 3150214413 3150214413 0 65535 161 161 6 6 1 
0 4294967295 3150549170 3150549170 0 65535 22 22 6 6 3 
0 4294967295 3152329273 3152329273 0 65535 80 80 6 6 2 
0 4294967295 3149680657 3149680657 0 65535 25 25 6 6 3 
0 4294967295 3148030200 3148030200 0 65535 119 119 6 6 2 
0 4294967295 3147622988 3147622988 0 65535 25 25 6 6 1 
0 4294967295 3142219014 3142219014 0 65535 23 23 6 6 3 
0 4294967295 3143399648 3143399648 0 65535 53 53 6 6 2 
0 4294967295 3144836518 3144836518 0 65535 22 22 6 6 0 
0 4294967295 3137633688 3137633688 0 65535 22 22 6 6 1 
0 4294967295 3138375873 3138375873 0 65535 750 750 6 6 1 
0 4294967295 3197046278 3197046278 0 65535 53 53 6 6 1 
0 4294967295 3197148500 3197148500 0 65535 123 123 6 6 0 
0 4294967295 3199868507 3199868507 0 65535 53 53 6 6 0 
0 4294967295 3198512714 3198512714 0 65535 7649 7649 6 6 4 
0 4294967295 3200812710 3200812710 0 65535 143 143 6 6 2 
0 4294967295 3202014149 3202014149 0 65535 25 25 6 6 2 
0 4294967295 3201610975 3201610975 0 65535 21 21 6 6 4 
0 4294967295 3202783426 3202783426 0 65535 22 22 6 6 0 
0 4294967295 3204243953 3204243953 0 65535 22 22 6 6 3 
0 4294967295 3193549821 3193549821 0 65535 750 750 6 6 4 
0 4294967295 3189088179 3189088179 0 65535 123 123 6 6 1 
0 4294967295 3189478631 3189478631 0 65535 2401 2401 6 6 2 
0 4294967295 3188181275 3188181275 0 65535 750 750 6 6 2 
0 4294967295 3190779310 3190779310 0 65535 754 754 6 6 3 
0 4294967295 3190061327 3190061327 0 65535 53 53 6 6 0 
0 4294967295 3216180044 3216180044 0 65535 53 53 6 6 4 
0 4294967295 3215034530 3215034530 0 65535 80 80 6 6 2 
0 4294967295 3213581344 3213581344 0 65535 22 22 6 6 4 
0 4294967295 3214777595 3214777595 0 65535 67 67 6 6 2 
0 4294967295 3220153142 3220153142 0 65535 2105 2105 6 6 2 
0 4294967295 3219461327 3219461327 0 65535 53 53 6 6 0 
0 4294967295 3220591945 3220591945 0 65535 22 22 6 6 0 
0 4294967295 3217909166 3217909166 0 65535 80 80 6 6 4 
0 4294967295 3211294481 3211294481 0 65535 80 80 6 6 0 
0 4294967295 3211129099 3211129099 0 65535 24032 24032 6 6 1 
0 4294967295 3211988550 3211988550 0 65535 2105 2105 6 6 0 
0 4294967295 3210249283 3210249283 0 65535 7326 7326 6 6 2 
0 4294967295 3206842871 3206842871 0 65535 25 25 6 6 4 
0 4294967295 3207548925 3207548925 0 65535 80 80 6 6 2 
0 4294967295 3178582488 3178582488 0 65535 80 80 6 6 1 
0 4294967295 3178823569 3178823569 0 65535 23 23 6 6 2 
0 4294967295 3177766347 3177766347 0 65535 22 22 6 6 3 
0 4294967295 3177644433 3177644433 0 65535 443 443 6 6 1 
0 4294967295 3172164409 3172164409 0 65535 25 25 6 6 3 
0 4294967295 3172867240 3172867240 0 65535 2105 2105 6 6 4 
0 4294967295 3170981901 3170981901 0 65535 22 22 6 6 4 
0 4294967295 3174758917 3174758917 0 65535 443 443 6 6 0 
0 4294967295 3174345570 3174345570 0 65535 138 138 6 6 2 
0 4294967295 3184871885 3184871885 0 65535 123 123 6 6 0 
0 4294967295 3183900260 3183900260 0 65535 80 80 6 6 2 
0 4294967295 3186653002 3186653002 0 65535 7648 7648 6 6 4 
0 4294967295 3187633978 3187633978 0 65535 123 123 6 6 4 
0 4294967295 3186574082 3186574082 0 65535 544 544 6 6 3 
0 4294967295 3182457027 3182457027 0 65535 53 53 6 6 4 
0 4294967295 3182254496 3182254496 0 65535 7649 7649 6 6 3 
0 4294967295 3161087165 3161087165 0 65535 53 53 6 6 2 
0 4294967295 3160831570 3160831570 0 65535 80 80 6 6 3 
0 4294967295 3162271157 3162271157 0 65535 750 750 6 6 2 
0 4294967295 3161533483 3161533483 0 65535 22 22 6 6 4 
0 4294967295 3155893775 3155893775 0 65535 80 80 6 6 3 
0 4294967295 3155392109 3155392109 0 65535 544 544 6 6 0 
0 4294967295 3154489860 3154489860 0 65535 53 53 6 6 4 
0 4294967295 3156661666 3156661666 0 65535 750 750 6 6 3 
0 4294967295 3166376304 3166376304 0 65535 24032 24032 6 6 0 
0 4294967295 3165670172 3165670172 0 65535 67 67 6 6 0 
0 4294967295 2873358334 2873358334 0 65535 22 22 6 6 0 
0 4294967295 2875125659 2875125659 0 65535 22 22 6 6 4 
0 4294967295 2872065782 2872065782 0 65535 21 21 6 6 2 
0 4294967295 2872825063 2872825063 0 65535 25 25 6 6 2 
0 4294967295 2870084164 2870084164 0 65535 25 25 6 6 1 
0 4294967295 2884461872 2884461872 0 65535 544 544 6 6 3 
0 4294967295 2884879609 2884879609 0 65535 22 22 6 6 4 
0 4294967295 2882700688 2882700688 0 65535 123 123 6 6 1 
0 4294967295 2883457868 2883457868 0 65535 7648 7648 6 6 1 
0 4294967295 2877740829 2877740829 0 65535 7648 7648 6 6 0 
0 4294967295 2878059371 2878059371 0 65535 22 22 6 6 0 
0 4294967295 2879264443 2879264443 0 65535 80 80 6 6 4 
0 4294967295 2878700613 2878700613 0 65535 25 25 6 6 4 
0 4294967295 2881153521 2881153521 0 65535 25 25 6 6 0 
0 4294967295 2879654499 2879654499 0 65535 2105 2105 6 6 0 
0 4294967295 2860837942 2860837942 0 65535 2055 2055 6 6 1 
0 4294967295 2861198157 2861198157 0 65535 22 22 6 6 0 
0 4294967295 2862472068 2862472068 0 65535 7326 7326 6 6 1 
0 4294967295 2861862194 2861862194 0 65535 53 53 6 6 3 
0 4294967295 2863480039 2863480039 0 65535 21 21 6 6 0 
0 4294967295 2863733223 2863733223 0 65535 2401 2401 6 6 0 
0 4294967295 2868849185 2868849185 0 65535 80 80 6 6 3 
0 4294967295 2867130420 2867130420 0 65535 544 544 6 6 1 
0 4294967295 2864894056 2864894056 0 65535 53 53 6 6 3 
0 4294967295 2865389107 2865389107 0 65535 139 139 6 6 4 
0 4294967295 2856705767 2856705767 0 65535 25 25 6 6 2 
0 4294967295 2857336952 2857336952 0 65535 119 119 6 6 1 
0 4294967295 2857609551 2857609551 0 65535 22 22 6 6 1 
0 4294967295 2858430795 2858430795 0 65535 67 67 6 6 1 
0 4294967295 2859248166 2859248166 0 65535 8080 8080 6 6 4 
0 4294967295 2859934878 2859934878 0 65535 22 22 6 6 2 
0 4294967295 2854196228 2854196228 0 65535 22 22 6 6 1 
0 4294967295 2852846126 2852846126 0 65535 21 21 6 6 4 
0 4294967295 2854298026 2854298026 0 65535 123 123 6 6 0 
0 4294967295 2836078422 2836078422 0 65535 123 123 6 6 0 
0 4294967295 2835670957 2835670957 0 65535 123 123 6 6 3 
0 4294967295 2837020527 2837020527 0 65535 750 750 6 6 2 
0 4294967295 2839190953 2839190953 0 65535 80 80 6 6 3 
0 4294967295 2837688642 2837688642 0 65535 161 161 6 6 0 
0 4294967295 2842103699 2842103699 0 65535 754 754 6 6 3 
0 4294967295 2841437614 2841437614 0 65535 22 22 6 6 2 
0 4294967295 2840684607 2840684607 0 65535 80 80 6 6 3 
0 4294967295 2851228438 2851228438 0 65535 25 25 6 6 2 
0 4294967295 2848185482 2848185482 0 65535 69 69 6 6 3 
0 4294967295 2848513640 2848513640 0 65535 53 53 6 6 1 
0 4294967295 2847062560 2847062560 0 65535 22 22 6 6 3 
0 4294967295 2843852059 2843852059 0 65535 80 80 6 6 0 
0 4294967295 2844265839 2844265839 0 65535 22 22 6 6 2 
0 4294967295 2820026575 2820026575 0 65535 110 110 6 6 2 
0 4294967295 2819375175 2819375175 0 65535 53 53 6 6 1 
0 4294967295 2818923611 2818923611 0 65535 162 162 6 6 4 
0 4294967295 2822447646 2822447646 0 65535 23 23 6 6 1 
0 4294967295 2822154483 2822154483 0 65535 53 53 6 6 0 
0 4294967295 2821520697 2821520697 0 65535 1999 1999 6 6 4 
0 4294967295 2825526249 2825526249 0 65535 22 22 6 6 0 
0 4294967295 2826738022 2826738022 0 65535 2105 2105 6 6 4 
0 4294967295 2825981883 2825981883 0 65535 22 22 6 6 2 
0 4294967295 2824221166 2824221166 0 65535 25 25 6 6 3 
0 4294967295 2823334080 2823334080 0 65535 443 443 6 6 2 
0 4294967295 2828612531 2828612531 0 65535 5998 5998 6 6 3 
0 4294967295 2827031839 2827031839 0 65535 80 80 6 6 1 
0 4294967295 2829613231 2829613231 0 65535 22 22 6 6 0 
0 4294967295 2829449980 2829449980 0 65535 22 22 6 6 4 
0 4294967295 2830348467 2830348467 0 65535 22 22 6 6 3 
0 4294967295 2832526973 2832526973 0 65535 53 53 6 6 3 
0 4294967295 2833020165 2833020165 0 65535 22 22 6 6 4 
0 4294967295 2831573343 2831573343 0 65535 443 443 6 6 2 
0 4294967295 2944925624 2944925624 0 65535 23 23 6 6 0 
0 4294967295 2945807600 2945807600 0 65535 22 22 6 6 3 
0 4294967295 2946070736 2946070736 0 65535 22 22 6 6 3 
0 4294967295 2946829757 2946829757 0 65535 123 123 6 6 4 
0 4294967295 2949597371 2949597371 0 65535 162 162 6 6 2 
0 4294967295 2949076279 2949076279 0 65535 123 123 6 6 4 
0 4294967295 2949804360 2949804360 0 65535 22 22 6 6 1 
0 4294967295 2950319535 2950319535 0 65535 7649 7649 6 6 0 
0 4294967295 2952277774 2952277774 0 65535 25 25 6 6 0 
0 4294967295 2952027413 2952027413 0 65535 25 25 6 6 1 
0 4294967295 2951168948 2951168948 0 65535 25 25 6 6 1 
0 4294967295 2943655281 2943655281 0 65535 7326 7326 6 6 2 
0 4294967295 2943952136 2943952136 0 65535 22 22 6 6 4 
0 4294967295 2940434118 2940434118 0 65535 25 25 6 6 2 
0 4294967295 2937083892 2937083892 0 65535 123 123 6 6 1 
0 4294967295 2937633047 2937633047 0 65535 80 80 6 6 3 
0 4294967295 2931190806 2931190806 0 65535 544 544 6 6 1 
0 4294967295 2931413547 2931413547 0 65535 7649 7649 6 6 0 
0 4294967295 2929828793 2929828793 0 65535 37 37 6 6 2 
0 4294967295 2927923739 2927923739 0 65535 119 119 6 6 4 
0 4294967295 2935200345 2935200345 0 65535 37 37 6 6 4 
0 4294967295 2934765821 2934765821 0 65535 53 53 6 6 3 
0 4294967295 2934218448 2934218448 0 65535 80 80 6 6 1 
0 4294967295 2932361397 2932361397 0 65535 22 22 6 6 2 
0 4294967295 2932254170 2932254170 0 65535 110 110 6 6 0 
0 4294967295 2925087563 2925087563 0 65535 25 25 6 6 0 
0 4294967295 2923500367 2923500367 0 65535 80 80 6 6 3 
0 4294967295 2924447668 2924447668 0 65535 88 88 6 6 3 
0 4294967295 2925605160 2925605160 0 65535 123 123 6 6 0 
0 4294967295 2919599551 2919599551 0 65535 69 69 6 6 2 
0 4294967295 2922082338 2922082338 0 65535 88 88 6 6 1 
0 4294967295 2915839114 2915839114 0 65535 80 80 6 6 1 
0 4294967295 2915456224 2915456224 0 65535 80 80 6 6 4 
0 4294967295 2916855189 2916855189 0 65535 80 80 6 6 3 
0 4294967295 2918122598 2918122598 0 65535 871 871 6 6 3 
0 4294967295 2917395967 2917395967 0 65535 53 53 6 6 4 
0 4294967295 2918630358 2918630358 0 65535 110 110 6 6 0 
0 4294967295 2912364309 2912364309 0 65535 754 754 6 6 2 
0 4294967295 2914748420 2914748420 0 65535 754 754 6 6 1 
0 4294967295 2914044106 2914044106 0 65535 25 25 6 6 4 
0 4294967295 2913872295 2913872295 0 65535 37 37 6 6 0 
0 4294967295 2908309040 2908309040 0 65535 123 123 6 6 4 
0 4294967295 2907721769 2907721769 0 65535 22 22 6 6 4 
0 4294967295 2910846198 2910846198 0 65535 22 22 6 6 1 
0 4294967295 2909918717 2909918717 0 65535 88 88 6 6 0 
0 4294967295 2909698633 2909698633 0 65535 22 22 6 6 2 
0 4294967295 2905193649 2905193649 0 65535 53 53 6 6 4 
0 4294967295 2903772206 2903772206 0 65535 53 53 6 6 1 
0 4294967295 2904315515 2904315515 0 65535 69 69 6 6 1 
0 4294967295 2902546736 2902546736 0 65535 80 80 6 6 3 
0 4294967295 2889084565 2889084565 0 65535 80 80 6 6 0 
0 4294967295 2889707104 2889707104 0 65535 53 53 6 6 1 
0 4294967295 2887804599 2887804599 0 65535 754 754 6 6 3 
0 4294967295 2887019600 2887019600 0 65535 22 22 6 6 2 
0 4294967295 2887630155 2887630155 0 65535 138 138 6 6 3 
0 4294967295 2886678500 2886678500 0 65535 7649 7649 6 6 0 
0 4294967295 2892808145 2892808145 0 65535 110 110 6 6 2 
0 4294967295 2892220793 2892220793 0 65535 80 80 6 6 1 
0 4294967295 2893998826 2893998826 0 65535 80 80 6 6 4 
0 4294967295 2890800689 2890800689 0 65535 80 80 6 6 1 
0 4294967295 2894372226 2894372226 0 65535 123 123 6 6 3 
0 4294967295 2894650780 2894650780 0 65535 873 873 6 6 3 
0 4294967295 2895689852 2895689852 0 65535 162 162 6 6 1 
0 4294967295 2895420416 2895420416 0 65535 119 119 6 6 4 
0 4294967295 2698823253 2698823253 0 65535 544 544 6 6 2 
0 4294967295 2698178328 2698178328 0 65535 123 123 6 6 2 
0 4294967295 2697360549 2697360549 0 65535 22 22 6 6 3 
0 4294967295 2697944162 2697944162 0 65535 162 162 6 6 4 
0 4294967295 2699038380 2699038380 0 65535 123 123 6 6 4 
0 4294967295 2699584762 2699584762 0 65535 161 161 6 6 2 
0 4294967295 2700121428 2700121428 0 65535 21 21 6 6 3 
0 4294967295 2693972445 2693972445 0 65535 80 80 6 6 2 
0 4294967295 2694748673 2694748673 0 65535 53 53 6 6 3 
0 4294967295 2692895372 2692895372 0 65535 22 22 6 6 3 
0 4294967295 2693744013 2693744013 0 65535 53 53 6 6 2 
0 4294967295 2696070869 2696070869 0 65535 443 443 6 6 3 
0 4294967295 2696511597 2696511597 0 65535 22 22 6 6 1 
0 4294967295 2689079665 2689079665 0 65535 750 750 6 6 2 
0 4294967295 2690505347 2690505347 0 65535 22 22 6 6 1 
0 4294967295 2689704238 2689704238 0 65535 179 179 6 6 4 
0 4294967295 2691440810 2691440810 0 65535 123 123 6 6 3 
0 4294967295 2690958874 2690958874 0 65535 53 53 6 6 2 
0 4294967295 2692436643 2692436643 0 65535 25 25 6 6 1 
0 4294967295 2685347971 2685347971 0 65535 123 123 6 6 4 
0 4294967295 2685536288 2685536288 0 65535 22 22 6 6 4 
0 4294967295 2687133458 2687133458 0 65535 123 123 6 6 2 
0 4294967295 2716442749 2716442749 0 65535 53 53 6 6 3 
0 4294967295 2715907744 2715907744 0 65535 161 161 6 6 1 
0 4294967295 2717361437 2717361437 0 65535 69 69 6 6 1 
0 4294967295 2713836393 2713836393 0 65535 113 113 6 6 3 
0 4294967295 2715322814 2715322814 0 65535 25 25 6 6 1 
0 4294967295 2713691502 2713691502 0 65535 110 110 6 6 0 
0 4294967295 2712179130 2712179130 0 65535 67 67 6 6 0 
0 4294967295 2711996141 2711996141 0 65535 80 80 6 6 0 
0 4294967295 2711029715 2711029715 0 65535 69 69 6 6 2 
0 4294967295 2709670069 2709670069 0 65535 80 80 6 6 2 
0 4294967295 2706011392 2706011392 0 65535 24032 24032 6 6 0 
0 4294967295 2706442952 2706442952 0 65535 443 443 6 6 4 
0 4294967295 2707696909 2707696909 0 65535 161 161 6 6 4 
0 4294967295 2708141722 2708141722 0 65535 21 21 6 6 3 
0 4294967295 2709014986 2709014986 0 65535 25 25 6 6 1 
0 4294967295 2701779994 2701779994 0 65535 22 22 6 6 0 
0 4294967295 2740370206 2740370206 0 65535 750 750 6 6 0 
0 4294967295 2740630805 2740630805 0 65535 22 22 6 6 2 
0 4294967295 2739165729 2739165729 0 65535 80 80 6 6 2 
0 4294967295 2742901823 2742901823 0 65535 754 754 6 6 4 
0 4294967295 2741182525 2741182525 0 65535 69 69 6 6 3 
0 4294967295 2736107817 2736107817 0 65535 138 138 6 6 4 
0 4294967295 2736742320 2736742320 0 65535 53 53 6 6 4 
0 4294967295 2736886272 2736886272 0 65535 80 80 6 6 2 
0 4294967295 2738840956 2738840956 0 65535 143 143 6 6 2 
0 4294967295 2748886504 2748886504 0 65535 5999 5999 6 6 2 
0 4294967295 2747627359 2747627359 0 65535 22 22 6 6 1 
0 4294967295 2750888209 2750888209 0 65535 67 67 6 6 0 
0 4294967295 2745216420 2745216420 0 65535 53 53 6 6 2 
0 4294967295 2743477505 2743477505 0 65535 25 25 6 6 3 
0 4294967295 2743827111 2743827111 0 65535 25 25 6 6 3 
0 4294967295 2723119768 2723119768 0 65535 80 80 6 6 3 
0 4294967295 2722586965 2722586965 0 65535 2105 2105 6 6 0 
0 4294967295 2723560580 2723560580 0 65535 80 80 6 6 2 
0 4294967295 2725811087 2725811087 0 65535 22 22 6 6 2 
0 4294967295 2724909955 2724909955 0 65535 2105 2105 6 6 0 
0 4294967295 2721999925 2721999925 0 65535 23 23 6 6 1 
0 4294967295 2721504533 2721504533 0 65535 873 873 6 6 4 
0 4294967295 2720488408 2720488408 0 65535 2105 2105 6 6 0 
0 4294967295 2720881754 2720881754 0 65535 162 162 6 6 3 
0 4294967295 2717998791 2717998791 0 65535 22 22 6 6 2 
0 4294967295 2718589386 2718589386 0 65535 25 25 6 6 0 
0 4294967295 2732878144 2732878144 0 65535 80 80 6 6 2 
0 4294967295 2731666835 2731666835 0 65535 1999 1999 6 6 4 
0 4294967295 2727406751 2727406751 0 65535 123 123 6 6 0 
0 4294967295 2759050154 2759050154 0 65535 123 123 6 6 2 
0 4294967295 2759655102 2759655102 0 65535 80 80 6 6 2 
0 4294967295 2758246528 2758246528 0 65535 25 25 6 6 3 
0 4294967295 2756415521 2756415521 0 65535 88 88 6 6 1 
0 4294967295 2756811125 2756811125 0 65535 80 80 6 6 1 
0 4294967295 2755635200 2755635200 0 65535 22 22 6 6 3 
0 4294967295 2754651762 2754651762 0 65535 2401 2401 6 6 4 
0 4294967295 2753533951 2753533951 0 65535 22 22 6 6 0 
0 4294967295 2752826836 2752826836 0 65535 22 22 6 6 3 
0 4294967295 2752078736 2752078736 0 65535 80 80 6 6 4 
0 4294967295 2762183255 2762183255 0 65535 22 22 6 6 3 
0 4294967295 2763795984 2763795984 0 65535 80 80 6 6 1 
0 4294967295 2763163276 2763163276 0 65535 80 80 6 6 2 
0 4294967295 2761549907 2761549907 0 65535 123 123 6 6 0 
0 4294967295 2765266581 2765266581 0 65535 7648 7648 6 6 3 
0 4294967295 2765797835 2765797835 0 65535 2105 2105 6 6 3 
0 4294967295 2766882516 2766882516 0 65535 53 53 6 6 3 
0 4294967295 2766208595 2766208595 0 65535 544 544 6 6 4 
0 4294967295 2777989044 2777989044 0 65535 21 21 6 6 1 
0 4294967295 2776960409 2776960409 0 65535 123 123 6 6 1 
0 4294967295 2777432390 2777432390 0 65535 80 80 6 6 2 
0 4294967295 2779709765 2779709765 0 65535 80 80 6 6 3 
0 4294967295 2780477672 2780477672 0 65535 37 37 6 6 1 
0 4294967295 2781897404 2781897404 0 65535 179 179 6 6 3 
0 4294967295 2782727200 2782727200 0 65535 80 80 6 6 2 
0 4294967295 2781262406 2781262406 0 65535 544 544 6 6 0 
0 4294967295 2781834935 2781834935 0 65535 22 22 6 6 2 
0 4294967295 2783480522 2783480522 0 65535 123 123 6 6 2 
0 4294967295 2771045578 2771045578 0 65535 21 21 6 6 0 
0 4294967295 2771425462 2771425462 0 65535 53 53 6 6 0 
0 4294967295 2768904447 2768904447 0 65535 53 53 6 6 3 
0 4294967295 2772863816 2772863816 0 65535 80 80 6 6 1 
0 4294967295 2776362777 2776362777 0 65535 37 37 6 6 1 
0 4294967295 2792467984 2792467984 0 65535 179 179 6 6 0 
0 4294967295 2792312695 2792312695 0 65535 8080 8080 6 6 0 
0 4294967295 2791104136 2791104136 0 65535 544 544 6 6 2 
0 4294967295 2789900102 2789900102 0 65535 22 22 6 6 0 
0 4294967295 2788682225 2788682225 0 65535 23 23 6 6 3 
0 4294967295 2788765344 2788765344 0 65535 750 750 6 6 1 
0 4294967295 2787932923 2787932923 0 65535 2401 2401 6 6 0 
0 4294967295 2786847387 2786847387 0 65535 22 22 6 6 0 
0 4294967295 2800376220 2800376220 0 65535 123 123 6 6 4 
0 4294967295 2801662620 2801662620 0 65535 53 53 6 6 0 
0 4294967295 2801080606 2801080606 0 65535 123 123 6 6 4 
0 4294967295 2799647435 2799647435 0 65535 443 443 6 6 3 
0 4294967295 2795473677 2795473677 0 65535 22 22 6 6 4 
0 4294967295 2794825328 2794825328 0 65535 161 161 6 6 4 
0 4294967295 2793727596 2793727596 0 65535 53 53 6 6 2 
0 4294967295 2796450824 2796450824 0 65535 5999 5999 6 6 1 
0 4294967295 2814463465 2814463465 0 65535 24032 24032 6 6 0 
0 4294967295 2815599157 2815599157 0 65535 161 161 6 6 0 
0 4294967295 2817317821 2817317821 0 65535 80 80 6 6 1 
0 4294967295 2816767434 2816767434 0 65535 754 754 6 6 4 
0 4294967295 2818381852 2818381852 0 65535 24032 24032 6 6 4 
0 4294967295 2813407708 2813407708 0 65535 544 544 6 6 4 
0 4294967295 2812466988 2812466988 0 65535 22 22 6 6 3 
0 4294967295 2810676006 2810676006 0 65535 22 22 6 6 4 
0 4294967295 2810902417 2810902417 0 65535 69 69 6 6 2 
0 4294967295 2806082045 2806082045 0 65535 22 22 6 6 3 
0 4294967295 2178343378 2178343378 0 65535 22 22 6 6 1 
0 4294967295 2177531826 2177531826 0 65535 22 22 6 6 0 
0 4294967295 2180823826 2180823826 0 65535 139 139 6 6 1 
0 4294967295 2180366161 2180366161 0 65535 123 123 6 6 4 
0 4294967295 2179947260 2179947260 0 65535 750 750 6 6 4 
0 4294967295 2174501155 2174501155 0 65535 22 22 6 6 2 
0 4294967295 2174184495 2174184495 0 65535 22 22 6 6 0 
0 4294967295 2172802137 2172802137 0 65535 22 22 6 6 4 
0 4294967295 2173344941 2173344941 0 65535 22 22 6 6 0 
0 4294967295 2175046090 2175046090 0 65535 25 25 6 6 3 
0 4294967295 2165118691 2165118691 0 65535 53 53 6 6 2 
0 4294967295 2165491246 2165491246 0 65535 22 22 6 6 3 
0 4294967295 2167833969 2167833969 0 65535 123 123 6 6 1 
0 4294967295 2166684682 2166684682 0 65535 22 22 6 6 0 
0 4294967295 2171151402 2171151402 0 65535 123 123 6 6 4 
0 4294967295 2170581497 2170581497 0 65535 22 22 6 6 3 
0 4294967295 2171865591 2171865591 0 65535 22 22 6 6 2 
0 4294967295 2172138767 2172138767 0 65535 80 80 6 6 0 
0 4294967295 2170515718 2170515718 0 65535 22 22 6 6 1 
0 4294967295 2169683002 2169683002 0 65535 119 119 6 6 1 
0 4294967295 2168904219 2168904219 0 65535 123 123 6 6 4 
0 4294967295 2148188403 2148188403 0 65535 53 53 6 6 0 
0 4294967295 2147866740 2147866740 0 65535 754 754 6 6 1 
0 4294967295 2149484306 2149484306 0 65535 80 80 6 6 1 
0 4294967295 0 4294967295 0 65535 0 65535 0 255 0 
