3295729456 3295729471 3295729440 3295729455 69 69 161 161 17 17 0 
3280480816 3280480831 3069358176 3069358191 24032 24032 544 544 17 17 3 
3399750720 3399750735 3399750736 3399750751 53 53 22 22 17 17 3 
4227386128 4227386143 4227385440 4227385455 123 123 5999 5999 17 17 3 
4201744864 4201744879 4066917200 4066917215 53 53 7648 7648 17 17 2 
4276686832 4276686847 4239289200 4239289215 161 161 88 88 17 17 1 
4257172064 4257172079 4271099264 4271099279 750 750 80 80 17 17 2 
3851881856 3851881871 3010257296 3010257311 750 750 80 80 17 17 3 
2692338224 2692338239 2692339664 2692339679 161 161 80 80 17 17 1 
2705547984 2705547999 3619359504 3619359519 53 53 53 53 17 17 1 
2776027648 2776027663 2776027664 2776027679 123 123 25 25 17 17 2 
2787670272 2787670287 3612071872 3612071887 69 69 80 80 17 17 4 
2828792320 2828792335 2828792336 2828792351 67 67 53 53 17 17 2 
3108496816 3108496831 3108496272 3108496287 123 123 25 25 17 17 0 
3137537632 3137537647 3018379008 3018379023 161 161 119 119 17 17 2 
2987714672 2987714687 2987716144 2987716159 53 53 53 53 17 17 4 
3018378176 3018378191 3018379072 3018379087 750 750 1999 1999 17 17 0 
2640432480 2640432495 3518890240 3518890255 53 53 8080 8080 17 17 4 
2295831056 2295831071 2295831552 2295831567 750 750 80 80 17 17 3 
2375543536 2375543551 2375544336 2375544351 123 123 110 110 17 17 2 
779089936 779089951 543292832 543292847 750 750 22 22 17 17 1 
576523232 576523247 1572371664 1572371679 69 69 143 143 17 17 0 
895594768 895594783 895595312 895595327 53 53 179 179 17 17 0 
1014474336 1014474351 1480445792 1480445807 161 161 123 123 17 17 4 
429679360 429679375 462132480 462132495 750 750 138 138 17 17 2 
176908144 176908159 1514019136 1514019151 123 123 53 53 17 17 3 
97222192 97222207 142336432 142336447 161 161 179 179 17 17 0 
13697376 13697391 1514019120 1514019135 53 53 123 123 17 17 0 
1313460656 1313460671 1313462208 1313462223 53 53 37 37 17 17 3 
1304860640 1304860655 1304860656 1304860671 123 123 80 80 17 17 3 
1150419248 1150419263 1323029472 1323029487 69 69 22 22 17 17 4 
1148047008 1148047023 1323029472 1323029487 750 750 161 161 17 17 3 
1096686144 1096686159 1136494064 1136494079 53 53 53 53 17 17 1 
1373222176 1373222191 1532669984 1532669999 88 88 110 110 17 17 2 
1586147296 1586147311 1586145888 1586145903 67 67 2401 2401 17 17 4 
1586147296 1586147311 82756208 82756223 69 69 2401 2401 17 17 1 
1539515280 1539515295 1539515760 1539515775 161 161 80 80 17 17 4 
1502209728 1502209743 92209920 92209935 750 750 22 22 17 17 3 
1859090816 1859090831 86091712 86091727 123 123 22 22 17 17 0 
1811184608 1811184623 1811185264 1811185279 161 161 750 750 17 17 1 
1614043936 1614043951 1614045072 1614045087 69 69 110 110 17 17 2 
2068427888 2068427903 2028164288 2028164303 88 88 544 544 17 17 1 
3332860276 3332860276 3332861568 3332861568 1024 65535 25 25 17 17 2 
3366014420 3366014420 3341897278 3341897278 1024 65535 443 443 17 17 1 
3485932910 3485932910 2953640400 2953640400 1024 65535 25 25 17 17 0 
3438630976 3438630976 2966389900 2966389900 1024 65535 25 25 17 17 2 
3642121903 3642121903 2962573767 2962573767 1024 65535 8080 8080 17 17 3 
4192818704 4192818704 4192817739 4192817739 1024 65535 53 53 17 17 4 
4202877112 4202877112 4202877827 4202877827 1024 65535 750 750 17 17 3 
4155068943 4155068943 2995410611 2995410611 1024 65535 80 80 17 17 4 
2685101958 2685101958 2742778297 2742778297 1024 65535 80 80 17 17 1 
2697607304 2697607304 2742778297 2742778297 1024 65535 123 123 17 17 0 
2714500323 2714500323 2714499962 2714499962 1024 65535 110 110 17 17 4 
2787670133 2787670133 2925907679 2925907679 1024 65535 5999 5999 17 17 4 
2868422101 2868422101 2744466664 2744466664 1024 65535 5999 5999 17 17 0 
3188753021 3188753021 3188753555 3188753555 1024 65535 123 123 17 17 1 
3069358088 3069358088 3069358103 3069358103 1024 65535 871 871 17 17 4 
2557326721 2557326721 2557325732 2557325732 1024 65535 22 22 17 17 3 
2466797509 2466797509 3510875026 3510875026 1024 65535 24032 24032 17 17 2 
2439077740 2439077740 3554424137 3554424137 1024 65535 53 53 17 17 4 
2502203154 2502203154 2663427316 2663427316 1024 65535 873 873 17 17 3 
2287466615 2287466615 2287467083 2287467083 1024 65535 22 22 17 17 4 
2362047225 2362047225 2384311514 2384311514 1024 65535 25 25 17 17 3 
673563977 673563977 1549715900 1549715900 1024 65535 5999 5999 17 17 3 
626816694 626816694 626816677 626816677 1024 65535 88 88 17 17 2 
645204633 645204633 1572371576 1572371576 1024 65535 24032 24032 17 17 3 
543292804 543292804 543292818 543292818 1024 65535 110 110 17 17 3 
924842788 924842788 1490780217 1490780217 1024 65535 123 123 17 17 4 
1067530470 1067530470 1067530491 1067530491 1024 65535 69 69 17 17 2 
526350071 526350071 1499680493 1499680493 1024 65535 25 25 17 17 4 
439303495 439303495 1506006517 1506006517 1024 65535 750 750 17 17 2 
127885127 127885127 92556707 92556707 1024 65535 25 25 17 17 3 
91845631 91845631 102848824 102848824 1024 65535 879 879 17 17 4 
1271803205 1271803205 1271803225 1271803225 1024 65535 25 25 17 17 0 
1298303109 1298303109 1312698959 1312698959 1024 65535 22 22 17 17 1 
1199857564 1199857564 1199857145 1199857145 1024 65535 7648 7648 17 17 2 
1139876408 1139876408 70602347 70602347 1024 65535 21 21 17 17 0 
1345962934 1345962934 70602256 70602256 1024 65535 25 25 17 17 3 
1563735459 1563735459 1563735473 1563735473 1024 65535 443 443 17 17 1 
1502209840 1502209840 1539515772 1539515772 1024 65535 123 123 17 17 0 
1847695312 1847695312 1847693840 1847693840 1024 65535 22 22 17 17 0 
1772140025 1772140025 1772139172 1772139172 1024 65535 161 161 17 17 1 
1758389203 1758389203 1795009741 1795009741 1024 65535 123 123 17 17 3 
2147429397 2147429397 117420022 117420022 1024 65535 123 123 17 17 2 
2147428693 2147428693 112633068 112633068 1024 65535 24032 24032 17 17 3 
1938666879 1938666879 112633035 112633035 1024 65535 1999 1999 17 17 1 
1933624105 1933624105 1933624115 1933624115 1024 65535 53 53 17 17 1 
1966375057 1966375057 1966376033 1966376033 1024 65535 544 544 17 17 3 
1972903383 1972903383 2132935291 2132935291 1024 65535 7649 7649 17 17 4 
3332860273 3332860273 3059117297 3059117297 161 161 1024 65535 17 17 4 
3332860213 3332860213 3062014368 3062014368 53 53 1024 65535 17 17 2 
3317154746 3317154746 3317154731 3317154731 53 53 1024 65535 17 17 4 
3226439455 3226439455 3069358179 3069358179 123 123 1024 65535 17 17 3 
3444318145 3444318145 3444317654 3444317654 53 53 1024 65535 17 17 0 
3451547191 3451547191 3344165565 3344165565 7648 7648 1024 65535 17 17 1 
3426384394 3426384394 3426384408 3426384408 69 69 1024 65535 17 17 3 
3655648340 3655648340 3668333942 3668333942 53 53 1024 65535 17 17 3 
3544350105 3544350105 3709601812 3709601812 123 123 1024 65535 17 17 3 
4239289641 4239289641 4239289208 4239289208 750 750 1024 65535 17 17 3 
4087942367 4087942367 4087941438 4087941438 69 69 1024 65535 17 17 3 
4066909866 4066909866 2969972201 2969972201 67 67 1024 65535 17 17 2 
4033280584 4033280584 4033281102 4033281102 53 53 1024 65535 17 17 1 
3774936830 3774936830 2987716147 2987716147 24032 24032 1024 65535 17 17 3 
3823401986 3823401986 3774935538 3774935538 161 161 1024 65535 17 17 4 
3814384760 3814384760 3814383934 3814383934 750 750 1024 65535 17 17 3 
3802920505 3802920505 3774935542 3774935542 24032 24032 1024 65535 17 17 1 
2714500325 2714500325 2925907645 2925907645 123 123 1024 65535 17 17 4 
2806022132 2806022132 3612071874 3612071874 123 123 1024 65535 17 17 3 
2941726645 2941726645 2905070048 2905070048 88 88 1024 65535 17 17 0 
2895867667 2895867667 2925907842 2925907842 161 161 1024 65535 17 17 0 
3137537680 3137537680 3137537672 3137537672 24032 24032 1024 65535 17 17 3 
3036406799 3036406799 3069358108 3069358108 161 161 1024 65535 17 17 2 
3071073256 3071073256 3501793169 3501793169 53 53 1024 65535 17 17 1 
3055289873 3055289873 3051923996 3051923996 53 53 1024 65535 17 17 0 
2617977787 2617977787 2663427283 2663427283 161 161 1024 65535 17 17 3 
2421851149 2421851149 2464395263 2464395263 53 53 1024 65535 17 17 3 
2247213570 2247213570 2247214512 2247214512 24032 24032 1024 65535 17 17 3 
2177196360 2177196360 2371368615 2371368615 24032 24032 1024 65535 17 17 4 
2337207222 2337207222 3541756987 3541756987 123 123 1024 65535 17 17 0 
2331168921 2331168921 2287467083 2287467083 750 750 1024 65535 17 17 2 
2414181697 2414181697 3527082975 3527082975 750 750 1024 65535 17 17 4 
2401368484 2401368484 3527083517 3527083517 161 161 1024 65535 17 17 4 
758804004 758804004 758803291 758803291 750 750 1024 65535 17 17 4 
898096262 898096262 898096276 898096276 161 161 1024 65535 17 17 4 
1002605271 1002605271 946112780 946112780 24032 24032 1024 65535 17 17 1 
385924075 385924075 385923135 385923135 750 750 1024 65535 17 17 4 
188242394 188242394 137303896 137303896 69 69 1024 65535 17 17 1 
18554966 18554966 18556632 18556632 53 53 1024 65535 17 17 0 
1367005223 1367005223 1367007108 1367007108 123 123 1024 65535 17 17 2 
1416588661 1416588661 77230582 77230582 69 69 1024 65535 17 17 0 
1433531029 1433531029 1433531825 1433531825 161 161 1024 65535 17 17 4 
1847694726 1847694726 86091715 86091715 123 123 1024 65535 17 17 4 
1741407891 1741407891 1680941660 1680941660 161 161 1024 65535 17 17 4 
1680942230 1680942230 131791012 131791012 161 161 1024 65535 17 17 2 
1627334904 1627334904 1627335296 1627335296 750 750 1024 65535 17 17 1 
2036159888 2036159888 120462119 120462119 750 750 1024 65535 17 17 2 
2040942825 2040942825 2040944579 2040944579 88 88 1024 65535 17 17 4 
2132936006 2132936006 2132935531 2132935531 69 69 1024 65535 17 17 2 
2138547683 2138547683 2138546512 2138546512 53 53 1024 65535 17 17 4 
2103524186 2103524186 112633026 112633026 123 123 1024 65535 17 17 0 
1962201167 1962201167 1962201182 1962201182 53 53 1024 65535 17 17 3 
3403229397 3403229397 3403231024 3403231024 0 65535 123 123 6 6 4 
3475574613 3475574613 2953640404 2953640404 0 65535 21 21 6 6 2 
3432118999 3432118999 2962585213 2962585213 0 65535 139 139 6 6 1 
4119399396 4119399396 4119399743 4119399743 0 65535 7649 7649 6 6 1 
3947950470 3947950470 3947951437 3947951437 0 65535 25 25 6 6 4 
3923591821 3923591821 3923591826 3923591826 0 65535 80 80 6 6 4 
2760369965 2760369965 3612071874 3612071874 0 65535 25 25 6 6 1 
2755458112 2755458112 2810477753 2810477753 0 65535 25 25 6 6 1 
2797968459 2797968459 2797968219 2797968219 0 65535 24032 24032 6 6 1 
2810476577 2810476577 2810476598 2810476598 0 65535 53 53 6 6 4 
2933299577 2933299577 2744466476 2744466476 0 65535 22 22 6 6 3 
2464393951 2464393951 2464395263 2464395263 0 65535 7648 7648 6 6 4 
2431204626 2431204626 2464395263 2464395263 0 65535 1999 1999 6 6 0 
2498461835 2498461835 2538261385 2538261385 0 65535 22 22 6 6 4 
2506556850 2506556850 2663427281 2663427281 0 65535 25 25 6 6 4 
2274031175 2274031175 3554423318 3554423318 0 65535 25 25 6 6 4 
2177196406 2177196406 2177196390 2177196390 0 65535 1999 1999 6 6 1 
2163474271 2163474271 2163474243 2163474243 0 65535 22 22 6 6 0 
2360455970 2360455970 2228959363 2228959363 0 65535 53 53 6 6 0 
721085183 721085183 721085504 721085504 0 65535 25 25 6 6 1 
600927852 600927852 600927596 600927596 0 65535 69 69 6 6 3 
822871230 822871230 1568105300 1568105300 0 65535 162 162 6 6 1 
924843670 924843670 1490780219 1490780219 0 65535 21 21 6 6 1 
946112821 946112821 987776019 987776019 0 65535 80 80 6 6 0 
1008539896 1008539896 1069597975 1069597975 0 65535 21 21 6 6 3 
306596060 306596060 1480443964 1480443964 0 65535 80 80 6 6 1 
347627449 347627449 1499680549 1499680549 0 65535 2055 2055 6 6 3 
245292919 245292919 1526557484 1526557484 0 65535 22 22 6 6 4 
154842015 154842015 190401605 190401605 0 65535 53 53 6 6 1 
102850353 102850353 102848825 102848825 0 65535 179 179 6 6 1 
82757259 82757259 82756210 82756210 0 65535 139 139 6 6 1 
53868417 53868417 1532670155 1532670155 0 65535 88 88 6 6 0 
44014275 44014275 44014026 44014026 0 65535 7648 7648 6 6 4 
34025193 34025193 1532670049 1532670049 0 65535 22 22 6 6 1 
1248078359 1248078359 1212761131 1212761131 0 65535 143 143 6 6 2 
1312698970 1312698970 1312698944 1312698944 0 65535 21 21 6 6 1 
1304860584 1304860584 11061428 11061428 0 65535 1999 1999 6 6 4 
1464238586 1464238586 1539515729 1539515729 0 65535 53 53 6 6 2 
1573037711 1573037711 82756210 82756210 0 65535 80 80 6 6 1 
1604093892 1604093892 82756210 82756210 0 65535 123 123 6 6 0 
1867945062 1867945062 1815306500 1815306500 0 65535 22 22 6 6 3 
1815307771 1815307771 1815306500 1815306500 0 65535 25 25 6 6 3 
1776335516 1776335516 86091715 86091715 0 65535 179 179 6 6 2 
1751417684 1751417684 1795009730 1795009730 0 65535 110 110 6 6 2 
2142223171 2142223171 120462102 120462102 0 65535 53 53 6 6 4 
2092395431 2092395431 112633058 112633058 0 65535 22 22 6 6 4 
2101232116 2101232116 2132935527 2132935527 0 65535 119 119 6 6 0 
1921036188 1921036188 1921034930 1921034930 0 65535 80 80 6 6 2 
1987182365 1987182365 1987182337 1987182337 0 65535 1999 1999 6 6 0 
2000837901 2000837901 2000838333 2000838333 0 65535 22 22 6 6 0 
3444318145 3444318145 3444316344 3444316344 0 65535 22 22 17 17 0 
3527082359 3527082359 3527083515 3527083515 0 65535 22 22 17 17 3 
4192828640 4192828640 4218324310 4218324310 0 65535 22 22 17 17 3 
4024244988 4024244988 3782634097 3782634097 0 65535 123 123 17 17 1 
2855435561 2855435561 3492117454 3492117454 0 65535 88 88 17 17 2 
3201439555 3201439555 3501793059 3501793059 0 65535 22 22 17 17 0 
3078238977 3078238977 3126829005 3126829005 0 65535 443 443 17 17 2 
2384310899 2384310899 2384311516 2384311516 0 65535 544 544 17 17 0 
137303884 137303884 137303896 137303896 0 65535 123 123 17 17 2 
172485223 172485223 137303896 137303896 0 65535 179 179 17 17 2 
11072444 11072444 11071648 11071648 0 65535 53 53 17 17 2 
53868429 53868429 53867358 53867358 0 65535 53 53 17 17 4 
1110043437 1110043437 70602321 70602321 0 65535 750 750 17 17 0 
1346650983 1346650983 1532669980 1532669980 0 65535 138 138 17 17 3 
1914714685 1914714685 1911132173 1911132173 0 65535 80 80 17 17 3 
3732873460 3732873460 3539648799 3539648799 1024 65535 1024 65535 6 6 0 
3732873455 3732873455 3732873465 3732873465 1024 65535 1024 65535 6 6 2 
3751904478 3751904478 3714482461 3714482461 1024 65535 1024 65535 6 6 3 
3572853770 3572853770 3716184959 3716184959 1024 65535 1024 65535 6 6 0 
3605049881 3605049881 3605050547 3605050547 1024 65535 1024 65535 6 6 3 
3608629302 3608629302 3572853171 3572853171 1024 65535 1024 65535 6 6 1 
3521739081 3521739081 3521739801 3521739801 1024 65535 1024 65535 6 6 1 
3501793159 3501793159 3501793168 3501793168 1024 65535 1024 65535 6 6 4 
4230232295 4230232295 2980467325 2980467325 1024 65535 1024 65535 6 6 3 
4046472788 4046472788 4046472781 4046472781 1024 65535 1024 65535 6 6 3 
4146883978 4146883978 4146882602 4146882602 1024 65535 1024 65535 6 6 4 
4115551741 4115551741 4115551713 4115551713 1024 65535 1024 65535 6 6 4 
3977370621 3977370621 4013650548 4013650548 1024 65535 1024 65535 6 6 0 
4020510349 4020510349 3791106037 3791106037 1024 65535 1024 65535 6 6 2 
3907165898 3907165898 3774935538 3774935538 1024 65535 1024 65535 6 6 2 
2695681239 2695681239 2695680510 2695680510 1024 65535 1024 65535 6 6 0 
2742779241 2742779241 2742778297 2742778297 1024 65535 1024 65535 6 6 3 
2907410432 2907410432 2925907906 2925907906 1024 65535 1024 65535 6 6 0 
3178223291 3178223291 3178221708 3178221708 1024 65535 1024 65535 6 6 3 
3192591296 3192591296 3018390561 3018390561 1024 65535 1024 65535 6 6 2 
2987715057 2987715057 2987716147 2987716147 1024 65535 1024 65535 6 6 4 
3018378108 3018378108 3018379195 3018379195 1024 65535 1024 65535 6 6 0 
3036405578 3036405578 3036403732 3036403732 1024 65535 1024 65535 6 6 1 
2595476626 2595476626 3521740019 3521740019 1024 65535 1024 65535 6 6 2 
2168052547 2168052547 3545387586 3545387586 1024 65535 1024 65535 6 6 3 
2333839888 2333839888 2333840828 2333840828 1024 65535 1024 65535 6 6 2 
2331168921 2331168921 3530356828 3530356828 1024 65535 1024 65535 6 6 0 
2384310864 2384310864 2375538152 2375538152 1024 65535 1024 65535 6 6 1 
673563025 673563025 673563019 673563019 1024 65535 1024 65535 6 6 4 
689755571 689755571 1549715900 1549715900 1024 65535 1024 65535 6 6 3 
725369461 725369461 725370433 725370433 1024 65535 1024 65535 6 6 2 
657132837 657132837 699088955 699088955 1024 65535 1024 65535 6 6 3 
564765893 564765893 596527158 596527158 1024 65535 1024 65535 6 6 1 
547099355 547099355 1572371576 1572371576 1024 65535 1024 65535 6 6 4 
891546528 891546528 930788979 930788979 1024 65535 1024 65535 6 6 2 
909473439 909473439 898097041 898097041 1024 65535 1024 65535 6 6 2 
946112821 946112821 946112814 946112814 1024 65535 1024 65535 6 6 0 
1008541023 1008541023 1480445794 1480445794 1024 65535 1024 65535 6 6 3 
1028246664 1028246664 1069597983 1069597983 1024 65535 1024 65535 6 6 3 
269640420 269640420 465998739 465998739 1024 65535 1024 65535 6 6 4 
356387255 356387255 1499680548 1499680548 1024 65535 1024 65535 6 6 0 
395181740 395181740 395180400 395180400 1024 65535 1024 65535 6 6 2 
503593957 503593957 1503769822 1503769822 1024 65535 1024 65535 6 6 3 
495488827 495488827 495487098 495487098 1024 65535 1024 65535 6 6 4 
473188850 473188850 1506006486 1506006486 1024 65535 1024 65535 6 6 3 
215425797 215425797 1526552313 1526552313 1024 65535 1024 65535 6 6 2 
243089833 243089833 228629988 228629988 1024 65535 1024 65535 6 6 1 
120902159 120902159 1514019140 1514019140 1024 65535 1024 65535 6 6 2 
60659904 60659904 1528119935 1528119935 1024 65535 1024 65535 6 6 4 
1212761142 1212761142 1212761131 1212761131 1024 65535 1024 65535 6 6 2 
1253576426 1253576426 5148680 5148680 1024 65535 1024 65535 6 6 2 
1243524332 1243524332 5148737 5148737 1024 65535 1024 65535 6 6 4 
1259352207 1259352207 5148757 5148757 1024 65535 1024 65535 6 6 0 
1313460678 1313460678 5148757 5148757 1024 65535 1024 65535 6 6 2 
1367005223 1367005223 1367007108 1367007108 1024 65535 1024 65535 6 6 0 
1379994471 1379994471 70602246 70602246 1024 65535 1024 65535 6 6 3 
1563735459 1563735459 1563734899 1563734899 1024 65535 1024 65535 6 6 2 
1831550699 1831550699 1847693846 1847693846 1024 65535 1024 65535 6 6 2 
1756146146 1756146146 1654662605 1654662605 1024 65535 1024 65535 6 6 4 
1798339973 1798339973 86091713 86091713 1024 65535 1024 65535 6 6 3 
1666555112 1666555112 127987777 127987777 1024 65535 1024 65535 6 6 4 
1677458627 1677458627 1677459226 1677459226 1024 65535 1024 65535 6 6 1 
2036159838 2036159838 1933624087 1933624087 1024 65535 1024 65535 6 6 1 
1938666983 1938666983 1938667462 1938667462 1024 65535 1024 65535 6 6 4 
1989008228 1989008228 1989008905 1989008905 1024 65535 1024 65535 6 6 3 
3344165203 3344165203 3449298607 3449298607 1024 65535 1024 65535 17 17 2 
3267521116 3267521116 3444316409 3444316409 1024 65535 1024 65535 17 17 0 
3223717957 3223717957 2958178255 2958178255 1024 65535 1024 65535 17 17 1 
3429434705 3429434705 3344166903 3344166903 1024 65535 1024 65535 17 17 2 
3724054271 3724054271 3753970762 3753970762 1024 65535 1024 65535 17 17 4 
3635241908 3635241908 2983375059 2983375059 1024 65535 1024 65535 17 17 0 
3534319186 3534319186 3534318248 3534318248 1024 65535 1024 65535 17 17 0 
3541756004 3541756004 3541757046 3541757046 1024 65535 1024 65535 17 17 2 
4257172076 4257172076 4257172782 4257172782 1024 65535 1024 65535 17 17 0 
4076504855 4076504855 4076503209 4076503209 1024 65535 1024 65535 17 17 1 
4095614783 4095614783 3000114556 3000114556 1024 65535 1024 65535 17 17 4 
3985039501 3985039501 4013650551 4013650551 1024 65535 1024 65535 17 17 2 
3969336012 3969336012 2987716594 2987716594 1024 65535 1024 65535 17 17 1 
3937883029 3937883029 3937882326 3937882326 1024 65535 1024 65535 17 17 2 
3913361298 3913361298 2987716595 2987716595 1024 65535 1024 65535 17 17 3 
3836151117 3836151117 3836149933 3836149933 1024 65535 1024 65535 17 17 4 
2685101755 2685101755 3619359429 3619359429 1024 65535 1024 65535 17 17 4 
2695680255 2695680255 3619359530 3619359530 1024 65535 1024 65535 17 17 2 
2726370957 2726370957 3619359510 3619359510 1024 65535 1024 65535 17 17 0 
3091433406 3091433406 3091431534 3091431534 1024 65535 1024 65535 17 17 2 
3091433366 3091433366 3126828591 3126828591 1024 65535 1024 65535 17 17 2 
2681024480 2681024480 2681022556 2681022556 1024 65535 1024 65535 17 17 1 
2466797509 2466797509 3510875026 3510875026 1024 65535 1024 65535 17 17 2 
2464393834 2464393834 3548816616 3548816616 1024 65535 1024 65535 17 17 0 
2401368544 2401368544 3527083032 3527083032 1024 65535 1024 65535 17 17 2 
742490178 742490178 1559358704 1559358704 1024 65535 1024 65535 17 17 2 
860766949 860766949 987776049 987776049 1024 65535 1024 65535 17 17 3 
815632159 815632159 815632136 815632136 1024 65535 1024 65535 17 17 1 
909473446 909473446 1490788469 1490788469 1024 65535 1024 65535 17 17 4 
990355298 990355298 895595325 895595325 1024 65535 1024 65535 17 17 4 
970189281 970189281 905786768 905786768 1024 65535 1024 65535 17 17 3 
324152798 324152798 1480443965 1480443965 1024 65535 1024 65535 17 17 3 
473188862 473188862 338318629 338318629 1024 65535 1024 65535 17 17 1 
255844028 255844028 255843112 255843112 1024 65535 1024 65535 17 17 4 
148209542 148209542 1517152093 1517152093 1024 65535 1024 65535 17 17 0 
1218116283 1218116283 1096685762 1096685762 1024 65535 1024 65535 17 17 4 
1236467449 1236467449 5148698 5148698 1024 65535 1024 65535 17 17 2 
1389803245 1389803245 1389803251 1389803251 1024 65535 1024 65535 17 17 0 
1474628277 1474628277 1474629090 1474629090 1024 65535 1024 65535 17 17 4 
1499679003 1499679003 1499680494 1499680494 1024 65535 1024 65535 17 17 2 
1789180248 1789180248 1654662606 1654662606 1024 65535 1024 65535 17 17 0 
1666555075 1666555075 127987778 127987778 1024 65535 1024 65535 17 17 0 
2092395466 2092395466 2092396478 2092396478 1024 65535 1024 65535 17 17 3 
2112889901 2112889901 2112890785 2112890785 1024 65535 1024 65535 17 17 1 
1911132220 1911132220 1911132194 1911132194 1024 65535 1024 65535 17 17 4 
1998185696 1998185696 1966376061 1966376061 1024 65535 1024 65535 17 17 1 
3292016085 3292016085 0 4294967295 53 53 1999 1999 17 17 2 
3280480816 3280480816 0 4294967295 88 88 22 22 17 17 0 
3384965593 3384965593 0 4294967295 53 53 21 21 17 17 2 
3662469418 3662469418 0 4294967295 53 53 123 123 17 17 1 
3617861779 3617861779 0 4294967295 53 53 25 25 17 17 4 
3555980535 3555980535 0 4294967295 123 123 2401 2401 17 17 4 
4262905761 4262905761 0 4294967295 53 53 443 443 17 17 2 
4129299092 4129299092 0 4294967295 123 123 25 25 17 17 1 
3996352673 3996352673 0 4294967295 750 750 754 754 17 17 4 
3932969946 3932969946 0 4294967295 7648 7648 53 53 17 17 2 
2947212376 2947212376 0 4294967295 750 750 161 161 17 17 4 
2907410667 2907410667 0 4294967295 123 123 80 80 17 17 2 
2895867660 2895867660 0 4294967295 161 161 25 25 17 17 2 
3157220936 3157220936 0 4294967295 7648 7648 80 80 17 17 2 
3046562927 3046562927 0 4294967295 750 750 2105 2105 17 17 0 
2613874260 2613874260 0 4294967295 123 123 544 544 17 17 4 
2271249871 2271249871 0 4294967295 123 123 162 162 17 17 2 
673563927 673563927 0 4294967295 750 750 2105 2105 17 17 1 
673562671 673562671 0 4294967295 123 123 80 80 17 17 2 
769950237 769950237 0 4294967295 69 69 21 21 17 17 3 
841623609 841623609 0 4294967295 53 53 23 23 17 17 4 
832793241 832793241 0 4294967295 7648 7648 80 80 17 17 3 
974349662 974349662 0 4294967295 53 53 22 22 17 17 4 
1033238438 1033238438 0 4294967295 123 123 119 119 17 17 2 
267118128 267118128 0 4294967295 750 750 25 25 17 17 1 
267118139 267118139 0 4294967295 53 53 2105 2105 17 17 4 
82757259 82757259 0 4294967295 24032 24032 22 22 17 17 2 
1335025999 1335025999 0 4294967295 123 123 80 80 17 17 3 
1087733051 1087733051 0 4294967295 161 161 53 53 17 17 1 
1118876553 1118876553 0 4294967295 24032 24032 179 179 17 17 0 
1346650978 1346650978 0 4294967295 53 53 53 53 17 17 1 
1781485033 1781485033 0 4294967295 123 123 67 67 17 17 0 
1660438075 1660438075 0 4294967295 24032 24032 161 161 17 17 0 
1883351058 1883351058 0 4294967295 750 750 544 544 17 17 2 
1893205421 1893205421 0 4294967295 24032 24032 123 123 17 17 0 
0 4294967295 2480755128 2480755128 53 53 123 123 17 17 1 
0 4294967295 2568366154 2568366154 750 750 110 110 17 17 2 
0 4294967295 2638737913 2638737913 69 69 22 22 17 17 4 
0 4294967295 2313049736 2313049736 750 750 25 25 17 17 3 
0 4294967295 2305940390 2305940390 53 53 80 80 17 17 2 
0 4294967295 2908711608 2908711608 123 123 22 22 17 17 3 
0 4294967295 2941567372 2941567372 69 69 37 37 17 17 3 
0 4294967295 2768194474 2768194474 67 67 25 25 17 17 2 
0 4294967295 3026698297 3026698297 750 750 22 22 17 17 1 
0 4294967295 3026698334 3026698334 161 161 22 22 17 17 2 
0 4294967295 3906346410 3906346410 69 69 123 123 17 17 3 
0 4294967295 3973835808 3973835808 88 88 5999 5999 17 17 2 
0 4294967295 3994647385 3994647385 53 53 879 879 17 17 1 
0 4294967295 3791105565 3791105565 750 750 37 37 17 17 3 
0 4294967295 4033281097 4033281097 53 53 123 123 17 17 0 
0 4294967295 3287197374 3287197374 123 123 53 53 17 17 1 
0 4294967295 3668333942 3668333942 67 67 53 53 17 17 2 
0 4294967295 1061983527 1061983527 161 161 544 544 17 17 0 
0 4294967295 911654719 911654719 88 88 1999 1999 17 17 4 
0 4294967295 432802449 432802449 750 750 544 544 17 17 0 
0 4294967295 205647753 205647753 53 53 22 22 17 17 3 
0 4294967295 190401618 190401618 53 53 23 23 17 17 4 
0 4294967295 1763563123 1763563123 53 53 22 22 17 17 1 
0 4294967295 1705244202 1705244202 53 53 53 53 17 17 0 
0 4294967295 2010233238 2010233238 123 123 80 80 17 17 0 
0 4294967295 1108908001 1108908001 53 53 25 25 17 17 1 
0 4294967295 1104301387 1104301387 67 67 23 23 17 17 4 
0 4294967295 1242295015 1242295015 161 161 22 22 17 17 1 
0 4294967295 1242295015 1242295015 750 750 25 25 17 17 2 
0 4294967295 1367007159 1367007159 750 750 80 80 17 17 3 
0 4294967295 1446836633 1446836633 53 53 750 750 17 17 0 
0 4294967295 1602428682 1602428682 88 88 161 161 17 17 2 
3371900864 3371900927 3371898880 3371900927 0 65535 80 80 6 6 3 
4230232256 4230232319 2973980672 2973982719 0 65535 179 179 6 6 1 
2875182080 2875182143 3492116480 3492118527 0 65535 22 22 6 6 1 
2884725696 2884725759 2735286272 2735288319 0 65535 24032 24032 6 6 3 
579020992 579021055 579020800 579022847 0 65535 80 80 6 6 3 
596529088 596529151 596527104 596529151 0 65535 25 25 6 6 0 
860766912 860766975 860766208 860768255 0 65535 123 123 6 6 2 
956818688 956818751 1481027584 1481029631 0 65535 80 80 6 6 2 
447627584 447627647 1506004992 1506007039 0 65535 67 67 6 6 2 
458273856 458273919 458272768 458274815 0 65535 110 110 6 6 2 
429679360 429679423 429678592 429680639 0 65535 137 137 6 6 2 
208735360 208735423 1526550528 1526552575 0 65535 750 750 6 6 4 
1190678400 1190678463 1190676480 1190678527 0 65535 750 750 6 6 0 
1128883776 1128883839 1096685568 1096687615 0 65535 22 22 6 6 3 
1666555072 1666555135 127987712 127989759 0 65535 123 123 6 6 4 
2068427840 2068427903 2028167168 2028169215 0 65535 22 22 6 6 2 
2028163328 2028163391 2028163072 2028165119 0 65535 2105 2105 6 6 0 
3344165212 3344165215 3344166553 3344166553 0 65535 0 65535 6 6 1 
3485008580 3485008583 2953640400 2953640400 0 65535 0 65535 6 6 2 
4176864172 4176864175 4176864183 4176864183 0 65535 0 65535 6 6 4 
4105999496 4105999499 3000114559 3000114559 0 65535 0 65535 6 6 1 
3814384992 3814384995 3814383872 3814383872 0 65535 0 65535 6 6 2 
3814384760 3814384763 3774935540 3774935540 0 65535 0 65535 1 1 4 
3886930392 3886930395 3886931875 3886931875 0 65535 0 65535 6 6 2 
2760370096 2760370099 2810478050 2810478050 0 65535 0 65535 6 6 3 
2991885844 2991885847 2991884364 2991884364 0 65535 0 65535 6 6 4 
3051924580 3051924583 3051923994 3051923994 0 65535 0 65535 1 1 1 
2647466464 2647466467 2647467552 2647467552 0 65535 0 65535 6 6 0 
2464393948 2464393951 3510875026 3510875026 0 65535 0 65535 6 6 4 
2450706048 2450706051 2431204645 2431204645 0 65535 0 65535 1 1 4 
2517461244 2517461247 2651084774 2651084774 0 65535 0 65535 6 6 0 
2228960452 2228960455 2228959362 2228959362 0 65535 0 65535 6 6 4 
2221049488 2221049491 2221049474 2221049474 0 65535 0 65535 1 1 1 
2149550556 2149550559 2149550854 2149550854 0 65535 0 65535 6 6 2 
2153422792 2153422795 3541757228 3541757228 0 65535 0 65535 6 6 2 
796966240 796966243 796966268 796966268 0 65535 0 65535 6 6 3 
561977880 561977883 561979259 561979259 0 65535 0 65535 6 6 2 
591656260 591656263 1572371675 1572371675 0 65535 0 65535 6 6 2 
869092856 869092859 869092064 869092064 0 65535 0 65535 6 6 2 
936774712 936774715 1488884221 1488884221 0 65535 0 65535 6 6 0 
513242900 513242903 513241603 513241603 0 65535 0 65535 6 6 2 
458274084 458274087 429678990 429678990 0 65535 0 65535 6 6 2 
404864384 404864387 1518975466 1518975466 0 65535 0 65535 6 6 3 
154842012 154842015 154842279 154842279 0 65535 0 65535 6 6 4 
65964384 65964387 1532670153 1532670153 0 65535 0 65535 1 1 1 
1078063460 1078063463 1078064689 1078064689 0 65535 0 65535 1 1 0 
1451846012 1451846015 1420433353 1420433353 0 65535 0 65535 6 6 0 
1772139560 1772139563 86091713 86091713 0 65535 0 65535 6 6 3 
1781483680 1781483683 97726270 97726270 0 65535 0 65535 6 6 4 
2048646824 2048646827 2048645963 2048645963 0 65535 0 65535 6 6 2 
2063482004 2063482007 125711416 125711416 0 65535 0 65535 1 1 1 
3239009344 3239009344 3239008332 3239008335 0 65535 0 65535 6 6 0 
3714482438 3714482438 3714482460 3714482463 0 65535 0 65535 6 6 3 
3572854599 3572854599 3572853168 3572853171 0 65535 0 65535 6 6 4 
4169479843 4169479843 4169478620 4169478623 0 65535 0 65535 6 6 1 
4289136558 4289136558 4066917172 4066917175 0 65535 0 65535 6 6 3 
4048825507 4048825507 2969971956 2969971959 0 65535 0 65535 6 6 0 
4119399396 4119399396 3000115024 3000115027 0 65535 0 65535 6 6 1 
4115551728 4115551728 4115550812 4115550815 0 65535 0 65535 6 6 0 
4013650541 4013650541 4013650548 4013650551 0 65535 0 65535 6 6 3 
3774936727 3774936727 3774935540 3774935543 0 65535 0 65535 1 1 4 
2916445245 2916445245 3492117440 3492117443 0 65535 0 65535 1 1 4 
3133049578 3133049578 3501793060 3501793063 0 65535 0 65535 1 1 1 
3121933540 3121933540 3121932456 3121932459 0 65535 0 65535 6 6 2 
3000114529 3000114529 3000114552 3000114555 0 65535 0 65535 6 6 2 
2517461209 2517461209 2662051588 2662051591 0 65535 0 65535 6 6 0 
2258665702 2258665702 3554423692 3554423695 0 65535 0 65535 6 6 4 
2213084796 2213084796 3541757204 3541757207 0 65535 0 65535 6 6 2 
2347878023 2347878023 3541757016 3541757019 0 65535 0 65535 6 6 4 
769950619 769950619 769951184 769951187 0 65535 0 65535 6 6 3 
579021581 579021581 543292816 543292819 0 65535 0 65535 6 6 1 
822870591 822870591 822870560 822870563 0 65535 0 65535 6 6 0 
882036132 882036132 1563735008 1563735011 0 65535 0 65535 6 6 4 
917646274 917646274 1490788464 1490788467 0 65535 0 65535 1 1 4 
1069597108 1069597108 1069598204 1069598207 0 65535 0 65535 6 6 4 
324152668 324152668 324151304 324151307 0 65535 0 65535 6 6 3 
526350071 526350071 526348432 526348435 0 65535 0 65535 6 6 1 
414173496 414173496 462132380 462132383 0 65535 0 65535 6 6 2 
243089843 243089843 243091264 243091267 0 65535 0 65535 6 6 4 
65964196 65964196 1532670192 1532670195 0 65535 0 65535 6 6 3 
1139876589 1139876589 72140612 72140615 0 65535 0 65535 6 6 0 
1400730394 1400730394 1538348788 1538348791 0 65535 0 65535 6 6 0 
1455792850 1455792850 70602240 70602243 0 65535 0 65535 6 6 4 
1420431736 1420431736 1420433376 1420433379 0 65535 0 65535 6 6 4 
1480445934 1480445934 1480443964 1480443967 0 65535 0 65535 6 6 2 
1859090858 1859090858 1660660940 1660660943 0 65535 0 65535 6 6 4 
1718122551 1718122551 1718124448 1718124451 0 65535 0 65535 6 6 3 
1680942118 1680942118 1680941652 1680941655 0 65535 0 65535 6 6 3 
1699442563 1699442563 127988576 127988579 0 65535 0 65535 6 6 3 
1902387811 1902387811 1933624436 1933624439 0 65535 0 65535 6 6 2 
2564678144 2564678207 3521738752 3521740799 0 65535 750 750 17 17 0 
753562048 753562111 1559357440 1559359487 0 65535 22 22 17 17 4 
3226439351 3226439351 3226438728 3226438731 0 65535 0 65535 1 1 3 
3451539258 3451539258 3485932416 3485932419 0 65535 0 65535 47 47 3 
3561742436 3561742436 2980475824 2980475827 0 65535 0 65535 6 6 1 
3516729582 3516729582 2980467480 2980467483 0 65535 0 65535 1 1 3 
4218323173 4218323173 4218324308 4218324311 0 65535 0 65535 1 1 0 
3843687559 3843687559 4013650548 4013650551 0 65535 0 65535 47 47 4 
2980467179 2980467179 2980467272 2980467275 0 65535 0 65535 47 47 4 
3025539364 3025539364 3069358120 3069358123 0 65535 0 65535 1 1 2 
2484681292 2484681292 2484681808 2484681811 0 65535 0 65535 47 47 4 
2305940998 2305940998 2305939892 2305939895 0 65535 0 65535 47 47 2 
2389573672 2389573672 2375544360 2375544363 0 65535 0 65535 47 47 3 
552090019 552090019 552091056 552091059 0 65535 0 65535 47 47 2 
312831347 312831347 458274388 458274391 0 65535 0 65535 47 47 3 
395181705 395181705 338318628 338318631 0 65535 0 65535 1 1 2 
488080726 488080726 488080708 488080711 0 65535 0 65535 47 47 0 
120902269 120902269 92556772 92556775 0 65535 0 65535 47 47 0 
13697251 13697251 13697276 13697279 0 65535 0 65535 47 47 0 
1190678416 1190678416 1190677364 1190677367 0 65535 0 65535 47 47 1 
1150419587 1150419587 1150419608 1150419611 0 65535 0 65535 47 47 1 
1171837971 1171837971 11071728 11071731 0 65535 0 65535 47 47 4 
1433531020 1433531020 1433531032 1433531035 0 65535 0 65535 47 47 2 
1559350478 1559350478 1559349680 1559349683 0 65535 0 65535 47 47 0 
2048646821 2048646821 2028164288 2028164291 0 65535 0 65535 47 47 1 
2036159888 2036159888 120462108 120462111 0 65535 0 65535 47 47 1 
3475574072 3475574075 3444317664 3444317664 0 65535 0 65535 47 47 2 
3739577680 3739577683 3539648799 3539648799 0 65535 0 65535 47 47 3 
3527594204 3527594207 3510875026 3510875026 0 65535 0 65535 47 47 3 
4239289828 4239289831 4239289208 4239289208 0 65535 0 65535 1 1 1 
3864270944 3864270947 3010257116 3010257116 0 65535 0 65535 1 1 3 
3833262948 3833262951 3833263640 3833263640 0 65535 0 65535 1 1 0 
2736838116 2736838119 3619359510 3619359510 0 65535 0 65535 47 47 4 
2742778616 2742778619 2742779330 2742779330 0 65535 0 65535 47 47 1 
3046563832 3046563835 3501793213 3501793213 0 65535 0 65535 47 47 2 
2632920472 2632920475 2632920448 2632920448 0 65535 0 65535 47 47 0 
860766808 860766811 860767605 860767605 0 65535 0 65535 1 1 2 
286643540 286643543 286643792 286643792 0 65535 0 65535 47 47 2 
198929452 198929455 102848824 102848824 0 65535 0 65535 47 47 0 
1196838108 1196838111 1323029480 1323029480 0 65535 0 65535 47 47 2 
1514020664 1514020667 1514019126 1514019126 0 65535 0 65535 47 47 1 
1955841952 1955841955 112633038 112633038 0 65535 0 65535 47 47 4 
3344165189 3344165189 3344166560 3344166575 0 65535 0 65535 6 6 2 
3466749698 3466749698 3444317936 3444317951 0 65535 0 65535 1 1 0 
3485932915 3485932915 3485932416 3485932431 0 65535 0 65535 1 1 3 
3741383877 3741383877 2962585200 2962585215 0 65535 0 65535 6 6 0 
3741382766 3741382766 3714482448 3714482463 0 65535 0 65535 6 6 3 
3687483126 3687483126 3539648784 3539648799 0 65535 0 65535 6 6 1 
3612070521 3612070521 3612071872 3612071887 0 65535 0 65535 1 1 3 
3508731833 3508731833 3508730672 3508730687 0 65535 0 65535 6 6 0 
3510875371 3510875371 3510875024 3510875039 0 65535 0 65535 6 6 2 
4028843293 4028843293 2969972112 2969972127 0 65535 0 65535 6 6 0 
4123857748 4123857748 4218324304 4218324319 0 65535 0 65535 6 6 0 
4115551728 4115551728 4146882592 4146882607 0 65535 0 65535 6 6 2 
4095614755 4095614755 3000114544 3000114559 0 65535 0 65535 6 6 4 
3882495083 3882495083 3882494416 3882494431 0 65535 0 65535 6 6 3 
2925907856 2925907856 2925907840 2925907855 0 65535 0 65535 6 6 0 
2850946263 2850946263 2868421856 2868421871 0 65535 0 65535 6 6 2 
2838457164 2838457164 2742779200 2742779215 0 65535 0 65535 6 6 0 
3167763565 3167763565 3167763200 3167763215 0 65535 0 65535 6 6 1 
3211527589 3211527589 3501793056 3501793071 0 65535 0 65535 6 6 3 
3105348831 3105348831 3126828544 3126828559 0 65535 0 65535 6 6 0 
2991886076 2991886076 2969971952 2969971967 0 65535 0 65535 1 1 1 
3059116608 3059116608 3059117296 3059117311 0 65535 0 65535 6 6 0 
2558600984 2558600984 2558599600 2558599615 0 65535 0 65535 6 6 4 
2450706282 2450706282 2450704560 2450704575 0 65535 0 65535 6 6 2 
2421866367 2421866367 3554424128 3554424143 0 65535 0 65535 1 1 4 
2267198637 2267198637 2267197504 2267197519 0 65535 0 65535 6 6 0 
2236886041 2236886041 3554423312 3554423327 0 65535 0 65535 6 6 4 
2401368497 2401368497 2375538128 2375538143 0 65535 0 65535 6 6 2 
699090015 699090015 699088944 699088959 0 65535 0 65535 1 1 4 
748354987 748354987 1553708176 1553708191 0 65535 0 65535 6 6 0 
898097140 898097140 898095872 898095887 0 65535 0 65535 6 6 4 
987776008 987776008 987776016 987776031 0 65535 0 65535 6 6 1 
324152645 324152645 1494565472 1494565487 0 65535 0 65535 6 6 4 
503593945 503593945 503594320 503594335 0 65535 0 65535 6 6 4 
429679437 429679437 429678976 429678991 0 65535 0 65535 6 6 0 
145034307 145034307 145034208 145034223 0 65535 0 65535 6 6 1 
169913058 169913058 107550320 107550335 0 65535 0 65535 6 6 0 
102850335 102850335 102848816 102848831 0 65535 0 65535 6 6 0 
92555944 92555944 92556736 92556751 0 65535 0 65535 6 6 0 
70973242 70973242 102848816 102848831 0 65535 0 65535 6 6 4 
1231927934 1231927934 1231927904 1231927919 0 65535 0 65535 1 1 2 
1275223570 1275223570 1312698944 1312698959 0 65535 0 65535 1 1 1 
1096686146 1096686146 1312698992 1312699007 0 65535 0 65535 6 6 1 
1096686173 1096686173 1096685728 1096685743 0 65535 0 65535 1 1 1 
1420431694 1420431694 1420431696 1420431711 0 65535 0 65535 1 1 3 
1604104656 1604104656 1563735472 1563735487 0 65535 0 65535 1 1 2 
1584645151 1584645151 1563735472 1563735487 0 65535 0 65535 6 6 0 
1695890331 1695890331 1695890304 1695890319 0 65535 0 65535 6 6 4 
1646933295 1646933295 1646933520 1646933535 0 65535 0 65535 6 6 3 
1933624184 1933624184 1933624432 1933624447 0 65535 0 65535 6 6 2 
3359151344 3359151359 3344165582 3344165582 0 65535 0 65535 6 6 0 
3466749728 3466749743 2953640404 2953640404 0 65535 0 65535 6 6 3 
3753971600 3753971615 3753970762 3753970762 0 65535 0 65535 6 6 2 
3589863088 3589863103 2980475584 2980475584 0 65535 0 65535 6 6 4 
3539649344 3539649359 3539648794 3539648794 0 65535 0 65535 1 1 3 
3539649344 3539649359 2980467484 2980467484 0 65535 0 65535 6 6 4 
3886930384 3886930399 3010257924 3010257924 0 65535 0 65535 6 6 0 
3864270976 3864270991 3010258031 3010258031 0 65535 0 65535 1 1 0 
3836151232 3836151247 3010257364 3010257364 0 65535 0 65535 6 6 2 
2692338224 2692338239 2922916122 2922916122 0 65535 0 65535 6 6 0 
2747118192 2747118207 3612071885 3612071885 0 65535 0 65535 6 6 2 
2933299328 2933299343 3492117419 3492117419 0 65535 0 65535 6 6 2 
3157221104 3157221119 3505325914 3505325914 0 65535 0 65535 1 1 4 
2969970944 2969970959 3126829039 3126829039 0 65535 0 65535 6 6 3 
2670578336 2670578351 2647467570 2647467570 0 65535 0 65535 6 6 3 
2595476336 2595476351 2595476756 2595476756 0 65535 0 65535 6 6 1 
2568367616 2568367631 2568366290 2568366290 0 65535 0 65535 6 6 1 
2466797504 2466797519 3521739971 3521739971 0 65535 0 65535 6 6 3 
2514439792 2514439807 3554424134 3554424134 0 65535 0 65535 1 1 2 
620010416 620010431 648537748 648537748 0 65535 0 65535 6 6 3 
585724800 585724815 543292840 543292840 0 65535 0 65535 6 6 4 
576522864 576522879 1572371678 1572371678 0 65535 0 65535 1 1 2 
591656272 591656287 543292816 543292816 0 65535 0 65535 6 6 0 
876624960 876624975 930788982 930788982 0 65535 0 65535 1 1 0 
1033238432 1033238447 1033237675 1033237675 0 65535 0 65535 6 6 4 
324152784 324152799 324151304 324151304 0 65535 0 65535 6 6 3 
361695280 361695295 361697244 361697244 0 65535 0 65535 6 6 0 
361695264 361695279 462132629 462132629 0 65535 0 65535 6 6 3 
378203392 378203407 338318630 338318630 0 65535 0 65535 6 6 0 
190401456 190401471 190401605 190401605 0 65535 0 65535 6 6 0 
1205083968 1205083983 11071938 11071938 0 65535 0 65535 6 6 1 
1163039712 1163039727 1163039798 1163039798 0 65535 0 65535 6 6 4 
1345962704 1345962719 70602281 70602281 0 65535 0 65535 6 6 2 
1874207248 1874207263 1815306500 1815306500 0 65535 0 65535 6 6 2 
1838273120 1838273135 1654662604 1654662604 0 65535 0 65535 6 6 0 
1699442592 1699442607 1718124450 1718124450 0 65535 0 65535 6 6 0 
1614043936 1614043951 1654662606 1654662606 0 65535 0 65535 6 6 3 
2028163344 2028163359 120462119 120462119 0 65535 0 65535 1 1 3 
2132936016 2132936031 2132936001 2132936001 0 65535 0 65535 6 6 4 
3305651477 3305651477 3440845408 3440845423 0 65535 0 65535 47 47 1 
3414669927 3414669927 2953640400 2953640415 0 65535 0 65535 47 47 2 
3508731865 3508731865 3714482768 3714482783 0 65535 0 65535 1 1 3 
2431204657 2431204657 2431204640 2431204655 0 65535 0 65535 1 1 2 
2172462327 2172462327 2210018416 2210018431 0 65535 0 65535 47 47 1 
2340924837 2340924837 2340925152 2340925167 0 65535 0 65535 47 47 4 
2375543489 2375543489 2375544512 2375544527 0 65535 0 65535 47 47 2 
2375543489 2375543489 3527082992 3527083007 0 65535 0 65535 47 47 2 
615336891 615336891 1574795696 1574795711 0 65535 0 65535 47 47 2 
987775149 987775149 987776016 987776031 0 65535 0 65535 47 47 0 
960698609 960698609 960700144 960700159 0 65535 0 65535 1 1 3 
439303531 439303531 439303920 439303935 0 65535 0 65535 47 47 0 
462131256 462131256 462132384 462132399 0 65535 0 65535 47 47 3 
225568565 225568565 112633024 112633039 0 65535 0 65535 47 47 1 
26818108 26818108 137303904 137303919 0 65535 0 65535 47 47 4 
1451846013 1451846013 1539515728 1539515743 0 65535 0 65535 47 47 2 
1506005431 1506005431 1506006512 1506006527 0 65535 0 65535 47 47 4 
1718122525 1718122525 92556384 92556399 0 65535 0 65535 47 47 1 
1686545941 1686545941 92556384 92556399 0 65535 0 65535 47 47 2 
1707101780 1707101780 127987792 127987807 0 65535 0 65535 47 47 2 
1654661150 1654661150 1654662592 1654662607 0 65535 0 65535 47 47 3 
3741371136 3741371151 3714482495 3714482495 0 65535 0 65535 47 47 4 
4162686752 4162686767 4062892345 4062892345 0 65535 0 65535 47 47 3 
4289135952 4289135967 4239289121 4239289121 0 65535 0 65535 6 6 4 
4257172464 4257172479 4271099276 4271099276 0 65535 0 65535 1 1 3 
3771508240 3771508255 4013650551 4013650551 0 65535 0 65535 47 47 0 
2969971936 2969971951 2969971958 2969971958 0 65535 0 65535 47 47 2 
2663426608 2663426623 2663427287 2663427287 0 65535 0 65535 47 47 3 
2514439712 2514439727 2663427299 2663427299 0 65535 0 65535 47 47 0 
2371368624 2371368639 2371368615 2371368615 0 65535 0 65535 47 47 4 
609493824 609493839 1559349584 1559349584 0 65535 0 65535 47 47 0 
585724752 585724767 1572371578 1572371578 0 65535 0 65535 47 47 4 
836712736 836712751 860767604 860767604 0 65535 0 65535 47 47 2 
316753536 316753551 1480445797 1480445797 0 65535 0 65535 47 47 2 
414173488 414173503 462132399 462132399 0 65535 0 65535 47 47 4 
176908144 176908159 137303915 137303915 0 65535 0 65535 47 47 4 
5149376 5149391 5148757 5148757 0 65535 0 65535 47 47 4 
1281986176 1281986191 1281985726 1281985726 0 65535 0 65535 47 47 0 
1190678464 1190678479 1163039796 1163039796 0 65535 0 65535 47 47 1 
1601153408 1601153423 82756210 82756210 0 65535 0 65535 47 47 2 
1488107888 1488107903 1539515772 1539515772 0 65535 0 65535 47 47 4 
2118490624 2118490639 120462098 120462098 0 65535 0 65535 47 47 1 
2118490928 2118490943 1933624442 1933624442 0 65535 0 65535 47 47 4 
2101232112 2101232127 2101233581 2101233581 0 65535 0 65535 47 47 4 
2012131456 2012131471 2132936004 2132936004 0 65535 0 65535 1 1 2 
3351667628 3351667628 3351666688 3351668735 1024 65535 1024 65535 6 6 2 
3249913079 3249913079 3269539840 3269541887 1024 65535 1024 65535 6 6 2 
3716184444 3716184444 3716184064 3716186111 1024 65535 1024 65535 6 6 4 
3510875280 3510875280 3539648512 3539650559 1024 65535 1024 65535 6 6 4 
4192828549 4192828549 4192827392 4192829439 1024 65535 1024 65535 6 6 3 
4269722853 4269722853 4066908160 4066910207 1024 65535 1024 65535 6 6 3 
4046472735 4046472735 4066908160 4066910207 1024 65535 1024 65535 6 6 0 
3791106028 3791106028 3791104000 3791106047 1024 65535 1024 65535 6 6 4 
3876677239 3876677239 3004520448 3004522495 1024 65535 1024 65535 6 6 1 
3851881749 3851881749 3886929920 3886931967 1024 65535 1024 65535 6 6 1 
3836151240 3836151240 3836149760 3836151807 1024 65535 1024 65535 6 6 4 
2925906802 2925906802 2905069568 2905071615 1024 65535 1024 65535 6 6 2 
2871166595 2871166595 3492116480 3492118527 1024 65535 1024 65535 6 6 0 
3010257699 3010257699 3010256896 3010258943 1024 65535 1024 65535 6 6 2 
2538262418 2538262418 2538260480 2538262527 1024 65535 1024 65535 6 6 3 
2198364740 2198364740 2380423168 2380425215 1024 65535 1024 65535 6 6 3 
2305940998 2305940998 2228959232 2228961279 1024 65535 1024 65535 6 6 3 
2410530443 2410530443 2228959232 2228961279 1024 65535 1024 65535 6 6 3 
694252475 694252475 538009600 538011647 1024 65535 1024 65535 6 6 3 
742491149 742491149 742490112 742492159 1024 65535 1024 65535 6 6 3 
786570007 786570007 1559349248 1559351295 1024 65535 1024 65535 6 6 1 
605627589 605627589 1559349248 1559351295 1024 65535 1024 65535 6 6 2 
641323794 641323794 626814976 626817023 1024 65535 1024 65535 6 6 2 
882036168 882036168 882034688 882036735 1024 65535 1024 65535 6 6 4 
917646291 917646291 1490788352 1490790399 1024 65535 1024 65535 6 6 3 
1002605271 1002605271 1490788352 1490790399 1024 65535 1024 65535 6 6 3 
954688748 954688748 895594496 895596543 1024 65535 1024 65535 6 6 0 
1028246763 1028246763 898095104 898097151 1024 65535 1024 65535 6 6 2 
316753446 316753446 316751872 316753919 1024 65535 1024 65535 6 6 2 
361695272 361695272 1499678720 1499680767 1024 65535 1024 65535 6 6 0 
424010487 424010487 424009728 424011775 1024 65535 1024 65535 6 6 2 
225563241 225563241 1526556672 1526558719 1024 65535 1024 65535 6 6 1 
26818108 26818108 1514018816 1514020863 1024 65535 1024 65535 6 6 3 
1329048340 1329048340 1329047552 1329049599 1024 65535 1024 65535 6 6 0 
1287161661 1287161661 1096685568 1096687615 1024 65535 1024 65535 6 6 0 
1136492662 1136492662 1136492544 1136494591 1024 65535 1024 65535 6 6 1 
1386549221 1386549221 1386547200 1386549247 1024 65535 1024 65535 6 6 3 
1379994437 1379994437 1379993600 1379995647 1024 65535 1024 65535 6 6 3 
1446837969 1446837969 1446836224 1446838271 1024 65535 1024 65535 6 6 3 
1506005062 1506005062 1506004992 1506007039 1024 65535 1024 65535 6 6 0 
1488107890 1488107890 86089728 86091775 1024 65535 1024 65535 6 6 2 
1747320284 1747320284 1747318784 1747320831 1024 65535 1024 65535 6 6 3 
1628265592 1628265592 127987712 127989759 1024 65535 1024 65535 6 6 2 
1938666860 1938666860 1911132160 1911134207 1024 65535 1024 65535 6 6 2 
1899319035 1899319035 1899317248 1899319295 1024 65535 1024 65535 6 6 3 
1972903382 1972903382 1972901888 1972903935 1024 65535 1024 65535 6 6 2 
3249912911 3249912911 3269539840 3269541887 1024 65535 1024 65535 17 17 0 
3407127155 3407127155 3407126528 3407128575 1024 65535 1024 65535 17 17 4 
3463691451 3463691451 2953639936 2953641983 1024 65535 1024 65535 17 17 4 
3655647967 3655647967 2962573312 2962575359 1024 65535 1024 65535 17 17 1 
3630015022 3630015022 2962573312 2962575359 1024 65535 1024 65535 17 17 4 
4209196978 4209196978 4209195008 4209197055 1024 65535 1024 65535 17 17 1 
4066909941 4066909941 4066908160 4066910207 1024 65535 1024 65535 17 17 4 
3977370568 3977370568 3000113152 3000115199 1024 65535 1024 65535 17 17 3 
3802920508 3802920508 3802918912 3802920959 1024 65535 1024 65535 17 17 0 
2947212376 2947212376 3492116480 3492118527 1024 65535 1024 65535 17 17 1 
2868421989 2868421989 2868420608 2868422655 1024 65535 1024 65535 17 17 1 
3178228852 3178228852 3012395008 3012397055 1024 65535 1024 65535 17 17 0 
3126828197 3126828197 3126827008 3126829055 1024 65535 1024 65535 17 17 0 
3151174554 3151174554 3091431424 3091433471 1024 65535 1024 65535 17 17 0 
3018390842 3018390842 3018389504 3018391551 1024 65535 1024 65535 17 17 1 
2595476835 2595476835 3521738752 3521740799 1024 65535 1024 65535 17 17 3 
2564670546 2564670546 3521738752 3521740799 1024 65535 1024 65535 17 17 3 
2351076543 2351076543 2384310272 2384312319 1024 65535 1024 65535 17 17 1 
2395862452 2395862452 3527081984 3527084031 1024 65535 1024 65535 17 17 0 
990355316 990355316 990353408 990355455 1024 65535 1024 65535 17 17 4 
954689417 954689417 954687488 954689535 1024 65535 1024 65535 17 17 2 
331339066 331339066 1499678720 1499680767 1024 65535 1024 65535 17 17 0 
338317920 338317920 338317312 338319359 1024 65535 1024 65535 17 17 2 
210753738 210753738 1526556672 1526558719 1024 65535 1024 65535 17 17 2 
1321657065 1321657065 11061248 11063295 1024 65535 1024 65535 17 17 2 
1104301285 1104301285 1104300032 1104302079 1024 65535 1024 65535 17 17 0 
1118875834 1118875834 1312698368 1312700415 1024 65535 1024 65535 17 17 1 
1553960797 1553960797 82755584 82757631 1024 65535 1024 65535 17 17 2 
3647768518 3647768518 2962574848 2962574851 0 65535 0 65535 0 255 4 
1069607029 1069607029 1069608932 1069608935 0 65535 0 65535 0 255 2 
1122323110 1122323110 1096685728 1096685731 0 65535 0 65535 0 255 0 
1420431733 1420431733 1420433404 1420433407 0 65535 0 65535 0 255 3 
3608637936 3608637939 3608638774 3608638774 0 65535 0 65535 0 255 4 
736701140 736701143 699088955 699088955 0 65535 0 65535 0 255 4 
157585220 157585223 1526557610 1526557610 0 65535 0 65535 0 255 2 
2805304800 2805304815 3494622712 3494622712 0 65535 0 65535 0 255 1 
1048169477 1048169477 898095904 898095919 0 65535 0 65535 0 255 1 
1551186575 1551186575 1420431600 1420431615 0 65535 0 65535 0 255 3 
1795008545 1795008545 1795009728 1795009743 0 65535 0 65535 0 255 1 
0 4294967295 2504208128 2504208128 0 65535 2055 2055 6 6 4 
0 4294967295 2499850320 2499850320 0 65535 123 123 6 6 3 
0 4294967295 2499851975 2499851975 0 65535 22 22 6 6 0 
0 4294967295 2499852027 2499852027 0 65535 7649 7649 6 6 3 
0 4294967295 2499852018 2499852018 0 65535 137 137 6 6 1 
0 4294967295 2510409554 2510409554 0 65535 25 25 6 6 1 
0 4294967295 2515936895 2515936895 0 65535 80 80 6 6 4 
0 4294967295 2515937250 2515937250 0 65535 119 119 6 6 1 
0 4294967295 2515937250 2515937250 0 65535 143 143 6 6 2 
0 4294967295 2515937056 2515937056 0 65535 67 67 6 6 3 
0 4294967295 2498959117 2498959117 0 65535 22 22 6 6 2 
0 4294967295 2498959117 2498959117 0 65535 53 53 6 6 0 
0 4294967295 2498959117 2498959117 0 65535 25 25 6 6 1 
0 4294967295 2489280412 2489280412 0 65535 2401 2401 6 6 2 
0 4294967295 2484670393 2484670393 0 65535 25 25 6 6 3 
0 4294967295 2484681282 2484681282 0 65535 179 179 6 6 2 
0 4294967295 2484681570 2484681570 0 65535 53 53 6 6 4 
0 4294967295 2517219270 2517219270 0 65535 22 22 6 6 1 
0 4294967295 2521630622 2521630622 0 65535 110 110 6 6 0 
0 4294967295 2521629944 2521629944 0 65535 7326 7326 6 6 4 
0 4294967295 2521629853 2521629853 0 65535 123 123 6 6 0 
0 4294967295 2521629853 2521629853 0 65535 22 22 6 6 4 
0 4294967295 2527970186 2527970186 0 65535 123 123 6 6 0 
0 4294967295 2530773519 2530773519 0 65535 110 110 6 6 0 
0 4294967295 2530773514 2530773514 0 65535 22 22 6 6 0 
0 4294967295 2530774011 2530774011 0 65535 25 25 6 6 2 
0 4294967295 2530773974 2530773974 0 65535 80 80 6 6 4 
0 4294967295 2530773972 2530773972 0 65535 37 37 6 6 1 
0 4294967295 2530773971 2530773971 0 65535 544 544 6 6 3 
0 4294967295 2547981382 2547981382 0 65535 25 25 6 6 0 
0 4294967295 2543593151 2543593151 0 65535 25 25 6 6 3 
0 4294967295 2543593150 2543593150 0 65535 80 80 6 6 3 
0 4294967295 2543593148 2543593148 0 65535 5999 5999 6 6 2 
0 4294967295 2543593148 2543593148 0 65535 1999 1999 6 6 4 
0 4294967295 2536236996 2536236996 0 65535 5999 5999 6 6 2 
0 4294967295 2538261472 2538261472 0 65535 25 25 6 6 0 
0 4294967295 2538261377 2538261377 0 65535 22 22 6 6 4 
0 4294967295 2439188303 2439188303 0 65535 22 22 6 6 1 
0 4294967295 2433462492 2433462492 0 65535 138 138 6 6 3 
0 4294967295 2433462492 2433462492 0 65535 161 161 6 6 4 
0 4294967295 2433463317 2433463317 0 65535 22 22 6 6 1 
0 4294967295 2447348129 2447348129 0 65535 110 110 6 6 2 
0 4294967295 2442465285 2442465285 0 65535 2055 2055 6 6 4 
0 4294967295 2442465294 2442465294 0 65535 69 69 6 6 1 
0 4294967295 2442465314 2442465314 0 65535 25 25 6 6 4 
0 4294967295 2442465314 2442465314 0 65535 21 21 6 6 4 
0 4294967295 2442465314 2442465314 0 65535 80 80 6 6 3 
0 4294967295 2442465314 2442465314 0 65535 179 179 6 6 4 
0 4294967295 2423034830 2423034830 0 65535 22 22 6 6 4 
0 4294967295 2423034511 2423034511 0 65535 80 80 6 6 4 
0 4294967295 2423034547 2423034547 0 65535 88 88 6 6 1 
0 4294967295 2423034544 2423034544 0 65535 53 53 6 6 1 
0 4294967295 2426876561 2426876561 0 65535 113 113 6 6 2 
0 4294967295 2473245768 2473245768 0 65535 879 879 6 6 1 
0 4294967295 2473245781 2473245781 0 65535 879 879 6 6 2 
0 4294967295 2473245725 2473245725 0 65535 22 22 6 6 3 
0 4294967295 2473245725 2473245725 0 65535 21 21 6 6 1 
0 4294967295 2473245725 2473245725 0 65535 25 25 6 6 0 
0 4294967295 2476811406 2476811406 0 65535 24032 24032 6 6 0 
0 4294967295 2476811447 2476811447 0 65535 24032 24032 6 6 0 
0 4294967295 2476804712 2476804712 0 65535 80 80 6 6 2 
0 4294967295 2476805349 2476805349 0 65535 67 67 6 6 1 
0 4294967295 2456389087 2456389087 0 65535 123 123 6 6 1 
0 4294967295 2450718556 2450718556 0 65535 80 80 6 6 2 
0 4294967295 2450718531 2450718531 0 65535 80 80 6 6 0 
0 4294967295 2450704749 2450704749 0 65535 53 53 6 6 0 
0 4294967295 2450704668 2450704668 0 65535 21 21 6 6 2 
0 4294967295 2464395261 2464395261 0 65535 37 37 6 6 1 
0 4294967295 2614583182 2614583182 0 65535 37 37 6 6 1 
0 4294967295 2609635102 2609635102 0 65535 22 22 6 6 2 
0 4294967295 2609634741 2609634741 0 65535 80 80 6 6 2 
0 4294967295 2609634740 2609634740 0 65535 53 53 6 6 4 
0 4294967295 2609634745 2609634745 0 65535 25 25 6 6 0 
0 4294967295 2609634745 2609634745 0 65535 24032 24032 6 6 0 
0 4294967295 2609634745 2609634745 0 65535 22 22 6 6 1 
0 4294967295 2603037859 2603037859 0 65535 80 80 6 6 1 
0 4294967295 2603037924 2603037924 0 65535 161 161 6 6 1 
0 4294967295 2603037925 2603037925 0 65535 123 123 6 6 0 
0 4294967295 2603036884 2603036884 0 65535 22 22 6 6 0 
0 4294967295 2603036862 2603036862 0 65535 544 544 6 6 1 
0 4294967295 2585567847 2585567847 0 65535 7648 7648 6 6 4 
0 4294967295 2588406702 2588406702 0 65535 25 25 6 6 0 
0 4294967295 2588406695 2588406695 0 65535 25 25 6 6 3 
0 4294967295 2588406594 2588406594 0 65535 161 161 6 6 0 
0 4294967295 2595476758 2595476758 0 65535 750 750 6 6 3 
0 4294967295 2595476758 2595476758 0 65535 80 80 6 6 1 
0 4294967295 2595476756 2595476756 0 65535 879 879 6 6 2 
0 4294967295 2595476756 2595476756 0 65535 53 53 6 6 4 
0 4294967295 2582189032 2582189032 0 65535 21 21 6 6 0 
0 4294967295 2579050659 2579050659 0 65535 22 22 6 6 3 
0 4294967295 2573070940 2573070940 0 65535 22 22 6 6 4 
0 4294967295 2568366204 2568366204 0 65535 137 137 6 6 1 
0 4294967295 2568366204 2568366204 0 65535 22 22 6 6 4 
0 4294967295 2568366289 2568366289 0 65535 80 80 6 6 2 
0 4294967295 2554283294 2554283294 0 65535 21 21 6 6 2 
0 4294967295 2557325428 2557325428 0 65535 88 88 6 6 0 
0 4294967295 2557325734 2557325734 0 65535 8080 8080 6 6 0 
0 4294967295 2557325732 2557325732 0 65535 80 80 6 6 1 
0 4294967295 2563693942 2563693942 0 65535 80 80 6 6 1 
0 4294967295 2558599605 2558599605 0 65535 161 161 6 6 2 
0 4294967295 2558599604 2558599604 0 65535 80 80 6 6 0 
0 4294967295 2558599609 2558599609 0 65535 7649 7649 6 6 4 
0 4294967295 2558599610 2558599610 0 65535 80 80 6 6 3 
0 4294967295 2624648485 2624648485 0 65535 443 443 6 6 2 
0 4294967295 2618398516 2618398516 0 65535 123 123 6 6 4 
0 4294967295 2618406381 2618406381 0 65535 2105 2105 6 6 0 
0 4294967295 2618406381 2618406381 0 65535 119 119 6 6 3 
0 4294967295 2618406383 2618406383 0 65535 22 22 6 6 4 
0 4294967295 2627517621 2627517621 0 65535 88 88 6 6 3 
0 4294967295 2632920465 2632920465 0 65535 53 53 6 6 1 
0 4294967295 2632920467 2632920467 0 65535 750 750 6 6 1 
0 4294967295 2632920448 2632920448 0 65535 113 113 6 6 2 
0 4294967295 2636269120 2636269120 0 65535 110 110 6 6 0 
0 4294967295 2638737913 2638737913 0 65535 2105 2105 6 6 3 
0 4294967295 2638737913 2638737913 0 65535 53 53 6 6 0 
0 4294967295 2638737913 2638737913 0 65535 2055 2055 6 6 4 
0 4294967295 2645581602 2645581602 0 65535 21 21 6 6 2 
0 4294967295 2647467617 2647467617 0 65535 88 88 6 6 0 
0 4294967295 2668718674 2668718674 0 65535 7648 7648 6 6 4 
0 4294967295 2668718674 2668718674 0 65535 67 67 6 6 2 
0 4294967295 2668718679 2668718679 0 65535 137 137 6 6 0 
0 4294967295 2668718679 2668718679 0 65535 22 22 6 6 2 
0 4294967295 2668718677 2668718677 0 65535 88 88 6 6 4 
0 4294967295 2681022571 2681022571 0 65535 22 22 6 6 4 
0 4294967295 2656488187 2656488187 0 65535 21 21 6 6 2 
0 4294967295 2651084637 2651084637 0 65535 544 544 6 6 2 
0 4294967295 2651084649 2651084649 0 65535 110 110 6 6 4 
0 4294967295 2651084652 2651084652 0 65535 138 138 6 6 4 
0 4294967295 2651084769 2651084769 0 65535 88 88 6 6 2 
0 4294967295 2186417314 2186417314 0 65535 23 23 6 6 4 
0 4294967295 2186417314 2186417314 0 65535 2105 2105 6 6 0 
0 4294967295 2186417425 2186417425 0 65535 7326 7326 6 6 3 
0 4294967295 2186417602 2186417602 0 65535 67 67 6 6 1 
0 4294967295 2195542758 2195542758 0 65535 25 25 6 6 2 
0 4294967295 2195542771 2195542771 0 65535 22 22 6 6 3 
0 4294967295 2195542772 2195542772 0 65535 179 179 6 6 4 
0 4294967295 2204703195 2204703195 0 65535 80 80 6 6 4 
0 4294967295 2199564028 2199564028 0 65535 80 80 6 6 0 
0 4294967295 2199563620 2199563620 0 65535 24032 24032 6 6 1 
0 4294967295 2199563589 2199563589 0 65535 53 53 6 6 2 
0 4294967295 2210018517 2210018517 0 65535 750 750 6 6 1 
0 4294967295 2210018532 2210018532 0 65535 7648 7648 6 6 3 
0 4294967295 2210018368 2210018368 0 65535 80 80 6 6 1 
0 4294967295 2210018413 2210018413 0 65535 113 113 6 6 2 
0 4294967295 2172150888 2172150888 0 65535 53 53 6 6 1 
0 4294967295 2164408732 2164408732 0 65535 53 53 6 6 2 
0 4294967295 2164408323 2164408323 0 65535 53 53 6 6 3 
0 4294967295 2176151003 2176151003 0 65535 544 544 6 6 4 
0 4294967295 2177197387 2177197387 0 65535 25 25 6 6 4 
0 4294967295 2177197414 2177197414 0 65535 22 22 6 6 2 
0 4294967295 2177197412 2177197412 0 65535 13 13 6 6 2 
0 4294967295 2177196362 2177196362 0 65535 1999 1999 6 6 4 
0 4294967295 2177196414 2177196414 0 65535 123 123 6 6 1 
0 4294967295 2163473728 2163473728 0 65535 5998 5998 6 6 1 
0 4294967295 2163474416 2163474416 0 65535 25 25 6 6 4 
0 4294967295 2163474379 2163474379 0 65535 119 119 6 6 4 
0 4294967295 2163474242 2163474242 0 65535 119 119 6 6 3 
0 4294967295 2153793750 2153793750 0 65535 80 80 6 6 3 
0 4294967295 2149550895 2149550895 0 65535 80 80 6 6 2 
0 4294967295 2149550854 2149550854 0 65535 80 80 6 6 1 
0 4294967295 2149550854 2149550854 0 65535 123 123 6 6 2 
0 4294967295 2264354505 2264354505 0 65535 22 22 6 6 3 
0 4294967295 2258343817 2258343817 0 65535 80 80 6 6 1 
0 4294967295 2258343817 2258343817 0 65535 22 22 6 6 2 
0 4294967295 2258343860 2258343860 0 65535 22 22 6 6 0 
0 4294967295 2258343858 2258343858 0 65535 25 25 6 6 3 
0 4294967295 2248574388 2248574388 0 65535 123 123 6 6 4 
0 4294967295 2252738018 2252738018 0 65535 22 22 6 6 0 
0 4294967295 2252738003 2252738003 0 65535 25 25 6 6 3 
0 4294967295 2252737984 2252737984 0 65535 67 67 6 6 2 
0 4294967295 2252737994 2252737994 0 65535 139 139 6 6 4 
0 4294967295 2252737998 2252737998 0 65535 22 22 6 6 2 
0 4294967295 2278518964 2278518964 0 65535 2105 2105 6 6 2 
0 4294967295 2278518964 2278518964 0 65535 7649 7649 6 6 0 
0 4294967295 2278518915 2278518915 0 65535 24032 24032 6 6 4 
0 4294967295 2278518912 2278518912 0 65535 53 53 6 6 2 
0 4294967295 2278518925 2278518925 0 65535 22 22 6 6 4 
0 4294967295 2278518927 2278518927 0 65535 80 80 6 6 0 
0 4294967295 2272465538 2272465538 0 65535 22 22 6 6 1 
0 4294967295 2267197518 2267197518 0 65535 754 754 6 6 3 
0 4294967295 2267197514 2267197514 0 65535 7649 7649 6 6 1 
0 4294967295 2267197504 2267197504 0 65535 69 69 6 6 0 
0 4294967295 2232015200 2232015200 0 65535 24032 24032 6 6 4 
0 4294967295 2239100755 2239100755 0 65535 53 53 6 6 3 
0 4294967295 2239100755 2239100755 0 65535 143 143 6 6 1 
0 4294967295 2239100755 2239100755 0 65535 80 80 6 6 3 
0 4294967295 2239100755 2239100755 0 65535 21 21 6 6 3 
0 4294967295 2242183005 2242183005 0 65535 22 22 6 6 4 
0 4294967295 2247214512 2247214512 0 65535 67 67 6 6 4 
0 4294967295 2247214512 2247214512 0 65535 750 750 6 6 0 
0 4294967295 2221049526 2221049526 0 65535 22 22 6 6 1 
0 4294967295 2221049512 2221049512 0 65535 119 119 6 6 4 
0 4294967295 2221049477 2221049477 0 65535 443 443 6 6 4 
0 4294967295 2228959375 2228959375 0 65535 80 80 6 6 1 
0 4294967295 2331830625 2331830625 0 65535 750 750 6 6 2 
0 4294967295 2325922063 2325922063 0 65535 25 25 6 6 2 
0 4294967295 2325922063 2325922063 0 65535 53 53 6 6 4 
0 4294967295 2325922099 2325922099 0 65535 22 22 6 6 0 
0 4294967295 2325922099 2325922099 0 65535 5998 5998 6 6 0 
0 4294967295 2316801191 2316801191 0 65535 443 443 6 6 1 
0 4294967295 2322940638 2322940638 0 65535 123 123 6 6 4 
0 4294967295 2322940622 2322940622 0 65535 161 161 6 6 0 
0 4294967295 2322940653 2322940653 0 65535 123 123 6 6 1 
0 4294967295 2322940641 2322940641 0 65535 25 25 6 6 2 
0 4294967295 2322940647 2322940647 0 65535 25 25 6 6 2 
0 4294967295 2340149874 2340149874 0 65535 22 22 6 6 3 
0 4294967295 2333840864 2333840864 0 65535 53 53 6 6 2 
0 4294967295 2333840891 2333840891 0 65535 53 53 6 6 0 
0 4294967295 2333840816 2333840816 0 65535 443 443 6 6 0 
0 4294967295 2333840816 2333840816 0 65535 22 22 6 6 3 
0 4294967295 2333840828 2333840828 0 65535 5999 5999 6 6 1 
0 4294967295 2346704323 2346704323 0 65535 80 80 6 6 1 
0 4294967295 2340923690 2340923690 0 65535 123 123 6 6 4 
0 4294967295 2340923699 2340923699 0 65535 161 161 6 6 4 
0 4294967295 2340925002 2340925002 0 65535 22 22 6 6 0 
0 4294967295 2340925002 2340925002 0 65535 25 25 6 6 0 
0 4294967295 2309898626 2309898626 0 65535 22 22 6 6 0 
0 4294967295 2313049736 2313049736 0 65535 67 67 6 6 3 
0 4294967295 2313049736 2313049736 0 65535 25 25 6 6 2 
0 4294967295 2313049736 2313049736 0 65535 2105 2105 6 6 0 
0 4294967295 2305939858 2305939858 0 65535 22 22 6 6 2 
0 4294967295 2305939843 2305939843 0 65535 53 53 6 6 3 
0 4294967295 2305939894 2305939894 0 65535 23 23 6 6 4 
0 4294967295 2292124897 2292124897 0 65535 22 22 6 6 4 
0 4294967295 2295831791 2295831791 0 65535 53 53 6 6 1 
0 4294967295 2295831790 2295831790 0 65535 754 754 6 6 2 
0 4294967295 2295831590 2295831590 0 65535 53 53 6 6 3 
0 4294967295 2295831562 2295831562 0 65535 80 80 6 6 1 
0 4294967295 2285766890 2285766890 0 65535 23 23 6 6 2 
0 4294967295 2287467083 2287467083 0 65535 544 544 6 6 2 
0 4294967295 2405750600 2405750600 0 65535 37 37 6 6 4 
0 4294967295 2405750603 2405750603 0 65535 7648 7648 6 6 3 
0 4294967295 2405750464 2405750464 0 65535 22 22 6 6 0 
0 4294967295 2405750506 2405750506 0 65535 25 25 6 6 0 
0 4294967295 2405750511 2405750511 0 65535 22 22 6 6 1 
0 4294967295 2415278309 2415278309 0 65535 544 544 6 6 1 
0 4294967295 2415279273 2415279273 0 65535 53 53 6 6 3 
0 4294967295 2415270403 2415270403 0 65535 53 53 6 6 3 
0 4294967295 2415270460 2415270460 0 65535 25 25 6 6 1 
0 4294967295 2415270460 2415270460 0 65535 22 22 6 6 3 
0 4294967295 2397999882 2397999882 0 65535 80 80 6 6 2 
0 4294967295 2392231241 2392231241 0 65535 67 67 6 6 2 
0 4294967295 2392231241 2392231241 0 65535 754 754 6 6 4 
0 4294967295 2392231144 2392231144 0 65535 67 67 6 6 4 
0 4294967295 2392231144 2392231144 0 65535 37 37 6 6 3 
0 4294967295 2384311511 2384311511 0 65535 22 22 6 6 4 
0 4294967295 2352153894 2352153894 0 65535 23 23 6 6 4 
0 4294967295 2352152602 2352152602 0 65535 123 123 6 6 1 
0 4294967295 2352152805 2352152805 0 65535 443 443 6 6 4 
0 4294967295 2359876662 2359876662 0 65535 37 37 6 6 1 
0 4294967295 2361487368 2361487368 0 65535 123 123 6 6 2 
0 4294967295 2361487379 2361487379 0 65535 179 179 6 6 1 
0 4294967295 2361487593 2361487593 0 65535 110 110 6 6 4 
0 4294967295 2361487584 2361487584 0 65535 123 123 6 6 1 
0 4294967295 2361487591 2361487591 0 65535 80 80 6 6 1 
0 4294967295 2368167337 2368167337 0 65535 162 162 6 6 1 
0 4294967295 2371368615 2371368615 0 65535 69 69 6 6 4 
0 4294967295 2371368615 2371368615 0 65535 21 21 6 6 2 
0 4294967295 2836882832 2836882832 0 65535 53 53 6 6 4 
0 4294967295 2840684328 2840684328 0 65535 113 113 6 6 4 
0 4294967295 2840684328 2840684328 0 65535 750 750 6 6 0 
0 4294967295 2840684345 2840684345 0 65535 22 22 6 6 4 
0 4294967295 2840684345 2840684345 0 65535 80 80 6 6 0 
0 4294967295 2840684348 2840684348 0 65535 80 80 6 6 3 
0 4294967295 0 4294967295 0 65535 0 65535 0 255 2 
