0 4294967295 2849407529 2849407529 0 65535 2105 2105 6 6 2 
0 4294967295 2849407333 2849407333 0 65535 143 143 6 6 3 
0 4294967295 2849407346 2849407346 0 65535 80 80 6 6 2 
0 4294967295 2849407350 2849407350 0 65535 123 123 6 6 0 
0 4294967295 2825328649 2825328649 0 65535 162 162 6 6 0 
0 4294967295 2818823686 2818823686 0 65535 2055 2055 6 6 3 
0 4294967295 2818823741 2818823741 0 65535 22 22 6 6 0 
0 4294967295 2818823775 2818823775 0 65535 21 21 6 6 1 
0 4294967295 2818823775 2818823775 0 65535 80 80 6 6 3 
0 4294967295 2818823770 2818823770 0 65535 22 22 6 6 1 
0 4294967295 2818823769 2818823769 0 65535 22 22 6 6 1 
0 4294967295 2834903266 2834903266 0 65535 22 22 6 6 0 
0 4294967295 2828792328 2828792328 0 65535 80 80 6 6 3 
0 4294967295 2828792335 2828792335 0 65535 443 443 6 6 2 
0 4294967295 2828792342 2828792342 0 65535 754 754 6 6 2 
0 4294967295 2881936253 2881936253 0 65535 1999 1999 6 6 1 
0 4294967295 2879209109 2879209109 0 65535 110 110 6 6 0 
0 4294967295 2879209123 2879209123 0 65535 22 22 6 6 1 
0 4294967295 2879193950 2879193950 0 65535 80 80 6 6 1 
0 4294967295 2879193934 2879193934 0 65535 21 21 6 6 0 
0 4294967295 2879193934 2879193934 0 65535 53 53 6 6 1 
0 4294967295 2873113968 2873113968 0 65535 80 80 6 6 2 
0 4294967295 2873113974 2873113974 0 65535 119 119 6 6 0 
0 4294967295 2873113888 2873113888 0 65535 53 53 6 6 3 
0 4294967295 2856247854 2856247854 0 65535 24032 24032 6 6 4 
0 4294967295 2856247819 2856247819 0 65535 2105 2105 6 6 2 
0 4294967295 2856248286 2856248286 0 65535 53 53 6 6 1 
0 4294967295 2856248319 2856248319 0 65535 22 22 6 6 2 
0 4294967295 2856248317 2856248317 0 65535 25 25 6 6 1 
0 4294967295 2868414310 2868414310 0 65535 25 25 6 6 2 
0 4294967295 2891378060 2891378060 0 65535 161 161 6 6 4 
0 4294967295 2887966261 2887966261 0 65535 13 13 6 6 3 
0 4294967295 2887966053 2887966053 0 65535 22 22 6 6 2 
0 4294967295 2887969738 2887969738 0 65535 21 21 6 6 3 
0 4294967295 2887969750 2887969750 0 65535 80 80 6 6 3 
0 4294967295 2887969746 2887969746 0 65535 22 22 6 6 1 
0 4294967295 2895814519 2895814519 0 65535 67 67 6 6 1 
0 4294967295 2900406156 2900406156 0 65535 7326 7326 6 6 3 
0 4294967295 2900406152 2900406152 0 65535 2055 2055 6 6 2 
0 4294967295 2900397812 2900397812 0 65535 544 544 6 6 1 
0 4294967295 2900397810 2900397810 0 65535 53 53 6 6 3 
0 4294967295 2917398931 2917398931 0 65535 69 69 6 6 1 
0 4294967295 2913058194 2913058194 0 65535 22 22 6 6 4 
0 4294967295 2913058192 2913058192 0 65535 53 53 6 6 3 
0 4294967295 2913057362 2913057362 0 65535 22 22 6 6 4 
0 4294967295 2913057391 2913057391 0 65535 22 22 6 6 2 
0 4294967295 2913057386 2913057386 0 65535 22 22 6 6 0 
0 4294967295 2905070051 2905070051 0 65535 21 21 6 6 0 
0 4294967295 2947130851 2947130851 0 65535 53 53 6 6 0 
0 4294967295 2949992210 2949992210 0 65535 2105 2105 6 6 0 
0 4294967295 2949992210 2949992210 0 65535 139 139 6 6 2 
0 4294967295 2949992210 2949992210 0 65535 37 37 6 6 4 
0 4294967295 2939789095 2939789095 0 65535 25 25 6 6 1 
0 4294967295 2941567372 2941567372 0 65535 123 123 6 6 1 
0 4294967295 2941567363 2941567363 0 65535 53 53 6 6 0 
0 4294967295 2941567363 2941567363 0 65535 754 754 6 6 4 
0 4294967295 2941567363 2941567363 0 65535 161 161 6 6 3 
0 4294967295 2932667836 2932667836 0 65535 80 80 6 6 2 
0 4294967295 2927664823 2927664823 0 65535 22 22 6 6 1 
0 4294967295 2927664743 2927664743 0 65535 750 750 6 6 1 
0 4294967295 2927665062 2927665062 0 65535 443 443 6 6 2 
0 4294967295 2927665090 2927665090 0 65535 88 88 6 6 2 
0 4294967295 2759178086 2759178086 0 65535 80 80 6 6 2 
0 4294967295 2751959837 2751959837 0 65535 25 25 6 6 2 
0 4294967295 2751959853 2751959853 0 65535 53 53 6 6 3 
0 4294967295 2751970040 2751970040 0 65535 443 443 6 6 1 
0 4294967295 2751969928 2751969928 0 65535 53 53 6 6 0 
0 4294967295 2768194545 2768194545 0 65535 123 123 6 6 0 
0 4294967295 2778720643 2778720643 0 65535 21 21 6 6 3 
0 4294967295 2782150640 2782150640 0 65535 871 871 6 6 0 
0 4294967295 2782149032 2782149032 0 65535 123 123 6 6 2 
0 4294967295 2782149097 2782149097 0 65535 88 88 6 6 0 
0 4294967295 2782149097 2782149097 0 65535 22 22 6 6 3 
0 4294967295 2771188626 2771188626 0 65535 123 123 6 6 2 
0 4294967295 2776027979 2776027979 0 65535 123 123 6 6 1 
0 4294967295 2776027960 2776027960 0 65535 22 22 6 6 0 
0 4294967295 2776027681 2776027681 0 65535 22 22 6 6 3 
0 4294967295 2785909059 2785909059 0 65535 80 80 6 6 2 
0 4294967295 2791464144 2791464144 0 65535 110 110 6 6 1 
0 4294967295 2791472907 2791472907 0 65535 143 143 6 6 2 
0 4294967295 2791472905 2791472905 0 65535 21 21 6 6 3 
0 4294967295 2791472909 2791472909 0 65535 2055 2055 6 6 3 
0 4294967295 2794564371 2794564371 0 65535 161 161 6 6 2 
0 4294967295 2797968213 2797968213 0 65535 21 21 6 6 0 
0 4294967295 2797968209 2797968209 0 65535 25 25 6 6 0 
0 4294967295 2797968222 2797968222 0 65535 22 22 6 6 0 
0 4294967295 2797968219 2797968219 0 65535 53 53 6 6 3 
0 4294967295 2805175930 2805175930 0 65535 161 161 6 6 4 
0 4294967295 2805175925 2805175925 0 65535 754 754 6 6 0 
0 4294967295 2805175925 2805175925 0 65535 7326 7326 6 6 0 
0 4294967295 2816718628 2816718628 0 65535 53 53 6 6 3 
0 4294967295 2810463049 2810463049 0 65535 22 22 6 6 4 
0 4294967295 2810463451 2810463451 0 65535 25 25 6 6 1 
0 4294967295 2704758921 2704758921 0 65535 879 879 6 6 0 
0 4294967295 2705458119 2705458119 0 65535 80 80 6 6 0 
0 4294967295 2705458119 2705458119 0 65535 443 443 6 6 2 
0 4294967295 2705458119 2705458119 0 65535 53 53 6 6 4 
0 4294967295 2705458112 2705458112 0 65535 22 22 6 6 3 
0 4294967295 2705458115 2705458115 0 65535 88 88 6 6 1 
0 4294967295 2714492262 2714492262 0 65535 871 871 6 6 0 
0 4294967295 2714499874 2714499874 0 65535 25 25 6 6 0 
0 4294967295 2714499963 2714499963 0 65535 8080 8080 6 6 1 
0 4294967295 2692339566 2692339566 0 65535 22 22 6 6 3 
0 4294967295 2692339679 2692339679 0 65535 21 21 6 6 2 
0 4294967295 2695680176 2695680176 0 65535 879 879 6 6 0 
0 4294967295 2695680460 2695680460 0 65535 22 22 6 6 4 
0 4294967295 2719398721 2719398721 0 65535 123 123 6 6 0 
0 4294967295 2723873574 2723873574 0 65535 80 80 6 6 3 
0 4294967295 2723873574 2723873574 0 65535 25 25 6 6 2 
0 4294967295 2723874090 2723874090 0 65535 750 750 6 6 2 
0 4294967295 2723874070 2723874070 0 65535 123 123 6 6 0 
0 4294967295 2723874259 2723874259 0 65535 53 53 6 6 1 
0 4294967295 2727922093 2727922093 0 65535 80 80 6 6 1 
0 4294967295 2733652944 2733652944 0 65535 162 162 6 6 0 
0 4294967295 2733652945 2733652945 0 65535 110 110 6 6 0 
0 4294967295 2733653717 2733653717 0 65535 53 53 6 6 0 
0 4294967295 2744454789 2744454789 0 65535 25 25 6 6 2 
0 4294967295 2744455039 2744455039 0 65535 750 750 6 6 2 
0 4294967295 2744466374 2744466374 0 65535 2105 2105 6 6 3 
0 4294967295 3209420319 3209420319 0 65535 21 21 6 6 0 
0 4294967295 3209420277 3209420277 0 65535 162 162 6 6 2 
0 4294967295 3209420277 3209420277 0 65535 25 25 6 6 2 
0 4294967295 3209420280 3209420280 0 65535 119 119 6 6 0 
0 4294967295 3209420280 3209420280 0 65535 80 80 6 6 4 
0 4294967295 3217759213 3217759213 0 65535 754 754 6 6 4 
0 4294967295 3217759213 3217759213 0 65535 80 80 6 6 2 
0 4294967295 3217759213 3217759213 0 65535 25 25 6 6 2 
0 4294967295 3217759213 3217759213 0 65535 53 53 6 6 4 
0 4294967295 3198793297 3198793297 0 65535 22 22 6 6 2 
0 4294967295 3198793297 3198793297 0 65535 161 161 6 6 3 
0 4294967295 3198791978 3198791978 0 65535 138 138 6 6 0 
0 4294967295 3198792087 3198792087 0 65535 7648 7648 6 6 4 
0 4294967295 3188753510 3188753510 0 65535 53 53 6 6 4 
0 4294967295 3160929152 3160929152 0 65535 21 21 6 6 1 
0 4294967295 3158018860 3158018860 0 65535 22 22 6 6 1 
0 4294967295 3158018867 3158018867 0 65535 53 53 6 6 1 
0 4294967295 3158018867 3158018867 0 65535 67 67 6 6 4 
0 4294967295 3158018876 3158018876 0 65535 2055 2055 6 6 4 
0 4294967295 3167753885 3167753885 0 65535 123 123 6 6 4 
0 4294967295 3167763307 3167763307 0 65535 123 123 6 6 0 
0 4294967295 3167763204 3167763204 0 65535 22 22 6 6 4 
0 4294967295 3181810820 3181810820 0 65535 80 80 6 6 3 
0 4294967295 3185995545 3185995545 0 65535 37 37 6 6 3 
0 4294967295 3185995042 3185995042 0 65535 110 110 6 6 4 
0 4294967295 3185995098 3185995098 0 65535 2105 2105 6 6 2 
0 4294967295 3185995199 3185995199 0 65535 80 80 6 6 0 
0 4294967295 3185995199 3185995199 0 65535 25 25 6 6 4 
0 4294967295 3185995197 3185995197 0 65535 22 22 6 6 2 
0 4294967295 3178222034 3178222034 0 65535 123 123 6 6 1 
0 4294967295 3178221708 3178221708 0 65535 53 53 6 6 3 
0 4294967295 3113620152 3113620152 0 65535 53 53 6 6 4 
0 4294967295 3119091962 3119091962 0 65535 443 443 6 6 0 
0 4294967295 3119091962 3119091962 0 65535 22 22 6 6 4 
0 4294967295 3119091962 3119091962 0 65535 879 879 6 6 0 
0 4294967295 3105779157 3105779157 0 65535 80 80 6 6 1 
0 4294967295 3108496317 3108496317 0 65535 53 53 6 6 1 
0 4294967295 3108496313 3108496313 0 65535 80 80 6 6 2 
0 4294967295 3108496276 3108496276 0 65535 21 21 6 6 0 
0 4294967295 3108496284 3108496284 0 65535 5999 5999 6 6 0 
0 4294967295 3108496284 3108496284 0 65535 80 80 6 6 4 
0 4294967295 3098859358 3098859358 0 65535 25 25 6 6 2 
0 4294967295 3098859242 3098859242 0 65535 22 22 6 6 0 
0 4294967295 3098859149 3098859149 0 65535 544 544 6 6 1 
0 4294967295 3087675980 3087675980 0 65535 80 80 6 6 1 
0 4294967295 3091431469 3091431469 0 65535 443 443 6 6 2 
0 4294967295 3091431515 3091431515 0 65535 2105 2105 6 6 0 
0 4294967295 3150995058 3150995058 0 65535 123 123 6 6 4 
0 4294967295 3145998527 3145998527 0 65535 22 22 6 6 2 
0 4294967295 3145998524 3145998524 0 65535 80 80 6 6 1 
0 4294967295 3145998732 3145998732 0 65535 5999 5999 6 6 1 
0 4294967295 3145998732 3145998732 0 65535 22 22 6 6 4 
0 4294967295 3145998790 3145998790 0 65535 544 544 6 6 1 
0 4294967295 3145998786 3145998786 0 65535 123 123 6 6 4 
0 4294967295 3137537621 3137537621 0 65535 123 123 6 6 4 
0 4294967295 3137537653 3137537653 0 65535 22 22 6 6 1 
0 4294967295 3137537672 3137537672 0 65535 53 53 6 6 1 
0 4294967295 3131100471 3131100471 0 65535 67 67 6 6 0 
0 4294967295 3133396593 3133396593 0 65535 119 119 6 6 0 
0 4294967295 3133396599 3133396599 0 65535 80 80 6 6 3 
0 4294967295 3026698601 3026698601 0 65535 544 544 6 6 4 
0 4294967295 3026698297 3026698297 0 65535 7649 7649 6 6 1 
0 4294967295 3026698348 3026698348 0 65535 80 80 6 6 1 
0 4294967295 3036405199 3036405199 0 65535 53 53 6 6 2 
0 4294967295 3036405183 3036405183 0 65535 22 22 6 6 0 
0 4294967295 3036405176 3036405176 0 65535 88 88 6 6 1 
0 4294967295 3036403978 3036403978 0 65535 2105 2105 6 6 2 
0 4294967295 3036403952 3036403952 0 65535 22 22 6 6 1 
0 4294967295 3039434683 3039434683 0 65535 53 53 6 6 4 
0 4294967295 3043752310 3043752310 0 65535 443 443 6 6 1 
0 4294967295 3043752269 3043752269 0 65535 22 22 6 6 3 
0 4294967295 3043752260 3043752260 0 65535 22 22 6 6 3 
0 4294967295 3046379259 3046379259 0 65535 53 53 6 6 1 
0 4294967295 3051919814 3051919814 0 65535 22 22 6 6 1 
0 4294967295 3051919843 3051919843 0 65535 25 25 6 6 0 
0 4294967295 3051923996 3051923996 0 65535 123 123 6 6 3 
0 4294967295 3077952419 3077952419 0 65535 544 544 6 6 2 
0 4294967295 3077952423 3077952423 0 65535 80 80 6 6 2 
0 4294967295 3077952406 3077952406 0 65535 80 80 6 6 2 
0 4294967295 3077952404 3077952404 0 65535 25 25 6 6 4 
0 4294967295 3085043574 3085043574 0 65535 123 123 6 6 2 
0 4294967295 3085043476 3085043476 0 65535 754 754 6 6 3 
0 4294967295 3085043487 3085043487 0 65535 25 25 6 6 4 
0 4294967295 3085043484 3085043484 0 65535 37 37 6 6 3 
0 4294967295 3059117464 3059117464 0 65535 161 161 6 6 2 
0 4294967295 3059117453 3059117453 0 65535 53 53 6 6 3 
0 4294967295 3059117303 3059117303 0 65535 123 123 6 6 3 
0 4294967295 3895507232 3895507232 0 65535 7648 7648 6 6 4 
0 4294967295 3895507136 3895507136 0 65535 24032 24032 6 6 4 
0 4294967295 3895508169 3895508169 0 65535 88 88 6 6 0 
0 4294967295 3895508125 3895508125 0 65535 123 123 6 6 1 
0 4294967295 3901450460 3901450460 0 65535 123 123 6 6 0 
0 4294967295 3906346373 3906346373 0 65535 179 179 6 6 2 
0 4294967295 3906346408 3906346408 0 65535 80 80 6 6 2 
0 4294967295 3906346408 3906346408 0 65535 22 22 6 6 1 
0 4294967295 3906346410 3906346410 0 65535 80 80 6 6 3 
0 4294967295 3915512814 3915512814 0 65535 21 21 6 6 1 
0 4294967295 3911138193 3911138193 0 65535 25 25 6 6 2 
0 4294967295 3911138200 3911138200 0 65535 137 137 6 6 4 
0 4294967295 3911138264 3911138264 0 65535 53 53 6 6 3 
0 4294967295 3911138284 3911138284 0 65535 80 80 6 6 2 
0 4294967295 3911138281 3911138281 0 65535 21 21 6 6 4 
0 4294967295 3918191141 3918191141 0 65535 53 53 6 6 4 
0 4294967295 3923592164 3923592164 0 65535 22 22 6 6 0 
0 4294967295 3923592164 3923592164 0 65535 53 53 6 6 2 
0 4294967295 3923591876 3923591876 0 65535 80 80 6 6 0 
0 4294967295 3923591834 3923591834 0 65535 443 443 6 6 2 
0 4294967295 3929690181 3929690181 0 65535 22 22 6 6 1 
0 4294967295 3934096983 3934096983 0 65535 53 53 6 6 4 
0 4294967295 3934096979 3934096979 0 65535 80 80 6 6 2 
0 4294967295 3934096987 3934096987 0 65535 25 25 6 6 3 
0 4294967295 3934096987 3934096987 0 65535 22 22 6 6 4 
0 4294967295 3934096986 3934096986 0 65535 7648 7648 6 6 3 
0 4294967295 3937882910 3937882910 0 65535 53 53 6 6 0 
0 4294967295 3937882349 3937882349 0 65535 25 25 6 6 0 
0 4294967295 3937882345 3937882345 0 65535 80 80 6 6 4 
0 4294967295 3937882326 3937882326 0 65535 21 21 6 6 4 
0 4294967295 3957255338 3957255338 0 65535 22 22 6 6 2 
0 4294967295 3952282501 3952282501 0 65535 22 22 6 6 4 
0 4294967295 3952282510 3952282510 0 65535 23 23 6 6 1 
0 4294967295 3952282544 3952282544 0 65535 871 871 6 6 1 
0 4294967295 3952282544 3952282544 0 65535 123 123 6 6 0 
0 4294967295 3952282547 3952282547 0 65535 22 22 6 6 0 
0 4294967295 3945575649 3945575649 0 65535 754 754 6 6 1 
0 4294967295 3947950293 3947950293 0 65535 80 80 6 6 1 
0 4294967295 3977801269 3977801269 0 65535 25 25 6 6 2 
0 4294967295 3984489801 3984489801 0 65535 22 22 6 6 0 
0 4294967295 3984489804 3984489804 0 65535 25 25 6 6 2 
0 4294967295 3984489804 3984489804 0 65535 123 123 6 6 2 
0 4294967295 3988279444 3988279444 0 65535 22 22 6 6 1 
0 4294967295 3988279745 3988279745 0 65535 22 22 6 6 0 
0 4294967295 3973835814 3973835814 0 65535 123 123 6 6 2 
0 4294967295 3973835953 3973835953 0 65535 123 123 6 6 1 
0 4294967295 3960109345 3960109345 0 65535 13 13 6 6 0 
0 4294967295 3964887750 3964887750 0 65535 22 22 6 6 1 
0 4294967295 3964887715 3964887715 0 65535 161 161 6 6 0 
0 4294967295 3964887845 3964887845 0 65535 13 13 6 6 0 
0 4294967295 3964887845 3964887845 0 65535 53 53 6 6 1 
0 4294967295 3999477477 3999477477 0 65535 123 123 6 6 1 
0 4294967295 3994646852 3994646852 0 65535 22 22 6 6 3 
0 4294967295 3994647397 3994647397 0 65535 544 544 6 6 0 
0 4294967295 3994647409 3994647409 0 65535 53 53 6 6 2 
0 4294967295 3994647385 3994647385 0 65535 2055 2055 6 6 0 
0 4294967295 3994647385 3994647385 0 65535 22 22 6 6 0 
0 4294967295 4004109287 4004109287 0 65535 80 80 6 6 1 
0 4294967295 4004109287 4004109287 0 65535 23 23 6 6 1 
0 4294967295 4004109287 4004109287 0 65535 1999 1999 6 6 0 
0 4294967295 4004109282 4004109282 0 65535 123 123 6 6 2 
0 4294967295 4004109282 4004109282 0 65535 25 25 6 6 1 
0 4294967295 4018233443 4018233443 0 65535 544 544 6 6 2 
0 4294967295 4018233443 4018233443 0 65535 25 25 6 6 0 
0 4294967295 3857718470 3857718470 0 65535 25 25 6 6 3 
0 4294967295 3850782356 3850782356 0 65535 22 22 6 6 4 
0 4294967295 3850782358 3850782358 0 65535 143 143 6 6 0 
0 4294967295 3850782352 3850782352 0 65535 22 22 6 6 4 
0 4294967295 3850782224 3850782224 0 65535 22 22 6 6 1 
0 4294967295 3850782250 3850782250 0 65535 22 22 6 6 1 
0 4294967295 3842458231 3842458231 0 65535 750 750 6 6 0 
0 4294967295 3842458231 3842458231 0 65535 22 22 6 6 0 
0 4294967295 3842458903 3842458903 0 65535 179 179 6 6 0 
0 4294967295 3842458903 3842458903 0 65535 25 25 6 6 3 
0 4294967295 3842458903 3842458903 0 65535 80 80 6 6 0 
0 4294967295 3828321460 3828321460 0 65535 22 22 6 6 3 
0 4294967295 3833263780 3833263780 0 65535 22 22 6 6 1 
0 4294967295 3833263780 3833263780 0 65535 7648 7648 6 6 3 
0 4294967295 3833263681 3833263681 0 65535 37 37 6 6 2 
0 4294967295 3833263645 3833263645 0 65535 750 750 6 6 4 
0 4294967295 3838541083 3838541083 0 65535 53 53 6 6 3 
0 4294967295 3836149909 3836149909 0 65535 21 21 6 6 4 
0 4294967295 3836149944 3836149944 0 65535 88 88 6 6 2 
0 4294967295 3836149933 3836149933 0 65535 754 754 6 6 4 
0 4294967295 3861327840 3861327840 0 65535 22 22 6 6 2 
0 4294967295 3866708582 3866708582 0 65535 67 67 6 6 4 
0 4294967295 3866708582 3866708582 0 65535 22 22 6 6 0 
0 4294967295 3866708582 3866708582 0 65535 80 80 6 6 4 
0 4294967295 3866708582 3866708582 0 65535 110 110 6 6 4 
0 4294967295 3866708582 3866708582 0 65535 21 21 6 6 0 
0 4294967295 3870123643 3870123643 0 65535 21 21 6 6 3 
0 4294967295 3871613001 3871613001 0 65535 25 25 6 6 0 
0 4294967295 3871612995 3871612995 0 65535 25 25 6 6 2 
0 4294967295 3871612995 3871612995 0 65535 80 80 6 6 3 
0 4294967295 3871612995 3871612995 0 65535 67 67 6 6 3 
0 4294967295 3871612995 3871612995 0 65535 88 88 6 6 1 
0 4294967295 3877716539 3877716539 0 65535 53 53 6 6 2 
0 4294967295 3882494440 3882494440 0 65535 179 179 6 6 1 
0 4294967295 3882494424 3882494424 0 65535 80 80 6 6 1 
0 4294967295 3882494424 3882494424 0 65535 750 750 6 6 0 
0 4294967295 3882494428 3882494428 0 65535 24032 24032 6 6 4 
0 4294967295 3890657607 3890657607 0 65535 80 80 6 6 3 
0 4294967295 3886931784 3886931784 0 65535 25 25 6 6 0 
0 4294967295 3799599724 3799599724 0 65535 443 443 6 6 3 
0 4294967295 3792745908 3792745908 0 65535 88 88 6 6 0 
0 4294967295 3792745904 3792745904 0 65535 53 53 6 6 4 
0 4294967295 3802919120 3802919120 0 65535 22 22 6 6 0 
0 4294967295 3802919120 3802919120 0 65535 2055 2055 6 6 3 
0 4294967295 3802919157 3802919157 0 65535 53 53 6 6 0 
0 4294967295 3802919157 3802919157 0 65535 80 80 6 6 1 
0 4294967295 3820220393 3820220393 0 65535 443 443 6 6 3 
0 4294967295 3822628137 3822628137 0 65535 22 22 6 6 3 
0 4294967295 3822628152 3822628152 0 65535 69 69 6 6 1 
0 4294967295 3822628271 3822628271 0 65535 750 750 6 6 4 
0 4294967295 3822628343 3822628343 0 65535 443 443 6 6 2 
0 4294967295 3822628313 3822628313 0 65535 8080 8080 6 6 3 
0 4294967295 3809453168 3809453168 0 65535 25 25 6 6 0 
0 4294967295 3814384134 3814384134 0 65535 22 22 6 6 2 
0 4294967295 3814383995 3814383995 0 65535 544 544 6 6 1 
0 4294967295 3814383967 3814383967 0 65535 179 179 6 6 1 
0 4294967295 3760161515 3760161515 0 65535 25 25 6 6 0 
0 4294967295 3765540620 3765540620 0 65535 22 22 6 6 1 
0 4294967295 3765539567 3765539567 0 65535 23 23 6 6 0 
0 4294967295 3765539536 3765539536 0 65535 443 443 6 6 1 
0 4294967295 3771144937 3771144937 0 65535 88 88 6 6 2 
0 4294967295 3769028284 3769028284 0 65535 750 750 6 6 1 
0 4294967295 3769028284 3769028284 0 65535 80 80 6 6 0 
0 4294967295 3791105752 3791105752 0 65535 25 25 6 6 1 
0 4294967295 3791106044 3791106044 0 65535 161 161 6 6 2 
0 4294967295 4139305421 4139305421 0 65535 67 67 6 6 1 
0 4294967295 4140817572 4140817572 0 65535 1999 1999 6 6 4 
0 4294967295 4140817964 4140817964 0 65535 13 13 6 6 1 
0 4294967295 4140818181 4140818181 0 65535 1999 1999 6 6 1 
0 4294967295 4129487058 4129487058 0 65535 179 179 6 6 3 
0 4294967295 4129487058 4129487058 0 65535 53 53 6 6 3 
0 4294967295 4129487058 4129487058 0 65535 25 25 6 6 4 
0 4294967295 4154438152 4154438152 0 65535 137 137 6 6 3 
0 4294967295 4158108721 4158108721 0 65535 2055 2055 6 6 2 
0 4294967295 4158108721 4158108721 0 65535 22 22 6 6 0 
0 4294967295 4158108722 4158108722 0 65535 123 123 6 6 0 
0 4294967295 4158108722 4158108722 0 65535 23 23 6 6 2 
0 4294967295 4146882890 4146882890 0 65535 7648 7648 6 6 4 
0 4294967295 4146882603 4146882603 0 65535 162 162 6 6 4 
0 4294967295 4101040471 4101040471 0 65535 23 23 6 6 0 
0 4294967295 4095634826 4095634826 0 65535 21 21 6 6 4 
0 4294967295 4095634826 4095634826 0 65535 1999 1999 6 6 3 
0 4294967295 4095634732 4095634732 0 65535 22 22 6 6 4 
0 4294967295 4095634738 4095634738 0 65535 119 119 6 6 2 
0 4294967295 4095634743 4095634743 0 65535 22 22 6 6 3 
0 4294967295 4107842106 4107842106 0 65535 53 53 6 6 0 
0 4294967295 4105025450 4105025450 0 65535 138 138 6 6 3 
0 4294967295 4105025450 4105025450 0 65535 123 123 6 6 0 
0 4294967295 4105025453 4105025453 0 65535 23 23 6 6 1 
0 4294967295 4105025453 4105025453 0 65535 443 443 6 6 3 
0 4294967295 4105025452 4105025452 0 65535 69 69 6 6 1 
0 4294967295 4126608130 4126608130 0 65535 22 22 6 6 3 
0 4294967295 4119399608 4119399608 0 65535 1999 1999 6 6 0 
0 4294967295 4119399613 4119399613 0 65535 21 21 6 6 1 
0 4294967295 4119399916 4119399916 0 65535 22 22 6 6 2 
0 4294967295 4119399878 4119399878 0 65535 123 123 6 6 3 
0 4294967295 4119399743 4119399743 0 65535 53 53 6 6 1 
0 4294967295 4113505660 4113505660 0 65535 110 110 6 6 3 
0 4294967295 4115552026 4115552026 0 65535 22 22 6 6 4 
0 4294967295 4115550310 4115550310 0 65535 179 179 6 6 4 
0 4294967295 4115551108 4115551108 0 65535 53 53 6 6 2 
0 4294967295 4054937909 4054937909 0 65535 24032 24032 6 6 4 
0 4294967295 4059186077 4059186077 0 65535 113 113 6 6 0 
0 4294967295 4059186076 4059186076 0 65535 25 25 6 6 1 
0 4294967295 4059186020 4059186020 0 65535 110 110 6 6 4 
0 4294967295 4059186029 4059186029 0 65535 21 21 6 6 3 
0 4294967295 4059186027 4059186027 0 65535 443 443 6 6 1 
0 4294967295 4051649354 4051649354 0 65535 53 53 6 6 4 
0 4294967295 4046472802 4046472802 0 65535 113 113 6 6 2 
0 4294967295 4046472778 4046472778 0 65535 123 123 6 6 0 
0 4294967295 4035053571 4035053571 0 65535 80 80 6 6 1 
0 4294967295 4035053579 4035053579 0 65535 80 80 6 6 1 
0 4294967295 4035053819 4035053819 0 65535 88 88 6 6 3 
0 4294967295 4035053817 4035053817 0 65535 873 873 6 6 2 
0 4294967295 4035053822 4035053822 0 65535 119 119 6 6 1 
0 4294967295 4085159288 4085159288 0 65535 123 123 6 6 2 
0 4294967295 4080772340 4080772340 0 65535 23 23 6 6 0 
0 4294967295 4080772340 4080772340 0 65535 53 53 6 6 1 
0 4294967295 4080772179 4080772179 0 65535 544 544 6 6 4 
0 4294967295 4087941215 4087941215 0 65535 161 161 6 6 3 
0 4294967295 4087941141 4087941141 0 65535 25 25 6 6 0 
0 4294967295 4087941462 4087941462 0 65535 22 22 6 6 0 
0 4294967295 4087941436 4087941436 0 65535 25 25 6 6 4 
0 4294967295 4068585530 4068585530 0 65535 80 80 6 6 1 
0 4294967295 4076503193 4076503193 0 65535 123 123 6 6 2 
0 4294967295 4076503212 4076503212 0 65535 22 22 6 6 4 
0 4294967295 4076503211 4076503211 0 65535 53 53 6 6 2 
0 4294967295 4287683898 4287683898 0 65535 25 25 6 6 3 
0 4294967295 4292112827 4292112827 0 65535 22 22 6 6 2 
0 4294967295 4292112786 4292112786 0 65535 80 80 6 6 1 
0 4294967295 4292112711 4292112711 0 65535 162 162 6 6 1 
0 4294967295 4292113664 4292113664 0 65535 67 67 6 6 2 
0 4294967295 4292113665 4292113665 0 65535 754 754 6 6 2 
0 4294967295 4292113898 4292113898 0 65535 24032 24032 6 6 3 
0 4294967295 4279844362 4279844362 0 65535 754 754 6 6 1 
0 4294967295 4283682427 4283682427 0 65535 7648 7648 6 6 1 
0 4294967295 4283682341 4283682341 0 65535 161 161 6 6 3 
0 4294967295 4283682342 4283682342 0 65535 123 123 6 6 0 
0 4294967295 4283682346 4283682346 0 65535 25 25 6 6 2 
0 4294967295 4269394387 4269394387 0 65535 22 22 6 6 1 
0 4294967295 4261904205 4261904205 0 65535 21 21 6 6 2 
0 4294967295 4261904196 4261904196 0 65535 119 119 6 6 3 
0 4294967295 4274364251 4274364251 0 65535 22 22 6 6 0 
0 4294967295 4271099275 4271099275 0 65535 544 544 6 6 0 
0 4294967295 4271099276 4271099276 0 65535 123 123 6 6 0 
0 4294967295 4245593256 4245593256 0 65535 443 443 6 6 3 
0 4294967295 4251941780 4251941780 0 65535 22 22 6 6 0 
0 4294967295 4251941780 4251941780 0 65535 69 69 6 6 1 
0 4294967295 4260061182 4260061182 0 65535 21 21 6 6 2 
0 4294967295 4257182986 4257182986 0 65535 80 80 6 6 1 
0 4294967295 4257181763 4257181763 0 65535 123 123 6 6 3 
0 4294967295 4257172783 4257172783 0 65535 22 22 6 6 4 
0 4294967295 4257172782 4257172782 0 65535 22 22 6 6 3 
0 4294967295 4235168500 4235168500 0 65535 37 37 6 6 0 
0 4294967295 4229208091 4229208091 0 65535 1999 1999 6 6 1 
0 4294967295 4229213970 4229213970 0 65535 22 22 6 6 0 
0 4294967295 4229213970 4229213970 0 65535 544 544 6 6 2 
0 4294967295 4241270994 4241270994 0 65535 2105 2105 6 6 4 
0 4294967295 4164217529 4164217529 0 65535 80 80 6 6 2 
0 4294967295 4164217473 4164217473 0 65535 119 119 6 6 0 
0 4294967295 4164217547 4164217547 0 65535 80 80 6 6 2 
0 4294967295 4164217560 4164217560 0 65535 25 25 6 6 1 
0 4294967295 4169478622 4169478622 0 65535 22 22 6 6 3 
0 4294967295 4169478622 4169478622 0 65535 25 25 6 6 3 
0 4294967295 4169478622 4169478622 0 65535 119 119 6 6 1 
0 4294967295 4184155132 4184155132 0 65535 37 37 6 6 3 
0 4294967295 4184155132 4184155132 0 65535 80 80 6 6 1 
0 4294967295 4184155132 4184155132 0 65535 22 22 6 6 4 
0 4294967295 4184155132 4184155132 0 65535 5998 5998 6 6 2 
0 4294967295 4187267414 4187267414 0 65535 2055 2055 6 6 2 
0 4294967295 4192828682 4192828682 0 65535 750 750 6 6 1 
0 4294967295 4192829236 4192829236 0 65535 123 123 6 6 0 
0 4294967295 4196562775 4196562775 0 65535 750 750 6 6 4 
0 4294967295 4198677588 4198677588 0 65535 25 25 6 6 4 
0 4294967295 4198677588 4198677588 0 65535 22 22 6 6 1 
0 4294967295 4198677782 4198677782 0 65535 123 123 6 6 4 
0 4294967295 4198677782 4198677782 0 65535 80 80 6 6 3 
0 4294967295 4198677782 4198677782 0 65535 22 22 6 6 4 
0 4294967295 4198677782 4198677782 0 65535 750 750 6 6 3 
0 4294967295 4209195425 4209195425 0 65535 80 80 6 6 1 
0 4294967295 4209195439 4209195439 0 65535 443 443 6 6 0 
0 4294967295 4209196676 4209196676 0 65535 22 22 6 6 4 
0 4294967295 4227385454 4227385454 0 65535 22 22 6 6 1 
0 4294967295 4227385455 4227385455 0 65535 53 53 6 6 3 
0 4294967295 4227385448 4227385448 0 65535 22 22 6 6 2 
0 4294967295 4227385448 4227385448 0 65535 53 53 6 6 2 
0 4294967295 4227385450 4227385450 0 65535 443 443 6 6 3 
0 4294967295 4213931133 4213931133 0 65535 22 22 6 6 2 
0 4294967295 4218324310 4218324310 0 65535 22 22 6 6 2 
0 4294967295 3373383390 3373383390 0 65535 80 80 6 6 1 
0 4294967295 3377164624 3377164624 0 65535 25 25 6 6 2 
0 4294967295 3377164632 3377164632 0 65535 873 873 6 6 4 
0 4294967295 3377164635 3377164635 0 65535 7649 7649 6 6 2 
0 4294967295 3377164637 3377164637 0 65535 544 544 6 6 1 
0 4294967295 3377164639 3377164639 0 65535 139 139 6 6 1 
0 4294967295 3385215482 3385215482 0 65535 7648 7648 6 6 3 
0 4294967295 3385222259 3385222259 0 65535 119 119 6 6 3 
0 4294967295 3385222259 3385222259 0 65535 22 22 6 6 4 
0 4294967295 3358473520 3358473520 0 65535 2105 2105 6 6 1 
0 4294967295 3358474183 3358474183 0 65535 22 22 6 6 4 
0 4294967295 3358474189 3358474189 0 65535 544 544 6 6 3 
0 4294967295 3358474189 3358474189 0 65535 22 22 6 6 0 
0 4294967295 3371899738 3371899738 0 65535 22 22 6 6 1 
0 4294967295 3371899578 3371899578 0 65535 80 80 6 6 0 
0 4294967295 3371899612 3371899612 0 65535 22 22 6 6 2 
0 4294967295 3420181640 3420181640 0 65535 750 750 6 6 2 
0 4294967295 3420181653 3420181653 0 65535 67 67 6 6 1 
0 4294967295 3420181653 3420181653 0 65535 544 544 6 6 1 
0 4294967295 3410197212 3410197212 0 65535 22 22 6 6 0 
0 4294967295 3407128348 3407128348 0 65535 69 69 6 6 3 
0 4294967295 3407128066 3407128066 0 65535 750 750 6 6 4 
0 4294967295 3407128066 3407128066 0 65535 21 21 6 6 1 
0 4294967295 3397324087 3397324087 0 65535 69 69 6 6 1 
0 4294967295 3397324115 3397324115 0 65535 544 544 6 6 1 
0 4294967295 3397333444 3397333444 0 65535 67 67 6 6 2 
0 4294967295 3397333736 3397333736 0 65535 161 161 6 6 3 
0 4294967295 3403229864 3403229864 0 65535 53 53 6 6 4 
0 4294967295 3403229869 3403229869 0 65535 161 161 6 6 1 
0 4294967295 3403231027 3403231027 0 65535 80 80 6 6 0 
0 4294967295 3460036998 3460036998 0 65535 69 69 6 6 2 
0 4294967295 3463327941 3463327941 0 65535 7648 7648 6 6 1 
0 4294967295 3463327960 3463327960 0 65535 161 161 6 6 4 
0 4294967295 3463327953 3463327953 0 65535 5999 5999 6 6 1 
0 4294967295 3463327959 3463327959 0 65535 5999 5999 6 6 1 
0 4294967295 3469693575 3469693575 0 65535 22 22 6 6 0 
0 4294967295 3468609360 3468609360 0 65535 37 37 6 6 4 
0 4294967295 3468609118 3468609118 0 65535 80 80 6 6 4 
0 4294967295 3468609090 3468609090 0 65535 53 53 6 6 0 
0 4294967295 3468608256 3468608256 0 65535 137 137 6 6 4 
0 4294967295 3468608293 3468608293 0 65535 25 25 6 6 2 
0 4294967295 3468608302 3468608302 0 65535 80 80 6 6 1 
0 4294967295 3474124439 3474124439 0 65535 544 544 6 6 4 
0 4294967295 3477205124 3477205124 0 65535 5999 5999 6 6 3 
0 4294967295 3477205124 3477205124 0 65535 22 22 6 6 0 
0 4294967295 3483954683 3483954683 0 65535 25 25 6 6 3 
0 4294967295 3485932357 3485932357 0 65535 80 80 6 6 4 
0 4294967295 3485932476 3485932476 0 65535 53 53 6 6 0 
0 4294967295 3433603728 3433603728 0 65535 21 21 6 6 1 
0 4294967295 3436472229 3436472229 0 65535 119 119 6 6 3 
0 4294967295 3436472229 3436472229 0 65535 80 80 6 6 0 
0 4294967295 3436472229 3436472229 0 65535 25 25 6 6 3 
0 4294967295 3436472224 3436472224 0 65535 25 25 6 6 4 
0 4294967295 3436472224 3436472224 0 65535 110 110 6 6 0 
0 4294967295 3436472224 3436472224 0 65535 53 53 6 6 2 
0 4294967295 3426384643 3426384643 0 65535 5999 5999 6 6 2 
0 4294967295 3426384810 3426384810 0 65535 53 53 6 6 3 
0 4294967295 3426384408 3426384408 0 65535 25 25 6 6 2 
0 4294967295 3454086221 3454086221 0 65535 53 53 6 6 3 
0 4294967295 3449298591 3449298591 0 65535 139 139 6 6 3 
0 4294967295 3449298595 3449298595 0 65535 750 750 6 6 3 
0 4294967295 3281563582 3281563582 0 65535 22 22 6 6 2 
0 4294967295 3287197397 3287197397 0 65535 1999 1999 6 6 0 
0 4294967295 3287197371 3287197371 0 65535 22 22 6 6 3 
0 4294967295 3287197371 3287197371 0 65535 80 80 6 6 1 
0 4294967295 3279382076 3279382076 0 65535 871 871 6 6 2 
0 4294967295 3274698311 3274698311 0 65535 544 544 6 6 0 
0 4294967295 3274690662 3274690662 0 65535 161 161 6 6 2 
0 4294967295 3274691143 3274691143 0 65535 80 80 6 6 2 
0 4294967295 3274691152 3274691152 0 65535 161 161 6 6 0 
0 4294967295 3260975852 3260975852 0 65535 443 443 6 6 2 
0 4294967295 3260975955 3260975955 0 65535 23 23 6 6 0 
0 4294967295 3260975955 3260975955 0 65535 80 80 6 6 3 
0 4294967295 3260975954 3260975954 0 65535 53 53 6 6 3 
0 4294967295 3264403436 3264403436 0 65535 443 443 6 6 1 
0 4294967295 3269541786 3269541786 0 65535 544 544 6 6 0 
0 4294967295 3230128663 3230128663 0 65535 123 123 6 6 0 
0 4294967295 3236668068 3236668068 0 65535 22 22 6 6 1 
0 4294967295 3236668068 3236668068 0 65535 37 37 6 6 4 
0 4294967295 3236663457 3236663457 0 65535 22 22 6 6 1 
0 4294967295 3236663467 3236663467 0 65535 544 544 6 6 2 
0 4294967295 3236663618 3236663618 0 65535 161 161 6 6 0 
0 4294967295 3223322581 3223322581 0 65535 123 123 6 6 3 
0 4294967295 3226438693 3226438693 0 65535 110 110 6 6 1 
0 4294967295 3226438693 3226438693 0 65535 7648 7648 6 6 2 
0 4294967295 3226438765 3226438765 0 65535 80 80 6 6 2 
0 4294967295 3226438736 3226438736 0 65535 161 161 6 6 1 
0 4294967295 3251904504 3251904504 0 65535 53 53 6 6 3 
0 4294967295 3248049203 3248049203 0 65535 119 119 6 6 3 
0 4294967295 3248049549 3248049549 0 65535 754 754 6 6 0 
0 4294967295 3248049549 3248049549 0 65535 22 22 6 6 4 
0 4294967295 3248049551 3248049551 0 65535 80 80 6 6 1 
0 4294967295 3248049550 3248049550 0 65535 25 25 6 6 1 
0 4294967295 3246158397 3246158397 0 65535 37 37 6 6 3 
0 4294967295 3239008903 3239008903 0 65535 110 110 6 6 2 
0 4294967295 3239008638 3239008638 0 65535 22 22 6 6 0 
0 4294967295 3239008382 3239008382 0 65535 750 750 6 6 3 
0 4294967295 3310332561 3310332561 0 65535 22 22 6 6 4 
0 4294967295 3310332553 3310332553 0 65535 53 53 6 6 0 
0 4294967295 3310332553 3310332553 0 65535 179 179 6 6 4 
0 4294967295 3318275226 3318275226 0 65535 25 25 6 6 2 
0 4294967295 3317154186 3317154186 0 65535 110 110 6 6 1 
0 4294967295 3317154701 3317154701 0 65535 22 22 6 6 4 
0 4294967295 3317154704 3317154704 0 65535 22 22 6 6 3 
0 4294967295 3317154734 3317154734 0 65535 443 443 6 6 2 
0 4294967295 3303022379 3303022379 0 65535 123 123 6 6 2 
0 4294967295 3300209742 3300209742 0 65535 23 23 6 6 4 
0 4294967295 3300209760 3300209760 0 65535 67 67 6 6 1 
0 4294967295 3300196820 3300196820 0 65535 69 69 6 6 4 
0 4294967295 3300196957 3300196957 0 65535 143 143 6 6 0 
0 4294967295 3300196996 3300196996 0 65535 22 22 6 6 2 
0 4294967295 3295729450 3295729450 0 65535 23 23 6 6 4 
0 4294967295 3295729442 3295729442 0 65535 22 22 6 6 0 
0 4294967295 3295729442 3295729442 0 65535 53 53 6 6 2 
0 4294967295 3328767020 3328767020 0 65535 24032 24032 6 6 1 
0 4294967295 3328767016 3328767016 0 65535 544 544 6 6 2 
0 4294967295 3328767016 3328767016 0 65535 22 22 6 6 2 
0 4294967295 3328767016 3328767016 0 65535 25 25 6 6 1 
0 4294967295 3332861568 3332861568 0 65535 879 879 6 6 2 
0 4294967295 3332861568 3332861568 0 65535 22 22 6 6 0 
0 4294967295 3332861568 3332861568 0 65535 123 123 6 6 2 
0 4294967295 3351667435 3351667435 0 65535 80 80 6 6 3 
0 4294967295 3351667436 3351667436 0 65535 443 443 6 6 2 
0 4294967295 3351667376 3351667376 0 65535 110 110 6 6 1 
0 4294967295 3351667334 3351667334 0 65535 871 871 6 6 4 
0 4294967295 3647274494 3647274494 0 65535 123 123 6 6 3 
0 4294967295 3647274324 3647274324 0 65535 25 25 6 6 1 
0 4294967295 3651924882 3651924882 0 65535 750 750 6 6 3 
0 4294967295 3651924927 3651924927 0 65535 750 750 6 6 3 
0 4294967295 3651924924 3651924924 0 65535 22 22 6 6 4 
0 4294967295 3651924763 3651924763 0 65535 22 22 6 6 2 
0 4294967295 3651924763 3651924763 0 65535 2105 2105 6 6 4 
0 4294967295 3651924766 3651924766 0 65535 80 80 6 6 0 
0 4294967295 3627775419 3627775419 0 65535 544 544 6 6 1 
0 4294967295 3630793720 3630793720 0 65535 123 123 6 6 1 
0 4294967295 3630793720 3630793720 0 65535 179 179 6 6 1 
0 4294967295 3630793720 3630793720 0 65535 80 80 6 6 3 
0 4294967295 3630793720 3630793720 0 65535 21 21 6 6 4 
0 4294967295 3636365896 3636365896 0 65535 25 25 6 6 4 
0 4294967295 3638595896 3638595896 0 65535 53 53 6 6 2 
0 4294967295 3638595874 3638595874 0 65535 80 80 6 6 0 
0 4294967295 3638595868 3638595868 0 65535 25 25 6 6 3 
0 4294967295 3638595861 3638595861 0 65535 80 80 6 6 4 
0 4294967295 3638595857 3638595857 0 65535 123 123 6 6 1 
0 4294967295 3681374337 3681374337 0 65535 7326 7326 6 6 0 
0 4294967295 3676227962 3676227962 0 65535 8080 8080 6 6 2 
0 4294967295 3676228377 3676228377 0 65535 13 13 6 6 4 
0 4294967295 3676228409 3676228409 0 65535 25 25 6 6 1 
0 4294967295 3676228400 3676228400 0 65535 443 443 6 6 3 
0 4294967295 3682875798 3682875798 0 65535 443 443 6 6 0 
0 4294967295 3687118175 3687118175 0 65535 750 750 6 6 3 
0 4294967295 3687118174 3687118174 0 65535 53 53 6 6 0 
0 4294967295 3687118172 3687118172 0 65535 25 25 6 6 3 
0 4294967295 3664881211 3664881211 0 65535 5998 5998 6 6 1 
0 4294967295 3664881207 3664881207 0 65535 544 544 6 6 2 
0 4294967295 3664881540 3664881540 0 65535 2105 2105 6 6 2 
0 4294967295 3664881540 3664881540 0 65535 161 161 6 6 0 
0 4294967295 3664881662 3664881662 0 65535 8080 8080 6 6 2 
0 4294967295 3670214445 3670214445 0 65535 113 113 6 6 3 
0 4294967295 3668333872 3668333872 0 65535 80 80 6 6 4 
0 4294967295 3668333942 3668333942 0 65535 53 53 6 6 3 
0 4294967295 3741136532 3741136532 0 65535 5998 5998 6 6 1 
0 4294967295 3741135883 3741135883 0 65535 443 443 6 6 3 
0 4294967295 3741136301 3741136301 0 65535 179 179 6 6 4 
0 4294967295 3741136284 3741136284 0 65535 22 22 6 6 0 
0 4294967295 3732874541 3732874541 0 65535 69 69 6 6 3 
0 4294967295 3732874541 3732874541 0 65535 2401 2401 6 6 0 
0 4294967295 3742282220 3742282220 0 65535 24032 24032 6 6 1 
0 4294967295 3749251038 3749251038 0 65535 23 23 6 6 4 
0 4294967295 3749264059 3749264059 0 65535 67 67 6 6 0 
0 4294967295 3749264043 3749264043 0 65535 179 179 6 6 4 
0 4294967295 3749264046 3749264046 0 65535 22 22 6 6 3 
0 4294967295 3753970764 3753970764 0 65535 123 123 6 6 4 
0 4294967295 3753970764 3753970764 0 65535 80 80 6 6 4 
0 4294967295 3753970762 3753970762 0 65535 750 750 6 6 0 
0 4294967295 3703299943 3703299943 0 65535 80 80 6 6 1 
0 4294967295 3706037726 3706037726 0 65535 69 69 6 6 4 
0 4294967295 3706037726 3706037726 0 65535 143 143 6 6 4 
0 4294967295 3706037726 3706037726 0 65535 5999 5999 6 6 4 
0 4294967295 3706037725 3706037725 0 65535 80 80 6 6 2 
0 4294967295 3706037725 3706037725 0 65535 53 53 6 6 3 
0 4294967295 3691511381 3691511381 0 65535 53 53 6 6 0 
0 4294967295 3691511687 3691511687 0 65535 2105 2105 6 6 3 
0 4294967295 3724409597 3724409597 0 65535 7649 7649 6 6 3 
0 4294967295 3716184765 3716184765 0 65535 22 22 6 6 1 
0 4294967295 3716184764 3716184764 0 65535 25 25 6 6 2 
0 4294967295 3716184925 3716184925 0 65535 25 25 6 6 2 
0 4294967295 3576601641 3576601641 0 65535 13 13 6 6 1 
0 4294967295 3576601640 3576601640 0 65535 1999 1999 6 6 0 
0 4294967295 3576601646 3576601646 0 65535 80 80 6 6 3 
0 4294967295 3583858423 3583858423 0 65535 22 22 6 6 4 
0 4294967295 3583858597 3583858597 0 65535 1999 1999 6 6 1 
0 4294967295 3583858596 3583858596 0 65535 123 123 6 6 1 
0 4294967295 3583858545 3583858545 0 65535 2105 2105 6 6 2 
0 4294967295 3583858516 3583858516 0 65535 25 25 6 6 4 
0 4294967295 3559236796 3559236796 0 65535 22 22 6 6 4 
0 4294967295 3561848509 3561848509 0 65535 123 123 6 6 3 
0 4294967295 3561833361 3561833361 0 65535 22 22 6 6 2 
0 4294967295 3561833385 3561833385 0 65535 53 53 6 6 0 
0 4294967295 3561833457 3561833457 0 65535 179 179 6 6 0 
0 4294967295 3566441752 3566441752 0 65535 69 69 6 6 2 
0 4294967295 3593473565 3593473565 0 65535 24032 24032 6 6 0 
0 4294967295 3596263499 3596263499 0 65535 110 110 6 6 1 
0 4294967295 3596263865 3596263865 0 65535 25 25 6 6 4 
0 4294967295 3596263860 3596263860 0 65535 754 754 6 6 1 
0 4294967295 3596263860 3596263860 0 65535 25 25 6 6 1 
0 4294967295 3605050545 3605050545 0 65535 23 23 6 6 4 
0 4294967295 3605050547 3605050547 0 65535 80 80 6 6 1 
0 4294967295 781389970 781389970 0 65535 21 21 6 6 4 
0 4294967295 781389971 781389971 0 65535 2105 2105 6 6 0 
0 4294967295 774080351 774080351 0 65535 80 80 6 6 0 
0 4294967295 779445837 779445837 0 65535 22 22 6 6 0 
0 4294967295 779445465 779445465 0 65535 25 25 6 6 4 
0 4294967295 779445397 779445397 0 65535 5998 5998 6 6 4 
0 4294967295 779444734 779444734 0 65535 53 53 6 6 2 
0 4294967295 779444676 779444676 0 65535 544 544 6 6 3 
0 4294967295 793111627 793111627 0 65535 22 22 6 6 3 
0 4294967295 789326628 789326628 0 65535 53 53 6 6 2 
0 4294967295 789327607 789327607 0 65535 25 25 6 6 4 
0 4294967295 789321122 789321122 0 65535 544 544 6 6 3 
0 4294967295 789321117 789321117 0 65535 7648 7648 6 6 2 
0 4294967295 789320941 789320941 0 65535 67 67 6 6 1 
0 4294967295 789320939 789320939 0 65535 21 21 6 6 2 
0 4294967295 796966220 796966220 0 65535 22 22 6 6 2 
0 4294967295 751437042 751437042 0 65535 53 53 6 6 3 
0 4294967295 750333072 750333072 0 65535 37 37 6 6 4 
0 4294967295 750333202 750333202 0 65535 80 80 6 6 4 
0 4294967295 740171261 740171261 0 65535 80 80 6 6 1 
0 4294967295 742490295 742490295 0 65535 80 80 6 6 1 
0 4294967295 742490290 742490290 0 65535 22 22 6 6 4 
0 4294967295 742490254 742490254 0 65535 123 123 6 6 0 
0 4294967295 742490241 742490241 0 65535 80 80 6 6 1 
0 4294967295 758803291 758803291 0 65535 22 22 6 6 2 
0 4294967295 758803291 758803291 0 65535 80 80 6 6 1 
0 4294967295 758803291 758803291 0 65535 23 23 6 6 1 
0 4294967295 758803291 758803291 0 65535 69 69 6 6 4 
0 4294967295 765299858 765299858 0 65535 22 22 6 6 4 
0 4294967295 769950570 769950570 0 65535 22 22 6 6 3 
0 4294967295 769950589 769950589 0 65535 25 25 6 6 3 
0 4294967295 769951207 769951207 0 65535 80 80 6 6 1 
0 4294967295 769951189 769951189 0 65535 119 119 6 6 0 
0 4294967295 710804324 710804324 0 65535 53 53 6 6 4 
0 4294967295 710804324 710804324 0 65535 22 22 6 6 2 
0 4294967295 710804250 710804250 0 65535 23 23 6 6 3 
0 4294967295 710804262 710804262 0 65535 110 110 6 6 3 
0 4294967295 710804273 710804273 0 65535 123 123 6 6 1 
0 4294967295 713068112 713068112 0 65535 879 879 6 6 3 
0 4294967295 721085093 721085093 0 65535 67 67 6 6 2 
0 4294967295 721084581 721084581 0 65535 123 123 6 6 3 
0 4294967295 721085514 721085514 0 65535 80 80 6 6 4 
0 4294967295 737897532 737897532 0 65535 7648 7648 6 6 1 
0 4294967295 737897568 737897568 0 65535 25 25 6 6 4 
0 4294967295 737897540 737897540 0 65535 53 53 6 6 0 
0 4294967295 737897540 737897540 0 65535 750 750 6 6 3 
0 4294967295 726266504 726266504 0 65535 88 88 6 6 2 
0 4294967295 725370784 725370784 0 65535 53 53 6 6 0 
0 4294967295 725370419 725370419 0 65535 123 123 6 6 4 
0 4294967295 725370468 725370468 0 65535 22 22 6 6 4 
0 4294967295 682557750 682557750 0 65535 23 23 6 6 4 
0 4294967295 687352097 687352097 0 65535 88 88 6 6 4 
0 4294967295 687352097 687352097 0 65535 25 25 6 6 2 
0 4294967295 687352159 687352159 0 65535 123 123 6 6 3 
0 4294967295 687352159 687352159 0 65535 879 879 6 6 1 
0 4294967295 687352159 687352159 0 65535 80 80 6 6 3 
0 4294967295 675980332 675980332 0 65535 80 80 6 6 3 
0 4294967295 673563205 673563205 0 65535 7649 7649 6 6 3 
0 4294967295 673563027 673563027 0 65535 53 53 6 6 0 
0 4294967295 673563019 673563019 0 65535 544 544 6 6 2 
0 4294967295 692250408 692250408 0 65535 53 53 6 6 4 
0 4294967295 692250449 692250449 0 65535 544 544 6 6 0 
0 4294967295 692250294 692250294 0 65535 544 544 6 6 2 
0 4294967295 692250310 692250310 0 65535 25 25 6 6 2 
0 4294967295 701915838 701915838 0 65535 2105 2105 6 6 0 
0 4294967295 699088913 699088913 0 65535 25 25 6 6 2 
0 4294967295 669078729 669078729 0 65535 67 67 6 6 0 
0 4294967295 666541221 666541221 0 65535 88 88 6 6 2 
0 4294967295 666541231 666541231 0 65535 5998 5998 6 6 1 
0 4294967295 666540963 666540963 0 65535 25 25 6 6 3 
0 4294967295 666540579 666540579 0 65535 750 750 6 6 2 
0 4294967295 666540577 666540577 0 65535 8080 8080 6 6 2 
0 4294967295 660072609 660072609 0 65535 123 123 6 6 0 
0 4294967295 660072926 660072926 0 65535 80 80 6 6 0 
0 4294967295 660072875 660072875 0 65535 25 25 6 6 2 
0 4294967295 660072719 660072719 0 65535 22 22 6 6 3 
0 4294967295 660072747 660072747 0 65535 139 139 6 6 2 
0 4294967295 641885230 641885230 0 65535 22 22 6 6 4 
0 4294967295 641885230 641885230 0 65535 137 137 6 6 3 
0 4294967295 641885298 641885298 0 65535 123 123 6 6 2 
0 4294967295 641885305 641885305 0 65535 750 750 6 6 0 
0 4294967295 648537853 648537853 0 65535 69 69 6 6 1 
0 4294967295 648537753 648537753 0 65535 443 443 6 6 4 
0 4294967295 615031411 615031411 0 65535 80 80 6 6 2 
0 4294967295 615023166 615023166 0 65535 871 871 6 6 2 
0 4294967295 615023161 615023161 0 65535 88 88 6 6 2 
0 4294967295 615023445 615023445 0 65535 53 53 6 6 1 
0 4294967295 615023393 615023393 0 65535 443 443 6 6 1 
0 4294967295 608600069 608600069 0 65535 88 88 6 6 3 
0 4294967295 606711554 606711554 0 65535 24032 24032 6 6 3 
0 4294967295 606711554 606711554 0 65535 53 53 6 6 1 
0 4294967295 606711554 606711554 0 65535 161 161 6 6 3 
0 4294967295 606711554 606711554 0 65535 110 110 6 6 4 
0 4294967295 636579602 636579602 0 65535 110 110 6 6 0 
0 4294967295 631483922 631483922 0 65535 873 873 6 6 3 
0 4294967295 631484368 631484368 0 65535 123 123 6 6 1 
0 4294967295 631484205 631484205 0 65535 25 25 6 6 0 
0 4294967295 631482368 631482368 0 65535 25 25 6 6 4 
0 4294967295 626816781 626816781 0 65535 88 88 6 6 0 
0 4294967295 626816816 626816816 0 65535 7326 7326 6 6 4 
0 4294967295 626816672 626816672 0 65535 22 22 6 6 0 
0 4294967295 576194078 576194078 0 65535 80 80 6 6 1 
0 4294967295 570996037 570996037 0 65535 2055 2055 6 6 4 
0 4294967295 570996055 570996055 0 65535 24032 24032 6 6 1 
0 4294967295 570995534 570995534 0 65535 53 53 6 6 4 
0 4294967295 570995543 570995543 0 65535 24032 24032 6 6 4 
0 4294967295 570995543 570995543 0 65535 23 23 6 6 1 
0 4294967295 585257465 585257465 0 65535 123 123 6 6 3 
0 4294967295 579021585 579021585 0 65535 25 25 6 6 2 
0 4294967295 579021625 579021625 0 65535 21 21 6 6 1 
0 4294967295 593757407 593757407 0 65535 80 80 6 6 1 
0 4294967295 593765147 593765147 0 65535 750 750 6 6 3 
0 4294967295 593765146 593765146 0 65535 754 754 6 6 0 
0 4294967295 593765146 593765146 0 65535 2401 2401 6 6 1 
0 4294967295 596527146 596527146 0 65535 123 123 6 6 1 
0 4294967295 596527158 596527158 0 65535 22 22 6 6 1 
0 4294967295 568860437 568860437 0 65535 119 119 6 6 0 
0 4294967295 564798208 564798208 0 65535 80 80 6 6 4 
0 4294967295 564797774 564797774 0 65535 53 53 6 6 1 
0 4294967295 564792197 564792197 0 65535 8080 8080 6 6 1 
0 4294967295 564792197 564792197 0 65535 25 25 6 6 0 
0 4294967295 564792197 564792197 0 65535 22 22 6 6 1 
0 4294967295 555011486 555011486 0 65535 22 22 6 6 3 
0 4294967295 561977571 561977571 0 65535 25 25 6 6 3 
0 4294967295 561978365 561978365 0 65535 143 143 6 6 4 
0 4294967295 561979238 561979238 0 65535 22 22 6 6 4 
0 4294967295 561979253 561979253 0 65535 22 22 6 6 1 
0 4294967295 547472529 547472529 0 65535 69 69 6 6 4 
0 4294967295 552091033 552091033 0 65535 80 80 6 6 2 
0 4294967295 552091033 552091033 0 65535 22 22 6 6 1 
0 4294967295 552091062 552091062 0 65535 25 25 6 6 1 
0 4294967295 1011578330 1011578330 0 65535 544 544 6 6 4 
0 4294967295 1007381828 1007381828 0 65535 23 23 6 6 3 
0 4294967295 1007381868 1007381868 0 65535 750 750 6 6 0 
0 4294967295 1007380949 1007380949 0 65535 88 88 6 6 4 
0 4294967295 1007380949 1007380949 0 65535 879 879 6 6 4 
0 4294967295 1007380949 1007380949 0 65535 80 80 6 6 4 
0 4294967295 1022968498 1022968498 0 65535 119 119 6 6 2 
0 4294967295 1015823935 1015823935 0 65535 22 22 6 6 0 
0 4294967295 1015823926 1015823926 0 65535 113 113 6 6 4 
0 4294967295 1015823924 1015823924 0 65535 25 25 6 6 2 
0 4294967295 1015824000 1015824000 0 65535 80 80 6 6 1 
0 4294967295 1024859925 1024859925 0 65535 80 80 6 6 0 
0 4294967295 1028161309 1028161309 0 65535 22 22 6 6 1 
0 4294967295 1028161287 1028161287 0 65535 25 25 6 6 0 
0 4294967295 1028161033 1028161033 0 65535 754 754 6 6 3 
0 4294967295 1039218531 1039218531 0 65535 22 22 6 6 3 
0 4294967295 1033237695 1033237695 0 65535 80 80 6 6 3 
0 4294967295 1033237693 1033237693 0 65535 80 80 6 6 3 
0 4294967295 1054143842 1054143842 0 65535 21 21 6 6 3 
0 4294967295 1052677787 1052677787 0 65535 22 22 6 6 2 
0 4294967295 1052677806 1052677806 0 65535 23 23 6 6 2 
0 4294967295 1052677634 1052677634 0 65535 25 25 6 6 2 
0 4294967295 1052677091 1052677091 0 65535 1999 1999 6 6 4 
0 4294967295 1052677091 1052677091 0 65535 123 123 6 6 0 
0 4294967295 1040934485 1040934485 0 65535 23 23 6 6 2 
0 4294967295 1048536815 1048536815 0 65535 22 22 6 6 3 
0 4294967295 1048536808 1048536808 0 65535 443 443 6 6 2 
0 4294967295 1048536818 1048536818 0 65535 21 21 6 6 3 
0 4294967295 1048536830 1048536830 0 65535 7648 7648 6 6 3 
0 4294967295 1059366406 1059366406 0 65535 7326 7326 6 6 3 
0 4294967295 1061983805 1061983805 0 65535 53 53 6 6 3 
0 4294967295 1061983527 1061983527 0 65535 22 22 6 6 2 
0 4294967295 1061983527 1061983527 0 65535 750 750 6 6 2 
0 4294967295 1069608919 1069608919 0 65535 80 80 6 6 0 
0 4294967295 969791933 969791933 0 65535 443 443 6 6 3 
0 4294967295 966772906 966772906 0 65535 23 23 6 6 2 
0 4294967295 966772900 966772900 0 65535 53 53 6 6 3 
0 4294967295 966772901 966772901 0 65535 873 873 6 6 3 
0 4294967295 966772901 966772901 0 65535 22 22 6 6 0 
0 4294967295 958800839 958800839 0 65535 22 22 6 6 0 
0 4294967295 960698660 960698660 0 65535 21 21 6 6 2 
0 4294967295 960698660 960698660 0 65535 53 53 6 6 2 
0 4294967295 960700316 960700316 0 65535 80 80 6 6 2 
0 4294967295 949214513 949214513 0 65535 750 750 6 6 3 
0 4294967295 954687790 954687790 0 65535 21 21 6 6 0 
0 4294967295 954687782 954687782 0 65535 7649 7649 6 6 0 
0 4294967295 954687938 954687938 0 65535 53 53 6 6 4 
0 4294967295 954687928 954687928 0 65535 53 53 6 6 4 
0 4294967295 942045689 942045689 0 65535 53 53 6 6 0 
0 4294967295 946113670 946113670 0 65535 53 53 6 6 1 
0 4294967295 946112893 946112893 0 65535 21 21 6 6 0 
0 4294967295 1006477478 1006477478 0 65535 53 53 6 6 4 
0 4294967295 1002147058 1002147058 0 65535 80 80 6 6 0 
0 4294967295 1002147057 1002147057 0 65535 25 25 6 6 4 
0 4294967295 1002147026 1002147026 0 65535 22 22 6 6 3 
0 4294967295 1002147028 1002147028 0 65535 25 25 6 6 1 
0 4294967295 997951107 997951107 0 65535 80 80 6 6 3 
0 4294967295 990353790 990353790 0 65535 80 80 6 6 1 
0 4294967295 990353767 990353767 0 65535 119 119 6 6 3 
0 4294967295 990353592 990353592 0 65535 110 110 6 6 0 
0 4294967295 990353646 990353646 0 65535 544 544 6 6 4 
0 4294967295 974492803 974492803 0 65535 2105 2105 6 6 4 
0 4294967295 974492882 974492882 0 65535 7649 7649 6 6 3 
0 4294967295 974492882 974492882 0 65535 754 754 6 6 2 
0 4294967295 974492882 974492882 0 65535 113 113 6 6 3 
0 4294967295 981901775 981901775 0 65535 53 53 6 6 1 
0 4294967295 987776049 987776049 0 65535 123 123 6 6 2 
0 4294967295 837586459 837586459 0 65535 24032 24032 6 6 4 
0 4294967295 831250644 831250644 0 65535 22 22 6 6 1 
0 4294967295 831243135 831243135 0 65535 22 22 6 6 2 
0 4294967295 831243247 831243247 0 65535 22 22 6 6 4 
0 4294967295 831243144 831243144 0 65535 110 110 6 6 0 
0 4294967295 828711418 828711418 0 65535 21 21 6 6 0 
0 4294967295 822870528 822870528 0 65535 69 69 6 6 2 
0 4294967295 822870535 822870535 0 65535 1999 1999 6 6 1 
0 4294967295 822870564 822870564 0 65535 137 137 6 6 0 
0 4294967295 822870564 822870564 0 65535 22 22 6 6 1 
0 4294967295 822870562 822870562 0 65535 80 80 6 6 1 
0 4294967295 813403425 813403425 0 65535 7648 7648 6 6 4 
0 4294967295 808212680 808212680 0 65535 53 53 6 6 0 
0 4294967295 808212680 808212680 0 65535 80 80 6 6 2 
0 4294967295 808212687 808212687 0 65535 22 22 6 6 4 
0 4294967295 808212586 808212586 0 65535 7649 7649 6 6 0 
0 4294967295 808212584 808212584 0 65535 7649 7649 6 6 4 
0 4294967295 821072142 821072142 0 65535 23 23 6 6 0 
0 4294967295 815638665 815638665 0 65535 22 22 6 6 0 
0 4294967295 815638752 815638752 0 65535 25 25 6 6 4 
0 4294967295 815632178 815632178 0 65535 24032 24032 6 6 1 
0 4294967295 815632148 815632148 0 65535 21 21 6 6 2 
0 4294967295 843167338 843167338 0 65535 22 22 6 6 3 
0 4294967295 839714556 839714556 0 65535 25 25 6 6 3 
0 4294967295 839714404 839714404 0 65535 69 69 6 6 2 
0 4294967295 839714405 839714405 0 65535 22 22 6 6 3 
0 4294967295 839714401 839714401 0 65535 879 879 6 6 0 
0 4294967295 848370676 848370676 0 65535 13 13 6 6 2 
0 4294967295 848370676 848370676 0 65535 544 544 6 6 3 
0 4294967295 848370678 848370678 0 65535 25 25 6 6 2 
0 4294967295 848370678 848370678 0 65535 2055 2055 6 6 3 
0 4294967295 865277303 865277303 0 65535 69 69 6 6 0 
0 4294967295 869092068 869092068 0 65535 80 80 6 6 3 
0 4294967295 869092064 869092064 0 65535 21 21 6 6 3 
0 4294967295 859329293 859329293 0 65535 25 25 6 6 4 
0 4294967295 860767517 860767517 0 65535 754 754 6 6 1 
0 4294967295 911654719 911654719 0 65535 25 25 6 6 4 
0 4294967295 911654705 911654705 0 65535 80 80 6 6 4 
0 4294967295 911654705 911654705 0 65535 5998 5998 6 6 4 
0 4294967295 922347116 922347116 0 65535 22 22 6 6 0 
0 4294967295 916328300 916328300 0 65535 25 25 6 6 0 
0 4294967295 916328283 916328283 0 65535 110 110 6 6 1 
0 4294967295 916328283 916328283 0 65535 161 161 6 6 1 
0 4294967295 916328366 916328366 0 65535 21 21 6 6 2 
0 4294967295 916328366 916328366 0 65535 123 123 6 6 0 
0 4294967295 916328366 916328366 0 65535 443 443 6 6 1 
0 4294967295 933108123 933108123 0 65535 162 162 6 6 4 
0 4294967295 933108122 933108122 0 65535 21 21 6 6 4 
0 4294967295 933108120 933108120 0 65535 179 179 6 6 1 
0 4294967295 933108121 933108121 0 65535 22 22 6 6 1 
0 4294967295 926599240 926599240 0 65535 110 110 6 6 3 
0 4294967295 930788384 930788384 0 65535 53 53 6 6 4 
0 4294967295 930788957 930788957 0 65535 80 80 6 6 1 
0 4294967295 930788982 930788982 0 65535 2105 2105 6 6 0 
0 4294967295 873651581 873651581 0 65535 750 750 6 6 1 
0 4294967295 873651573 873651573 0 65535 22 22 6 6 4 
0 4294967295 873651362 873651362 0 65535 80 80 6 6 1 
0 4294967295 873651370 873651370 0 65535 22 22 6 6 1 
0 4294967295 885114677 885114677 0 65535 25 25 6 6 4 
0 4294967295 882035073 882035073 0 65535 22 22 6 6 4 
0 4294967295 882034713 882034713 0 65535 80 80 6 6 0 
0 4294967295 882034714 882034714 0 65535 22 22 6 6 4 
0 4294967295 895595483 895595483 0 65535 754 754 6 6 1 
0 4294967295 895595441 895595441 0 65535 80 80 6 6 3 
0 4294967295 895595327 895595327 0 65535 123 123 6 6 2 
0 4294967295 268527732 268527732 0 65535 544 544 6 6 4 
0 4294967295 276347590 276347590 0 65535 21 21 6 6 0 
0 4294967295 276347647 276347647 0 65535 139 139 6 6 2 
0 4294967295 276347646 276347646 0 65535 25 25 6 6 2 
0 4294967295 276347403 276347403 0 65535 80 80 6 6 4 
0 4294967295 276347395 276347395 0 65535 138 138 6 6 3 
0 4294967295 284600878 284600878 0 65535 22 22 6 6 0 
0 4294967295 277016213 277016213 0 65535 53 53 6 6 1 
0 4294967295 277016213 277016213 0 65535 2105 2105 6 6 2 
0 4294967295 277016235 277016235 0 65535 110 110 6 6 3 
0 4294967295 277016246 277016246 0 65535 544 544 6 6 2 
0 4294967295 277016246 277016246 0 65535 25 25 6 6 2 
0 4294967295 277016246 277016246 0 65535 2105 2105 6 6 2 
0 4294967295 297024530 297024530 0 65535 161 161 6 6 2 
0 4294967295 298803907 298803907 0 65535 123 123 6 6 0 
0 4294967295 298803927 298803927 0 65535 25 25 6 6 1 
0 4294967295 290161202 290161202 0 65535 544 544 6 6 4 
0 4294967295 286643805 286643805 0 65535 750 750 6 6 3 
0 4294967295 286643794 286643794 0 65535 754 754 6 6 2 
0 4294967295 305413030 305413030 0 65535 25 25 6 6 3 
0 4294967295 305413115 305413115 0 65535 750 750 6 6 3 
0 4294967295 305412781 305412781 0 65535 8080 8080 6 6 2 
0 4294967295 310718640 310718640 0 65535 53 53 6 6 4 
0 4294967295 316767518 316767518 0 65535 443 443 6 6 1 
0 4294967295 316767505 316767505 0 65535 137 137 6 6 3 
0 4294967295 316753838 316753838 0 65535 871 871 6 6 4 
0 4294967295 316753129 316753129 0 65535 53 53 6 6 4 
0 4294967295 335176623 335176623 0 65535 750 750 6 6 3 
0 4294967295 335176613 335176613 0 65535 25 25 6 6 0 
0 4294967295 335176628 335176628 0 65535 53 53 6 6 4 
0 4294967295 335176626 335176626 0 65535 25 25 6 6 2 
0 4294967295 335176626 335176626 0 65535 80 80 6 6 0 
0 4294967295 324151336 324151336 0 65535 22 22 6 6 4 
0 4294967295 378797621 378797621 0 65535 143 143 6 6 1 
0 4294967295 385535819 385535819 0 65535 80 80 6 6 3 
0 4294967295 385535776 385535776 0 65535 544 544 6 6 4 
0 4294967295 374470479 374470479 0 65535 443 443 6 6 3 
0 4294967295 374470517 374470517 0 65535 22 22 6 6 2 
0 4294967295 374470596 374470596 0 65535 7648 7648 6 6 0 
0 4294967295 374470604 374470604 0 65535 80 80 6 6 2 
0 4294967295 385923103 385923103 0 65535 23 23 6 6 0 
0 4294967295 385923135 385923135 0 65535 80 80 6 6 4 
0 4294967295 385923135 385923135 0 65535 179 179 6 6 0 
0 4294967295 385923135 385923135 0 65535 22 22 6 6 4 
0 4294967295 398520921 398520921 0 65535 37 37 6 6 0 
0 4294967295 395180402 395180402 0 65535 22 22 6 6 1 
0 4294967295 395180400 395180400 0 65535 119 119 6 6 1 
0 4294967295 395180400 395180400 0 65535 123 123 6 6 0 
0 4294967295 352875744 352875744 0 65535 53 53 6 6 2 
0 4294967295 357550370 357550370 0 65535 67 67 6 6 3 
0 4294967295 357550337 357550337 0 65535 7648 7648 6 6 1 
0 4294967295 357550353 357550353 0 65535 2105 2105 6 6 0 
0 4294967295 357550509 357550509 0 65535 21 21 6 6 1 
0 4294967295 357550508 357550508 0 65535 22 22 6 6 2 
0 4294967295 368905883 368905883 0 65535 22 22 6 6 1 
0 4294967295 361708533 361708533 0 65535 53 53 6 6 1 
0 4294967295 361708301 361708301 0 65535 25 25 6 6 2 
0 4294967295 361697093 361697093 0 65535 22 22 6 6 3 
0 4294967295 361697278 361697278 0 65535 23 23 6 6 3 
0 4294967295 352162227 352162227 0 65535 53 53 6 6 0 
0 4294967295 344479231 344479231 0 65535 139 139 6 6 1 
0 4294967295 344478919 344478919 0 65535 2055 2055 6 6 3 
0 4294967295 341402159 341402159 0 65535 7648 7648 6 6 1 
0 4294967295 338318606 338318606 0 65535 443 443 6 6 0 
0 4294967295 476667027 476667027 0 65535 69 69 6 6 0 
0 4294967295 473611221 473611221 0 65535 110 110 6 6 2 
0 4294967295 473611222 473611222 0 65535 53 53 6 6 1 
0 4294967295 473611251 473611251 0 65535 80 80 6 6 4 
0 4294967295 473611253 473611253 0 65535 443 443 6 6 1 
0 4294967295 0 4294967295 0 65535 0 65535 0 255 4 
