0 4294967295 484489896 484489896 0 65535 7648 7648 6 6 0 
0 4294967295 484489944 484489944 0 65535 25 25 6 6 4 
0 4294967295 484489812 484489812 0 65535 123 123 6 6 2 
0 4294967295 484489812 484489812 0 65535 7326 7326 6 6 3 
0 4294967295 484489808 484489808 0 65535 119 119 6 6 4 
0 4294967295 488079731 488079731 0 65535 1999 1999 6 6 1 
0 4294967295 488079472 488079472 0 65535 22 22 6 6 0 
0 4294967295 500868829 500868829 0 65535 53 53 6 6 3 
0 4294967295 495496617 495496617 0 65535 123 123 6 6 1 
0 4294967295 495487289 495487289 0 65535 7648 7648 6 6 3 
0 4294967295 495487071 495487071 0 65535 879 879 6 6 1 
0 4294967295 534817013 534817013 0 65535 53 53 6 6 2 
0 4294967295 530566493 530566493 0 65535 7649 7649 6 6 1 
0 4294967295 530567103 530567103 0 65535 544 544 6 6 0 
0 4294967295 530566699 530566699 0 65535 80 80 6 6 0 
0 4294967295 530566684 530566684 0 65535 7648 7648 6 6 3 
0 4294967295 522826403 522826403 0 65535 143 143 6 6 1 
0 4294967295 526348492 526348492 0 65535 23 23 6 6 3 
0 4294967295 526348503 526348503 0 65535 2105 2105 6 6 2 
0 4294967295 526348441 526348441 0 65535 7326 7326 6 6 3 
0 4294967295 520019299 520019299 0 65535 25 25 6 6 1 
0 4294967295 513242129 513242129 0 65535 53 53 6 6 2 
0 4294967295 513241781 513241781 0 65535 25 25 6 6 1 
0 4294967295 513241836 513241836 0 65535 443 443 6 6 4 
0 4294967295 508670041 508670041 0 65535 53 53 6 6 3 
0 4294967295 503594132 503594132 0 65535 544 544 6 6 0 
0 4294967295 503594138 503594138 0 65535 7648 7648 6 6 0 
0 4294967295 503594326 503594326 0 65535 22 22 6 6 4 
0 4294967295 407091863 407091863 0 65535 179 179 6 6 2 
0 4294967295 405014582 405014582 0 65535 22 22 6 6 3 
0 4294967295 405014582 405014582 0 65535 1999 1999 6 6 1 
0 4294967295 405016176 405016176 0 65535 123 123 6 6 4 
0 4294967295 405016151 405016151 0 65535 544 544 6 6 4 
0 4294967295 417296859 417296859 0 65535 23 23 6 6 2 
0 4294967295 414586838 414586838 0 65535 80 80 6 6 0 
0 4294967295 414586838 414586838 0 65535 25 25 6 6 3 
0 4294967295 414586838 414586838 0 65535 123 123 6 6 4 
0 4294967295 414586838 414586838 0 65535 22 22 6 6 0 
0 4294967295 421760281 421760281 0 65535 22 22 6 6 2 
0 4294967295 424010194 424010194 0 65535 123 123 6 6 0 
0 4294967295 424010040 424010040 0 65535 80 80 6 6 3 
0 4294967295 424010077 424010077 0 65535 7326 7326 6 6 4 
0 4294967295 424010076 424010076 0 65535 161 161 6 6 4 
0 4294967295 429679019 429679019 0 65535 22 22 6 6 0 
0 4294967295 429679005 429679005 0 65535 22 22 6 6 2 
0 4294967295 445792230 445792230 0 65535 80 80 6 6 1 
0 4294967295 445781280 445781280 0 65535 22 22 6 6 1 
0 4294967295 445781280 445781280 0 65535 754 754 6 6 1 
0 4294967295 441351291 441351291 0 65535 22 22 6 6 2 
0 4294967295 439290778 439290778 0 65535 162 162 6 6 3 
0 4294967295 439302184 439302184 0 65535 443 443 6 6 1 
0 4294967295 455212473 455212473 0 65535 53 53 6 6 1 
0 4294967295 458274519 458274519 0 65535 2055 2055 6 6 1 
0 4294967295 216948557 216948557 0 65535 871 871 6 6 4 
0 4294967295 212280925 212280925 0 65535 21 21 6 6 2 
0 4294967295 212280925 212280925 0 65535 22 22 6 6 0 
0 4294967295 212280925 212280925 0 65535 750 750 6 6 1 
0 4294967295 212280925 212280925 0 65535 139 139 6 6 1 
0 4294967295 202899053 202899053 0 65535 22 22 6 6 4 
0 4294967295 205647807 205647807 0 65535 80 80 6 6 0 
0 4294967295 205647854 205647854 0 65535 80 80 6 6 1 
0 4294967295 205647854 205647854 0 65535 22 22 6 6 4 
0 4294967295 218690711 218690711 0 65535 25 25 6 6 2 
0 4294967295 218690711 218690711 0 65535 22 22 6 6 4 
0 4294967295 218690705 218690705 0 65535 879 879 6 6 0 
0 4294967295 233339837 233339837 0 65535 21 21 6 6 4 
0 4294967295 228629998 228629998 0 65535 21 21 6 6 1 
0 4294967295 228629998 228629998 0 65535 7648 7648 6 6 3 
0 4294967295 228629989 228629989 0 65535 110 110 6 6 4 
0 4294967295 248650507 248650507 0 65535 22 22 6 6 4 
0 4294967295 248650544 248650544 0 65535 25 25 6 6 4 
0 4294967295 248650588 248650588 0 65535 88 88 6 6 3 
0 4294967295 237446782 237446782 0 65535 53 53 6 6 2 
0 4294967295 243091060 243091060 0 65535 24032 24032 6 6 0 
0 4294967295 243091246 243091246 0 65535 161 161 6 6 0 
0 4294967295 243091308 243091308 0 65535 161 161 6 6 0 
0 4294967295 263286937 263286937 0 65535 53 53 6 6 4 
0 4294967295 265123512 265123512 0 65535 5999 5999 6 6 1 
0 4294967295 265123512 265123512 0 65535 873 873 6 6 1 
0 4294967295 265123517 265123517 0 65535 2401 2401 6 6 3 
0 4294967295 265122135 265122135 0 65535 53 53 6 6 1 
0 4294967295 265122148 265122148 0 65535 80 80 6 6 4 
0 4294967295 265122148 265122148 0 65535 37 37 6 6 0 
0 4294967295 258053771 258053771 0 65535 25 25 6 6 0 
0 4294967295 255843105 255843105 0 65535 88 88 6 6 2 
0 4294967295 255843105 255843105 0 65535 25 25 6 6 2 
0 4294967295 255843112 255843112 0 65535 80 80 6 6 2 
0 4294967295 255843112 255843112 0 65535 137 137 6 6 1 
0 4294967295 169970750 169970750 0 65535 22 22 6 6 3 
0 4294967295 172832712 172832712 0 65535 80 80 6 6 3 
0 4294967295 172832712 172832712 0 65535 25 25 6 6 2 
0 4294967295 172832712 172832712 0 65535 544 544 6 6 1 
0 4294967295 172832712 172832712 0 65535 873 873 6 6 0 
0 4294967295 177825093 177825093 0 65535 123 123 6 6 3 
0 4294967295 177825039 177825039 0 65535 69 69 6 6 2 
0 4294967295 177824977 177824977 0 65535 750 750 6 6 0 
0 4294967295 177824977 177824977 0 65535 80 80 6 6 2 
0 4294967295 177824977 177824977 0 65535 25 25 6 6 3 
0 4294967295 200982505 200982505 0 65535 88 88 6 6 4 
0 4294967295 200982259 200982259 0 65535 2105 2105 6 6 2 
0 4294967295 200982259 200982259 0 65535 22 22 6 6 4 
0 4294967295 187921886 187921886 0 65535 1999 1999 6 6 1 
0 4294967295 190401620 190401620 0 65535 22 22 6 6 1 
0 4294967295 190401605 190401605 0 65535 80 80 6 6 4 
0 4294967295 167566915 167566915 0 65535 80 80 6 6 0 
0 4294967295 161655628 161655628 0 65535 53 53 6 6 4 
0 4294967295 161655617 161655617 0 65535 80 80 6 6 1 
0 4294967295 158365408 158365408 0 65535 179 179 6 6 2 
0 4294967295 145043873 145043873 0 65535 25 25 6 6 1 
0 4294967295 145034661 145034661 0 65535 161 161 6 6 1 
0 4294967295 145034208 145034208 0 65535 443 443 6 6 0 
0 4294967295 40122299 40122299 0 65535 7649 7649 6 6 1 
0 4294967295 37731829 37731829 0 65535 53 53 6 6 1 
0 4294967295 37731829 37731829 0 65535 22 22 6 6 0 
0 4294967295 37731822 37731822 0 65535 119 119 6 6 1 
0 4294967295 37731822 37731822 0 65535 443 443 6 6 4 
0 4294967295 37731822 37731822 0 65535 23 23 6 6 0 
0 4294967295 37731822 37731822 0 65535 88 88 6 6 3 
0 4294967295 49721869 49721869 0 65535 2105 2105 6 6 4 
0 4294967295 44016029 44016029 0 65535 443 443 6 6 4 
0 4294967295 44013805 44013805 0 65535 5999 5999 6 6 0 
0 4294967295 44013801 44013801 0 65535 5998 5998 6 6 2 
0 4294967295 58880364 58880364 0 65535 143 143 6 6 1 
0 4294967295 58880364 58880364 0 65535 23 23 6 6 4 
0 4294967295 58880364 58880364 0 65535 24032 24032 6 6 4 
0 4294967295 58880364 58880364 0 65535 138 138 6 6 4 
0 4294967295 56490026 56490026 0 65535 25 25 6 6 4 
0 4294967295 53867541 53867541 0 65535 22 22 6 6 0 
0 4294967295 53867538 53867538 0 65535 69 69 6 6 3 
0 4294967295 53867268 53867268 0 65535 161 161 6 6 4 
0 4294967295 25415616 25415616 0 65535 754 754 6 6 4 
0 4294967295 25415574 25415574 0 65535 2105 2105 6 6 4 
0 4294967295 25415574 25415574 0 65535 80 80 6 6 2 
0 4294967295 23686121 23686121 0 65535 22 22 6 6 0 
0 4294967295 18556817 18556817 0 65535 22 22 6 6 0 
0 4294967295 18556632 18556632 0 65535 25 25 6 6 2 
0 4294967295 18556632 18556632 0 65535 22 22 6 6 2 
0 4294967295 16381 16381 0 65535 22 22 6 6 2 
0 4294967295 1867838501 1867838501 0 65535 80 80 6 6 0 
0 4294967295 1867838499 1867838499 0 65535 7649 7649 6 6 2 
0 4294967295 1867838508 1867838508 0 65535 25 25 6 6 1 
0 4294967295 1867838508 1867838508 0 65535 22 22 6 6 3 
0 4294967295 1867838511 1867838511 0 65535 2105 2105 6 6 0 
0 4294967295 1867838511 1867838511 0 65535 53 53 6 6 1 
0 4294967295 1871044861 1871044861 0 65535 7648 7648 6 6 2 
0 4294967295 1871044777 1871044777 0 65535 123 123 6 6 4 
0 4294967295 1871044777 1871044777 0 65535 13 13 6 6 0 
0 4294967295 1871044777 1871044777 0 65535 2105 2105 6 6 3 
0 4294967295 1871044777 1871044777 0 65535 873 873 6 6 1 
0 4294967295 1860517219 1860517219 0 65535 53 53 6 6 4 
0 4294967295 1856192929 1856192929 0 65535 25 25 6 6 0 
0 4294967295 1856192928 1856192928 0 65535 37 37 6 6 0 
0 4294967295 1856192928 1856192928 0 65535 123 123 6 6 2 
0 4294967295 1856192928 1856192928 0 65535 137 137 6 6 4 
0 4294967295 1849965931 1849965931 0 65535 80 80 6 6 1 
0 4294967295 1847694054 1847694054 0 65535 7326 7326 6 6 2 
0 4294967295 1847694062 1847694062 0 65535 23 23 6 6 3 
0 4294967295 1847693865 1847693865 0 65535 161 161 6 6 3 
0 4294967295 1834634779 1834634779 0 65535 69 69 6 6 1 
0 4294967295 1828735978 1828735978 0 65535 53 53 6 6 3 
0 4294967295 1828735976 1828735976 0 65535 25 25 6 6 0 
0 4294967295 1828735983 1828735983 0 65535 67 67 6 6 4 
0 4294967295 1838376534 1838376534 0 65535 2105 2105 6 6 0 
0 4294967295 1845280369 1845280369 0 65535 80 80 6 6 4 
0 4294967295 1845280373 1845280373 0 65535 80 80 6 6 0 
0 4294967295 1845280258 1845280258 0 65535 123 123 6 6 2 
0 4294967295 1845280256 1845280256 0 65535 123 123 6 6 3 
0 4294967295 1823179202 1823179202 0 65535 750 750 6 6 2 
0 4294967295 1823179083 1823179083 0 65535 22 22 6 6 4 
0 4294967295 1823179067 1823179067 0 65535 22 22 6 6 4 
0 4294967295 1818094213 1818094213 0 65535 25 25 6 6 4 
0 4294967295 1754901627 1754901627 0 65535 53 53 6 6 2 
0 4294967295 1761236645 1761236645 0 65535 137 137 6 6 2 
0 4294967295 1761236610 1761236610 0 65535 137 137 6 6 3 
0 4294967295 1761236614 1761236614 0 65535 24032 24032 6 6 0 
0 4294967295 1761235370 1761235370 0 65535 80 80 6 6 4 
0 4294967295 1761235370 1761235370 0 65535 22 22 6 6 2 
0 4294967295 1749070561 1749070561 0 65535 5999 5999 6 6 1 
0 4294967295 1747319223 1747319223 0 65535 110 110 6 6 2 
0 4294967295 1747319172 1747319172 0 65535 80 80 6 6 4 
0 4294967295 1747319144 1747319144 0 65535 139 139 6 6 4 
0 4294967295 1763568406 1763568406 0 65535 110 110 6 6 4 
0 4294967295 1763568247 1763568247 0 65535 161 161 6 6 1 
0 4294967295 1763562681 1763562681 0 65535 443 443 6 6 3 
0 4294967295 1763562730 1763562730 0 65535 22 22 6 6 4 
0 4294967295 1763562694 1763562694 0 65535 110 110 6 6 2 
0 4294967295 1776120739 1776120739 0 65535 22 22 6 6 1 
0 4294967295 1772139186 1772139186 0 65535 53 53 6 6 1 
0 4294967295 1772139173 1772139173 0 65535 80 80 6 6 3 
0 4294967295 1798182699 1798182699 0 65535 161 161 6 6 2 
0 4294967295 1798182704 1798182704 0 65535 22 22 6 6 4 
0 4294967295 1798180952 1798180952 0 65535 25 25 6 6 4 
0 4294967295 1798180879 1798180879 0 65535 80 80 6 6 4 
0 4294967295 1798180877 1798180877 0 65535 2105 2105 6 6 3 
0 4294967295 1811185581 1811185581 0 65535 110 110 6 6 0 
0 4294967295 1811185276 1811185276 0 65535 22 22 6 6 1 
0 4294967295 1811185276 1811185276 0 65535 750 750 6 6 1 
0 4294967295 1786744625 1786744625 0 65535 5999 5999 6 6 3 
0 4294967295 1779501436 1779501436 0 65535 37 37 6 6 2 
0 4294967295 1779501433 1779501433 0 65535 80 80 6 6 1 
0 4294967295 1779501410 1779501410 0 65535 24032 24032 6 6 3 
0 4294967295 1779501410 1779501410 0 65535 25 25 6 6 2 
0 4294967295 1786920071 1786920071 0 65535 22 22 6 6 4 
0 4294967295 1795009914 1795009914 0 65535 754 754 6 6 2 
0 4294967295 1795009914 1795009914 0 65535 80 80 6 6 4 
0 4294967295 1736680366 1736680366 0 65535 80 80 6 6 2 
0 4294967295 1736680366 1736680366 0 65535 879 879 6 6 4 
0 4294967295 1736680365 1736680365 0 65535 544 544 6 6 0 
0 4294967295 1736680365 1736680365 0 65535 37 37 6 6 4 
0 4294967295 1730742576 1730742576 0 65535 22 22 6 6 4 
0 4294967295 1736078371 1736078371 0 65535 53 53 6 6 0 
0 4294967295 1736078371 1736078371 0 65535 80 80 6 6 4 
0 4294967295 1736078368 1736078368 0 65535 22 22 6 6 1 
0 4294967295 1736078120 1736078120 0 65535 754 754 6 6 3 
0 4294967295 1726765332 1726765332 0 65535 22 22 6 6 4 
0 4294967295 1722570180 1722570180 0 65535 2055 2055 6 6 0 
0 4294967295 1722570285 1722570285 0 65535 23 23 6 6 3 
0 4294967295 1722570273 1722570273 0 65535 88 88 6 6 3 
0 4294967295 1718124483 1718124483 0 65535 80 80 6 6 2 
0 4294967295 1718124450 1718124450 0 65535 80 80 6 6 2 
0 4294967295 1710751303 1710751303 0 65535 22 22 6 6 2 
0 4294967295 1705244173 1705244173 0 65535 22 22 6 6 3 
0 4294967295 1705233186 1705233186 0 65535 25 25 6 6 3 
0 4294967295 1705233186 1705233186 0 65535 750 750 6 6 1 
0 4294967295 1705233186 1705233186 0 65535 22 22 6 6 4 
0 4294967295 1705233186 1705233186 0 65535 119 119 6 6 1 
0 4294967295 1695890419 1695890419 0 65535 53 53 6 6 0 
0 4294967295 1695890306 1695890306 0 65535 750 750 6 6 1 
0 4294967295 1695890305 1695890305 0 65535 161 161 6 6 4 
0 4294967295 1695890308 1695890308 0 65535 53 53 6 6 3 
0 4294967295 1693700108 1693700108 0 65535 2105 2105 6 6 2 
0 4294967295 1688072372 1688072372 0 65535 80 80 6 6 3 
0 4294967295 1688072335 1688072335 0 65535 22 22 6 6 4 
0 4294967295 1682438606 1682438606 0 65535 25 25 6 6 1 
0 4294967295 1680941733 1680941733 0 65535 22 22 6 6 2 
0 4294967295 1643930600 1643930600 0 65535 53 53 6 6 0 
0 4294967295 1643930440 1643930440 0 65535 21 21 6 6 3 
0 4294967295 1643930441 1643930441 0 65535 544 544 6 6 1 
0 4294967295 1633946714 1633946714 0 65535 80 80 6 6 3 
0 4294967295 1633946713 1633946713 0 65535 22 22 6 6 3 
0 4294967295 1633946736 1633946736 0 65535 37 37 6 6 4 
0 4294967295 1633946741 1633946741 0 65535 123 123 6 6 3 
0 4294967295 1623127584 1623127584 0 65535 53 53 6 6 2 
0 4294967295 1627336096 1627336096 0 65535 80 80 6 6 4 
0 4294967295 1627336098 1627336098 0 65535 53 53 6 6 0 
0 4294967295 1627335346 1627335346 0 65535 25 25 6 6 2 
0 4294967295 1627335305 1627335305 0 65535 754 754 6 6 3 
0 4294967295 1616878343 1616878343 0 65535 119 119 6 6 4 
0 4294967295 1614045114 1614045114 0 65535 138 138 6 6 0 
0 4294967295 1614045114 1614045114 0 65535 22 22 6 6 3 
0 4294967295 1662267112 1662267112 0 65535 7648 7648 6 6 3 
0 4294967295 1666203880 1666203880 0 65535 13 13 6 6 2 
0 4294967295 1666203880 1666203880 0 65535 443 443 6 6 2 
0 4294967295 1666203874 1666203874 0 65535 123 123 6 6 0 
0 4294967295 1666203874 1666203874 0 65535 69 69 6 6 3 
0 4294967295 1666203874 1666203874 0 65535 80 80 6 6 1 
0 4294967295 1670137996 1670137996 0 65535 22 22 6 6 3 
0 4294967295 1677447453 1677447453 0 65535 25 25 6 6 3 
0 4294967295 1677447551 1677447551 0 65535 443 443 6 6 3 
0 4294967295 1677459202 1677459202 0 65535 22 22 6 6 3 
0 4294967295 1651609630 1651609630 0 65535 21 21 6 6 1 
0 4294967295 1646933524 1646933524 0 65535 22 22 6 6 3 
0 4294967295 1646933522 1646933522 0 65535 22 22 6 6 1 
0 4294967295 1646933529 1646933529 0 65535 69 69 6 6 0 
0 4294967295 1646933529 1646933529 0 65535 25 25 6 6 4 
0 4294967295 1646933529 1646933529 0 65535 23 23 6 6 2 
0 4294967295 2076851825 2076851825 0 65535 25 25 6 6 4 
0 4294967295 2072827737 2072827737 0 65535 119 119 6 6 3 
0 4294967295 2072827850 2072827850 0 65535 25 25 6 6 3 
0 4294967295 2072827625 2072827625 0 65535 23 23 6 6 2 
0 4294967295 2072827589 2072827589 0 65535 162 162 6 6 0 
0 4294967295 2072827589 2072827589 0 65535 879 879 6 6 4 
0 4294967295 2071430021 2071430021 0 65535 80 80 6 6 3 
0 4294967295 2066970017 2066970017 0 65535 123 123 6 6 1 
0 4294967295 2066970505 2066970505 0 65535 544 544 6 6 4 
0 4294967295 2066970211 2066970211 0 65535 80 80 6 6 0 
0 4294967295 2058869300 2058869300 0 65535 123 123 6 6 4 
0 4294967295 2062346988 2062346988 0 65535 2105 2105 6 6 1 
0 4294967295 2062346987 2062346987 0 65535 22 22 6 6 0 
0 4294967295 2048645791 2048645791 0 65535 22 22 6 6 1 
0 4294967295 2048645809 2048645809 0 65535 22 22 6 6 4 
0 4294967295 2034097816 2034097816 0 65535 544 544 6 6 2 
0 4294967295 2035569386 2035569386 0 65535 139 139 6 6 3 
0 4294967295 2035569405 2035569405 0 65535 2105 2105 6 6 3 
0 4294967295 2035569407 2035569407 0 65535 80 80 6 6 4 
0 4294967295 2045415510 2045415510 0 65535 21 21 6 6 4 
0 4294967295 2040950773 2040950773 0 65535 22 22 6 6 4 
0 4294967295 2040944579 2040944579 0 65535 25 25 6 6 2 
0 4294967295 2040944579 2040944579 0 65535 80 80 6 6 3 
0 4294967295 2014460237 2014460237 0 65535 544 544 6 6 4 
0 4294967295 2017940491 2017940491 0 65535 80 80 6 6 2 
0 4294967295 2017940486 2017940486 0 65535 544 544 6 6 1 
0 4294967295 2017940487 2017940487 0 65535 123 123 6 6 0 
0 4294967295 2017940483 2017940483 0 65535 22 22 6 6 3 
0 4294967295 2017940481 2017940481 0 65535 544 544 6 6 1 
0 4294967295 2022437780 2022437780 0 65535 7648 7648 6 6 1 
0 4294967295 2028167290 2028167290 0 65535 22 22 6 6 4 
0 4294967295 2083850937 2083850937 0 65535 22 22 6 6 4 
0 4294967295 2086673681 2086673681 0 65535 544 544 6 6 0 
0 4294967295 2086673688 2086673688 0 65535 754 754 6 6 4 
0 4294967295 2086673724 2086673724 0 65535 123 123 6 6 1 
0 4294967295 2086673725 2086673725 0 65535 750 750 6 6 3 
0 4294967295 2095789315 2095789315 0 65535 754 754 6 6 2 
0 4294967295 2092396476 2092396476 0 65535 88 88 6 6 1 
0 4294967295 2092396476 2092396476 0 65535 22 22 6 6 1 
0 4294967295 2092396478 2092396478 0 65535 1999 1999 6 6 1 
0 4294967295 2092396478 2092396478 0 65535 22 22 6 6 4 
0 4294967295 2101233170 2101233170 0 65535 119 119 6 6 2 
0 4294967295 2101233169 2101233169 0 65535 80 80 6 6 1 
0 4294967295 2101233429 2101233429 0 65535 443 443 6 6 2 
0 4294967295 2101233429 2101233429 0 65535 750 750 6 6 0 
0 4294967295 2101233583 2101233583 0 65535 7326 7326 6 6 0 
0 4294967295 2112881233 2112881233 0 65535 2105 2105 6 6 3 
0 4294967295 2112881232 2112881232 0 65535 119 119 6 6 0 
0 4294967295 2112890787 2112890787 0 65535 13 13 6 6 4 
0 4294967295 2112890787 2112890787 0 65535 22 22 6 6 2 
0 4294967295 2124472355 2124472355 0 65535 25 25 6 6 2 
0 4294967295 2127507306 2127507306 0 65535 123 123 6 6 0 
0 4294967295 2127506711 2127506711 0 65535 25 25 6 6 1 
0 4294967295 2127506706 2127506706 0 65535 80 80 6 6 0 
0 4294967295 2127506788 2127506788 0 65535 21 21 6 6 2 
0 4294967295 2119730214 2119730214 0 65535 750 750 6 6 0 
0 4294967295 2116102965 2116102965 0 65535 750 750 6 6 4 
0 4294967295 2116103074 2116103074 0 65535 25 25 6 6 0 
0 4294967295 2116103365 2116103365 0 65535 7648 7648 6 6 3 
0 4294967295 2116103374 2116103374 0 65535 22 22 6 6 1 
0 4294967295 2139897742 2139897742 0 65535 22 22 6 6 4 
0 4294967295 2139897762 2139897762 0 65535 80 80 6 6 3 
0 4294967295 2139897785 2139897785 0 65535 544 544 6 6 1 
0 4294967295 2139897785 2139897785 0 65535 123 123 6 6 0 
0 4294967295 2139897788 2139897788 0 65535 162 162 6 6 1 
0 4294967295 2010223775 2010223775 0 65535 22 22 6 6 3 
0 4294967295 2010223366 2010223366 0 65535 22 22 6 6 4 
0 4294967295 2010233206 2010233206 0 65535 137 137 6 6 1 
0 4294967295 2010233214 2010233214 0 65535 69 69 6 6 2 
0 4294967295 2000836835 2000836835 0 65535 53 53 6 6 0 
0 4294967295 2000838333 2000838333 0 65535 25 25 6 6 0 
0 4294967295 2000838333 2000838333 0 65535 754 754 6 6 4 
0 4294967295 1981992158 1981992158 0 65535 67 67 6 6 3 
0 4294967295 1987182337 1987182337 0 65535 544 544 6 6 1 
0 4294967295 1987182337 1987182337 0 65535 7649 7649 6 6 2 
0 4294967295 1987182337 1987182337 0 65535 37 37 6 6 0 
0 4294967295 1989014161 1989014161 0 65535 123 123 6 6 1 
0 4294967295 1989007915 1989007915 0 65535 22 22 6 6 2 
0 4294967295 1953318882 1953318882 0 65535 123 123 6 6 2 
0 4294967295 1953318857 1953318857 0 65535 7648 7648 6 6 3 
0 4294967295 1953331250 1953331250 0 65535 7649 7649 6 6 3 
0 4294967295 1953331263 1953331263 0 65535 24032 24032 6 6 3 
0 4294967295 1955989112 1955989112 0 65535 123 123 6 6 0 
0 4294967295 1962201182 1962201182 0 65535 7648 7648 6 6 3 
0 4294967295 1962201182 1962201182 0 65535 25 25 6 6 4 
0 4294967295 1962201182 1962201182 0 65535 138 138 6 6 4 
0 4294967295 1978624903 1978624903 0 65535 119 119 6 6 2 
0 4294967295 1972901974 1972901974 0 65535 25 25 6 6 1 
0 4294967295 1972901989 1972901989 0 65535 179 179 6 6 2 
0 4294967295 1972902371 1972902371 0 65535 7648 7648 6 6 1 
0 4294967295 1972902372 1972902372 0 65535 80 80 6 6 4 
0 4294967295 1966375878 1966375878 0 65535 22 22 6 6 3 
0 4294967295 1966375878 1966375878 0 65535 80 80 6 6 0 
0 4294967295 1888668996 1888668996 0 65535 53 53 6 6 4 
0 4294967295 1895004561 1895004561 0 65535 22 22 6 6 4 
0 4294967295 1895004340 1895004340 0 65535 22 22 6 6 3 
0 4294967295 1895004361 1895004361 0 65535 25 25 6 6 0 
0 4294967295 1880448154 1880448154 0 65535 161 161 6 6 4 
0 4294967295 1899318221 1899318221 0 65535 69 69 6 6 4 
0 4294967295 1899318221 1899318221 0 65535 123 123 6 6 3 
0 4294967295 1899318221 1899318221 0 65535 80 80 6 6 1 
0 4294967295 1911133777 1911133777 0 65535 750 750 6 6 4 
0 4294967295 1911133675 1911133675 0 65535 22 22 6 6 0 
0 4294967295 1914425094 1914425094 0 65535 25 25 6 6 0 
0 4294967295 1918015369 1918015369 0 65535 37 37 6 6 1 
0 4294967295 1918015412 1918015412 0 65535 22 22 6 6 4 
0 4294967295 1918015405 1918015405 0 65535 22 22 6 6 2 
0 4294967295 1918015407 1918015407 0 65535 80 80 6 6 0 
0 4294967295 1927595381 1927595381 0 65535 544 544 6 6 4 
0 4294967295 1921034941 1921034941 0 65535 22 22 6 6 1 
0 4294967295 1921034930 1921034930 0 65535 21 21 6 6 0 
0 4294967295 1938667461 1938667461 0 65535 22 22 6 6 3 
0 4294967295 1938667461 1938667461 0 65535 37 37 6 6 1 
0 4294967295 1930794119 1930794119 0 65535 25 25 6 6 0 
0 4294967295 1145824517 1145824517 0 65535 22 22 6 6 0 
0 4294967295 1144391164 1144391164 0 65535 25 25 6 6 0 
0 4294967295 1144391166 1144391166 0 65535 80 80 6 6 0 
0 4294967295 1144391163 1144391163 0 65535 7648 7648 6 6 1 
0 4294967295 1144391005 1144391005 0 65535 80 80 6 6 2 
0 4294967295 1144390992 1144390992 0 65535 24032 24032 6 6 1 
0 4294967295 1155361722 1155361722 0 65535 80 80 6 6 1 
0 4294967295 1150419620 1150419620 0 65535 53 53 6 6 0 
0 4294967295 1150419611 1150419611 0 65535 25 25 6 6 2 
0 4294967295 1150419611 1150419611 0 65535 21 21 6 6 1 
0 4294967295 1174101373 1174101373 0 65535 113 113 6 6 0 
0 4294967295 1168046502 1168046502 0 65535 80 80 6 6 4 
0 4294967295 1168046139 1168046139 0 65535 123 123 6 6 4 
0 4294967295 1168046140 1168046140 0 65535 750 750 6 6 4 
0 4294967295 1168046140 1168046140 0 65535 879 879 6 6 0 
0 4294967295 1159748686 1159748686 0 65535 13 13 6 6 2 
0 4294967295 1163039966 1163039966 0 65535 25 25 6 6 4 
0 4294967295 1163039796 1163039796 0 65535 80 80 6 6 3 
0 4294967295 1191569693 1191569693 0 65535 7648 7648 6 6 3 
0 4294967295 1191569695 1191569695 0 65535 119 119 6 6 2 
0 4294967295 1191569694 1191569694 0 65535 2055 2055 6 6 0 
0 4294967295 1204952281 1204952281 0 65535 123 123 6 6 3 
0 4294967295 1199856941 1199856941 0 65535 53 53 6 6 0 
0 4294967295 1199856941 1199856941 0 65535 25 25 6 6 4 
0 4294967295 1199856941 1199856941 0 65535 67 67 6 6 4 
0 4294967295 1199857145 1199857145 0 65535 80 80 6 6 2 
0 4294967295 1181518640 1181518640 0 65535 80 80 6 6 1 
0 4294967295 1174731583 1174731583 0 65535 53 53 6 6 1 
0 4294967295 1174717646 1174717646 0 65535 161 161 6 6 3 
0 4294967295 1174717580 1174717580 0 65535 22 22 6 6 3 
0 4294967295 1174717606 1174717606 0 65535 123 123 6 6 0 
0 4294967295 1185619507 1185619507 0 65535 119 119 6 6 4 
0 4294967295 1190677084 1190677084 0 65535 1999 1999 6 6 1 
0 4294967295 1190677307 1190677307 0 65535 80 80 6 6 1 
0 4294967295 1115367582 1115367582 0 65535 443 443 6 6 3 
0 4294967295 1108912135 1108912135 0 65535 80 80 6 6 2 
0 4294967295 1108912411 1108912411 0 65535 750 750 6 6 3 
0 4294967295 1108907750 1108907750 0 65535 5998 5998 6 6 1 
0 4294967295 1108908001 1108908001 0 65535 443 443 6 6 0 
0 4294967295 1120025100 1120025100 0 65535 544 544 6 6 4 
0 4294967295 1116937117 1116937117 0 65535 123 123 6 6 3 
0 4294967295 1116937117 1116937117 0 65535 69 69 6 6 4 
0 4294967295 1116937111 1116937111 0 65535 123 123 6 6 0 
0 4294967295 1116937111 1116937111 0 65535 80 80 6 6 1 
0 4294967295 1127035304 1127035304 0 65535 22 22 6 6 1 
0 4294967295 1127035305 1127035305 0 65535 53 53 6 6 3 
0 4294967295 1127035307 1127035307 0 65535 22 22 6 6 1 
0 4294967295 1127035205 1127035205 0 65535 119 119 6 6 2 
0 4294967295 1127035205 1127035205 0 65535 25 25 6 6 1 
0 4294967295 1138418318 1138418318 0 65535 25 25 6 6 3 
0 4294967295 1136494072 1136494072 0 65535 750 750 6 6 2 
0 4294967295 1136494072 1136494072 0 65535 544 544 6 6 2 
0 4294967295 1086217017 1086217017 0 65535 123 123 6 6 2 
0 4294967295 1086216973 1086216973 0 65535 25 25 6 6 0 
0 4294967295 1086216973 1086216973 0 65535 123 123 6 6 0 
0 4294967295 1075428174 1075428174 0 65535 7648 7648 6 6 0 
0 4294967295 1078064689 1078064689 0 65535 53 53 6 6 2 
0 4294967295 1078064689 1078064689 0 65535 22 22 6 6 1 
0 4294967295 1078064689 1078064689 0 65535 544 544 6 6 0 
0 4294967295 1078064689 1078064689 0 65535 7649 7649 6 6 1 
0 4294967295 1099875366 1099875366 0 65535 25 25 6 6 0 
0 4294967295 1104301459 1104301459 0 65535 161 161 6 6 0 
0 4294967295 1104301387 1104301387 0 65535 80 80 6 6 1 
0 4294967295 1104301389 1104301389 0 65535 22 22 6 6 1 
0 4294967295 1090589972 1090589972 0 65535 22 22 6 6 2 
0 4294967295 1252480807 1252480807 0 65535 22 22 6 6 0 
0 4294967295 1254190128 1254190128 0 65535 80 80 6 6 2 
0 4294967295 1254190128 1254190128 0 65535 7648 7648 6 6 2 
0 4294967295 1254190586 1254190586 0 65535 7648 7648 6 6 0 
0 4294967295 1254190530 1254190530 0 65535 53 53 6 6 1 
0 4294967295 1247918368 1247918368 0 65535 80 80 6 6 0 
0 4294967295 1242294939 1242294939 0 65535 443 443 6 6 0 
0 4294967295 1242295015 1242295015 0 65535 22 22 6 6 0 
0 4294967295 1242295015 1242295015 0 65535 162 162 6 6 0 
0 4294967295 1265803275 1265803275 0 65535 139 139 6 6 3 
0 4294967295 1265803311 1265803311 0 65535 7648 7648 6 6 4 
0 4294967295 1265803497 1265803497 0 65535 53 53 6 6 4 
0 4294967295 1271802395 1271802395 0 65535 80 80 6 6 0 
0 4294967295 1271802417 1271802417 0 65535 80 80 6 6 2 
0 4294967295 1271803298 1271803298 0 65535 25 25 6 6 3 
0 4294967295 1271803265 1271803265 0 65535 119 119 6 6 4 
0 4294967295 1235752501 1235752501 0 65535 750 750 6 6 2 
0 4294967295 1241245437 1241245437 0 65535 179 179 6 6 1 
0 4294967295 1241245561 1241245561 0 65535 80 80 6 6 4 
0 4294967295 1241245522 1241245522 0 65535 7326 7326 6 6 2 
0 4294967295 1241245590 1241245590 0 65535 22 22 6 6 4 
0 4294967295 1241245581 1241245581 0 65535 80 80 6 6 0 
0 4294967295 1231916388 1231916388 0 65535 22 22 6 6 2 
0 4294967295 1231927904 1231927904 0 65535 53 53 6 6 4 
0 4294967295 1231927904 1231927904 0 65535 25 25 6 6 0 
0 4294967295 1218678459 1218678459 0 65535 80 80 6 6 0 
0 4294967295 1221808762 1221808762 0 65535 80 80 6 6 0 
0 4294967295 1221808762 1221808762 0 65535 25 25 6 6 4 
0 4294967295 1221810165 1221810165 0 65535 2105 2105 6 6 2 
0 4294967295 1212761129 1212761129 0 65535 2105 2105 6 6 3 
0 4294967295 1212761129 1212761129 0 65535 119 119 6 6 1 
0 4294967295 1212761131 1212761131 0 65535 22 22 6 6 1 
0 4294967295 1295283504 1295283504 0 65535 69 69 6 6 3 
0 4294967295 1300070665 1300070665 0 65535 25 25 6 6 4 
0 4294967295 1300079539 1300079539 0 65535 179 179 6 6 4 
0 4294967295 1300079513 1300079513 0 65535 123 123 6 6 4 
0 4294967295 1300079163 1300079163 0 65535 80 80 6 6 4 
0 4294967295 1300079162 1300079162 0 65535 88 88 6 6 4 
0 4294967295 1303800593 1303800593 0 65535 544 544 6 6 2 
0 4294967295 1304860540 1304860540 0 65535 22 22 6 6 2 
0 4294967295 1304860433 1304860433 0 65535 139 139 6 6 1 
0 4294967295 1304860660 1304860660 0 65535 25 25 6 6 2 
0 4294967295 1285187422 1285187422 0 65535 80 80 6 6 3 
0 4294967295 1291263202 1291263202 0 65535 53 53 6 6 3 
0 4294967295 1291263208 1291263208 0 65535 53 53 6 6 1 
0 4294967295 1291263073 1291263073 0 65535 53 53 6 6 3 
0 4294967295 1281985699 1281985699 0 65535 23 23 6 6 1 
0 4294967295 1281985726 1281985726 0 65535 161 161 6 6 4 
0 4294967295 1335254938 1335254938 0 65535 161 161 6 6 3 
0 4294967295 1340985845 1340985845 0 65535 80 80 6 6 2 
0 4294967295 1340985851 1340985851 0 65535 25 25 6 6 1 
0 4294967295 1340985855 1340985855 0 65535 25 25 6 6 2 
0 4294967295 1340985641 1340985641 0 65535 162 162 6 6 1 
0 4294967295 1340985641 1340985641 0 65535 22 22 6 6 4 
0 4294967295 1333631890 1333631890 0 65535 22 22 6 6 2 
0 4294967295 1329048492 1329048492 0 65535 544 544 6 6 0 
0 4294967295 1329048492 1329048492 0 65535 123 123 6 6 3 
0 4294967295 1329048481 1329048481 0 65535 25 25 6 6 0 
0 4294967295 1329048481 1329048481 0 65535 53 53 6 6 3 
0 4294967295 1317481528 1317481528 0 65535 7326 7326 6 6 1 
0 4294967295 1323029466 1323029466 0 65535 123 123 6 6 2 
0 4294967295 1323029469 1323029469 0 65535 22 22 6 6 3 
0 4294967295 1323029476 1323029476 0 65535 110 110 6 6 3 
0 4294967295 1353750661 1353750661 0 65535 53 53 6 6 3 
0 4294967295 1353750734 1353750734 0 65535 22 22 6 6 4 
0 4294967295 1353750731 1353750731 0 65535 23 23 6 6 2 
0 4294967295 1353750724 1353750724 0 65535 25 25 6 6 0 
0 4294967295 1345023550 1345023550 0 65535 22 22 6 6 3 
0 4294967295 1345023550 1345023550 0 65535 25 25 6 6 2 
0 4294967295 1345023550 1345023550 0 65535 53 53 6 6 1 
0 4294967295 1345023550 1345023550 0 65535 1999 1999 6 6 4 
0 4294967295 1345023550 1345023550 0 65535 80 80 6 6 1 
0 4294967295 1375003603 1375003603 0 65535 22 22 6 6 1 
0 4294967295 1368663854 1368663854 0 65535 80 80 6 6 3 
0 4294967295 1368663854 1368663854 0 65535 110 110 6 6 1 
0 4294967295 1368664030 1368664030 0 65535 80 80 6 6 1 
0 4294967295 1368664061 1368664061 0 65535 2105 2105 6 6 3 
0 4294967295 1367007118 1367007118 0 65535 162 162 6 6 2 
0 4294967295 1396016023 1396016023 0 65535 5999 5999 6 6 2 
0 4294967295 1396016020 1396016020 0 65535 119 119 6 6 4 
0 4294967295 1396016003 1396016003 0 65535 21 21 6 6 4 
0 4294967295 1396016004 1396016004 0 65535 22 22 6 6 0 
0 4294967295 1404467304 1404467304 0 65535 754 754 6 6 0 
0 4294967295 1407124131 1407124131 0 65535 80 80 6 6 4 
0 4294967295 1407124131 1407124131 0 65535 21 21 6 6 3 
0 4294967295 1407124128 1407124128 0 65535 53 53 6 6 1 
0 4294967295 1407124128 1407124128 0 65535 143 143 6 6 3 
0 4294967295 1379994637 1379994637 0 65535 7648 7648 6 6 4 
0 4294967295 1379994637 1379994637 0 65535 873 873 6 6 1 
0 4294967295 1379994637 1379994637 0 65535 88 88 6 6 1 
0 4294967295 1386547427 1386547427 0 65535 25 25 6 6 0 
0 4294967295 1386547418 1386547418 0 65535 873 873 6 6 3 
0 4294967295 1386547406 1386547406 0 65535 53 53 6 6 2 
0 4294967295 1460382177 1460382177 0 65535 22 22 6 6 2 
0 4294967295 1467421893 1467421893 0 65535 22 22 6 6 1 
0 4294967295 1467421893 1467421893 0 65535 110 110 6 6 1 
0 4294967295 1470961629 1470961629 0 65535 22 22 6 6 2 
0 4294967295 1474629197 1474629197 0 65535 22 22 6 6 2 
0 4294967295 1474629091 1474629091 0 65535 25 25 6 6 0 
0 4294967295 1458840304 1458840304 0 65535 123 123 6 6 1 
0 4294967295 1455146611 1455146611 0 65535 80 80 6 6 2 
0 4294967295 1455146611 1455146611 0 65535 2105 2105 6 6 0 
0 4294967295 1455146611 1455146611 0 65535 22 22 6 6 4 
0 4294967295 1455146611 1455146611 0 65535 25 25 6 6 3 
0 4294967295 1449516572 1449516572 0 65535 22 22 6 6 2 
0 4294967295 1446836633 1446836633 0 65535 119 119 6 6 0 
0 4294967295 1446836632 1446836632 0 65535 7648 7648 6 6 1 
0 4294967295 1446836632 1446836632 0 65535 110 110 6 6 2 
0 4294967295 1441195253 1441195253 0 65535 873 873 6 6 3 
0 4294967295 1436122913 1436122913 0 65535 21 21 6 6 3 
0 4294967295 1436122916 1436122916 0 65535 25 25 6 6 3 
0 4294967295 1436122966 1436122966 0 65535 23 23 6 6 4 
0 4294967295 1436122966 1436122966 0 65535 161 161 6 6 3 
0 4294967295 1436122966 1436122966 0 65535 25 25 6 6 3 
0 4294967295 1411730741 1411730741 0 65535 22 22 6 6 1 
0 4294967295 1417402645 1417402645 0 65535 53 53 6 6 2 
0 4294967295 1417402644 1417402644 0 65535 22 22 6 6 0 
0 4294967295 1417402642 1417402642 0 65535 179 179 6 6 2 
0 4294967295 1417402642 1417402642 0 65535 443 443 6 6 0 
0 4294967295 1417402642 1417402642 0 65535 7648 7648 6 6 0 
0 4294967295 1422649006 1422649006 0 65535 21 21 6 6 1 
0 4294967295 1602428683 1602428683 0 65535 123 123 6 6 1 
0 4294967295 1602428683 1602428683 0 65535 80 80 6 6 4 
0 4294967295 1602428682 1602428682 0 65535 53 53 6 6 4 
0 4294967295 1600701552 1600701552 0 65535 88 88 6 6 1 
0 4294967295 1595383432 1595383432 0 65535 25 25 6 6 3 
0 4294967295 1595383432 1595383432 0 65535 80 80 6 6 2 
0 4294967295 1595383434 1595383434 0 65535 25 25 6 6 2 
0 4294967295 1595383439 1595383439 0 65535 22 22 6 6 1 
0 4294967295 1595383439 1595383439 0 65535 53 53 6 6 4 
0 4294967295 1595383439 1595383439 0 65535 123 123 6 6 1 
0 4294967295 1578638676 1578638676 0 65535 2105 2105 6 6 4 
0 4294967295 1582907744 1582907744 0 65535 123 123 6 6 0 
0 4294967295 1582907744 1582907744 0 65535 7649 7649 6 6 2 
0 4294967295 1582907747 1582907747 0 65535 22 22 6 6 3 
0 4294967295 1582907747 1582907747 0 65535 21 21 6 6 3 
0 4294967295 1582907746 1582907746 0 65535 750 750 6 6 0 
0 4294967295 1592077411 1592077411 0 65535 179 179 6 6 1 
0 4294967295 1586145874 1586145874 0 65535 123 123 6 6 1 
0 4294967295 1586145875 1586145875 0 65535 80 80 6 6 2 
0 4294967295 1586145901 1586145901 0 65535 544 544 6 6 1 
0 4294967295 1586145901 1586145901 0 65535 67 67 6 6 2 
0 4294967295 1549715474 1549715474 0 65535 22 22 6 6 0 
0 4294967295 1549715516 1549715516 0 65535 80 80 6 6 4 
0 4294967295 1549715903 1549715903 0 65535 67 67 6 6 1 
3298477195 3298477195 0 4294967295 0 65535 750 750 6 6 1 
3280480792 3280480792 0 4294967295 0 65535 123 123 6 6 1 
3739577619 3739577619 0 4294967295 0 65535 53 53 6 6 2 
3704378696 3704378696 0 4294967295 0 65535 22 22 6 6 0 
3592352048 3592352048 0 4294967295 0 65535 80 80 6 6 4 
3612070514 3612070514 0 4294967295 0 65535 53 53 6 6 0 
4218323131 4218323131 0 4294967295 0 65535 750 750 6 6 1 
4289142798 4289142798 0 4294967295 0 65535 443 443 6 6 4 
4087942381 4087942381 0 4294967295 0 65535 25 25 6 6 3 
4095614730 4095614730 0 4294967295 0 65535 25 25 6 6 1 
3966910224 3966910224 0 4294967295 0 65535 23 23 6 6 4 
3889614113 3889614113 0 4294967295 0 65535 161 161 6 6 1 
3846390875 3846390875 0 4294967295 0 65535 22 22 6 6 0 
3201439707 3201439707 0 4294967295 0 65535 443 443 6 6 1 
3108496821 3108496821 0 4294967295 0 65535 13 13 6 6 4 
3097810527 3097810527 0 4294967295 0 65535 53 53 6 6 4 
2967394628 2967394628 0 4294967295 0 65535 22 22 6 6 1 
2953198538 2953198538 0 4294967295 0 65535 69 69 6 6 3 
3084165801 3084165801 0 4294967295 0 65535 21 21 6 6 1 
2433445737 2433445737 0 4294967295 0 65535 123 123 6 6 0 
681085789 681085789 0 4294967295 0 65535 873 873 6 6 0 
725893763 725893763 0 4294967295 0 65535 110 110 6 6 3 
626816718 626816718 0 4294967295 0 65535 80 80 6 6 2 
669936044 669936044 0 4294967295 0 65535 25 25 6 6 4 
872543760 872543760 0 4294967295 0 65535 123 123 6 6 1 
526350071 526350071 0 4294967295 0 65535 123 123 6 6 2 
488080740 488080740 0 4294967295 0 65535 22 22 6 6 4 
462131309 462131309 0 4294967295 0 65535 2055 2055 6 6 3 
102851667 102851667 0 4294967295 0 65535 53 53 6 6 2 
1181403693 1181403693 0 4294967295 0 65535 53 53 6 6 4 
1195295917 1195295917 0 4294967295 0 65535 69 69 6 6 1 
1087733013 1087733013 0 4294967295 0 65535 21 21 6 6 1 
1367005223 1367005223 0 4294967295 0 65535 80 80 6 6 2 
1356236342 1356236342 0 4294967295 0 65535 544 544 6 6 2 
1400730427 1400730427 0 4294967295 0 65535 53 53 6 6 4 
1597267767 1597267767 0 4294967295 0 65535 80 80 6 6 4 
1578317287 1578317287 0 4294967295 0 65535 80 80 6 6 4 
1480445721 1480445721 0 4294967295 0 65535 37 37 6 6 4 
1489239009 1489239009 0 4294967295 0 65535 25 25 6 6 3 
1859090830 1859090830 0 4294967295 0 65535 2105 2105 6 6 0 
1730395140 1730395140 0 4294967295 0 65535 25 25 6 6 1 
2076989165 2076989165 0 4294967295 0 65535 80 80 6 6 0 
2057185457 2057185457 0 4294967295 0 65535 21 21 6 6 0 
2019812472 2019812472 0 4294967295 0 65535 22 22 6 6 1 
2019812472 2019812472 0 4294967295 0 65535 25 25 6 6 2 
2086633975 2086633975 0 4294967295 0 65535 871 871 6 6 0 
1998185700 1998185700 0 4294967295 0 65535 13 13 6 6 1 
0 4294967295 2579051768 2579051768 1024 65535 53 53 17 17 0 
0 4294967295 2247214521 2247214521 1024 65535 53 53 17 17 1 
0 4294967295 2313049736 2313049736 1024 65535 80 80 17 17 3 
0 4294967295 2879193934 2879193934 1024 65535 443 443 17 17 3 
0 4294967295 2873113888 2873113888 1024 65535 5999 5999 17 17 0 
0 4294967295 2858606570 2858606570 1024 65535 544 544 17 17 3 
0 4294967295 2695680507 2695680507 1024 65535 22 22 17 17 1 
0 4294967295 3085043546 3085043546 1024 65535 80 80 17 17 2 
0 4294967295 3900452585 3900452585 1024 65535 7649 7649 17 17 1 
0 4294967295 3947951243 3947951243 1024 65535 21 21 17 17 4 
0 4294967295 4251941780 4251941780 1024 65535 22 22 17 17 2 
0 4294967295 4209196716 4209196716 1024 65535 123 123 17 17 4 
0 4294967295 3385222259 3385222259 1024 65535 119 119 17 17 2 
0 4294967295 3420181639 3420181639 1024 65535 53 53 17 17 2 
0 4294967295 3236663658 3236663658 1024 65535 123 123 17 17 1 
0 4294967295 3239008764 3239008764 1024 65535 53 53 17 17 4 
0 4294967295 3687118172 3687118172 1024 65535 80 80 17 17 0 
0 4294967295 673563019 673563019 1024 65535 25 25 17 17 4 
0 4294967295 488080709 488080709 1024 65535 1999 1999 17 17 2 
0 4294967295 414586838 414586838 1024 65535 53 53 17 17 1 
0 4294967295 424010217 424010217 1024 65535 161 161 17 17 3 
0 4294967295 172832712 172832712 1024 65535 13 13 17 17 1 
0 4294967295 44013839 44013839 1024 65535 24032 24032 17 17 1 
0 4294967295 58880364 58880364 1024 65535 161 161 17 17 3 
0 4294967295 1989007975 1989007975 1024 65535 119 119 17 17 2 
0 4294967295 1168046139 1168046139 1024 65535 22 22 17 17 2 
0 4294967295 1254190530 1254190530 1024 65535 25 25 17 17 1 
0 4294967295 1467421889 1467421889 1024 65535 80 80 17 17 2 
0 4294967295 1455146611 1455146611 1024 65535 8080 8080 17 17 3 
0 4294967295 1433531020 1433531020 1024 65535 5999 5999 17 17 4 
3478786477 3478786477 0 4294967295 123 123 1024 65535 17 17 4 
4280209228 4280209228 0 4294967295 53 53 1024 65535 17 17 2 
4276694131 4276694131 0 4294967295 161 161 1024 65535 17 17 3 
4230232286 4230232286 0 4294967295 88 88 1024 65535 17 17 4 
4076504855 4076504855 0 4294967295 88 88 1024 65535 17 17 3 
4005081288 4005081288 0 4294967295 123 123 1024 65535 17 17 4 
2705547824 2705547824 0 4294967295 88 88 1024 65535 17 17 4 
2723666787 2723666787 0 4294967295 123 123 1024 65535 17 17 1 
2783491874 2783491874 0 4294967295 69 69 1024 65535 17 17 1 
2916445609 2916445609 0 4294967295 161 161 1024 65535 17 17 2 
2895867651 2895867651 0 4294967295 53 53 1024 65535 17 17 0 
2855435561 2855435561 0 4294967295 123 123 1024 65535 17 17 2 
2670578340 2670578340 0 4294967295 123 123 1024 65535 17 17 1 
2482397796 2482397796 0 4294967295 69 69 1024 65535 17 17 4 
2421866373 2421866373 0 4294967295 161 161 1024 65535 17 17 1 
2337195610 2337195610 0 4294967295 123 123 1024 65535 17 17 1 
2295831068 2295831068 0 4294967295 162 162 1024 65535 17 17 2 
648336446 648336446 0 4294967295 750 750 1024 65535 17 17 4 
869092611 869092611 0 4294967295 161 161 1024 65535 17 17 0 
395181703 395181703 0 4294967295 53 53 1024 65535 17 17 3 
495488827 495488827 0 4294967295 123 123 1024 65535 17 17 4 
462131613 462131613 0 4294967295 161 161 1024 65535 17 17 0 
1208289362 1208289362 0 4294967295 161 161 1024 65535 17 17 3 
1212761404 1212761404 0 4294967295 53 53 1024 65535 17 17 0 
1373212091 1373212091 0 4294967295 53 53 1024 65535 17 17 4 
1353396970 1353396970 0 4294967295 69 69 1024 65535 17 17 4 
1434741290 1434741290 0 4294967295 24032 24032 1024 65535 17 17 3 
1601153453 1601153453 0 4294967295 123 123 1024 65535 17 17 4 
2130197035 2130197035 0 4294967295 53 53 1024 65535 17 17 4 
1938667094 1938667094 0 4294967295 53 53 1024 65535 17 17 3 
1987181085 1987181085 0 4294967295 69 69 1024 65535 17 17 2 
0 4294967295 2499850337 2499850337 0 65535 22 22 6 6 4 
0 4294967295 2499850326 2499850326 0 65535 53 53 17 17 4 
0 4294967295 2515936880 2515936880 0 65535 8080 8080 17 17 0 
0 4294967295 2515937088 2515937088 0 65535 25 25 6 6 3 
0 4294967295 2494279678 2494279678 0 65535 80 80 17 17 2 
0 4294967295 2484670254 2484670254 0 65535 80 80 17 17 3 
0 4294967295 2521629949 2521629949 0 65535 123 123 17 17 4 
0 4294967295 2538261464 2538261464 0 65535 21 21 17 17 4 
0 4294967295 2433462492 2433462492 0 65535 80 80 17 17 2 
0 4294967295 2433463317 2433463317 0 65535 53 53 17 17 2 
0 4294967295 2433463317 2433463317 0 65535 179 179 17 17 3 
0 4294967295 2417669595 2417669595 0 65535 21 21 17 17 4 
0 4294967295 2423034555 2423034555 0 65535 22 22 17 17 1 
0 4294967295 2431204764 2431204764 0 65535 21 21 17 17 4 
0 4294967295 2431204813 2431204813 0 65535 123 123 17 17 4 
0 4294967295 2476804126 2476804126 0 65535 37 37 17 17 4 
0 4294967295 2476805148 2476805148 0 65535 80 80 17 17 1 
0 4294967295 2450704628 2450704628 0 65535 179 179 17 17 3 
0 4294967295 2464395261 2464395261 0 65535 25 25 6 6 0 
0 4294967295 2605671018 2605671018 0 65535 22 22 17 17 4 
0 4294967295 2603036842 2603036842 0 65535 123 123 17 17 1 
0 4294967295 2588406755 2588406755 0 65535 24032 24032 17 17 0 
0 4294967295 2596427716 2596427716 0 65535 22 22 17 17 4 
0 4294967295 2579051768 2579051768 0 65535 138 138 17 17 2 
0 4294967295 2579050658 2579050658 0 65535 7649 7649 17 17 4 
0 4294967295 2568366289 2568366289 0 65535 754 754 17 17 2 
0 4294967295 2557325550 2557325550 0 65535 7648 7648 17 17 3 
0 4294967295 2557325734 2557325734 0 65535 119 119 17 17 3 
0 4294967295 2618398361 2618398361 0 65535 21 21 17 17 2 
0 4294967295 2632920448 2632920448 0 65535 80 80 17 17 4 
0 4294967295 2638737913 2638737913 0 65535 67 67 17 17 3 
0 4294967295 2638737913 2638737913 0 65535 13 13 17 17 3 
0 4294967295 2647467983 2647467983 0 65535 123 123 17 17 0 
0 4294967295 2647468027 2647468027 0 65535 25 25 17 17 3 
0 4294967295 2674155586 2674155586 0 65535 179 179 17 17 3 
0 4294967295 2668718674 2668718674 0 65535 67 67 17 17 1 
0 4294967295 2677266959 2677266959 0 65535 53 53 17 17 3 
0 4294967295 2681022470 2681022470 0 65535 22 22 17 17 1 
0 4294967295 2681022505 2681022505 0 65535 22 22 17 17 0 
0 4294967295 2681022549 2681022549 0 65535 7649 7649 17 17 1 
0 4294967295 2651084706 2651084706 0 65535 22 22 17 17 2 
0 4294967295 2184574520 2184574520 0 65535 25 25 17 17 4 
0 4294967295 2186417606 2186417606 0 65535 119 119 17 17 4 
0 4294967295 2190698456 2190698456 0 65535 2401 2401 17 17 2 
0 4294967295 2195542738 2195542738 0 65535 69 69 17 17 3 
0 4294967295 2195542736 2195542736 0 65535 123 123 17 17 3 
0 4294967295 2195542771 2195542771 0 65535 69 69 17 17 3 
0 4294967295 2199563620 2199563620 0 65535 53 53 17 17 2 
0 4294967295 2199563589 2199563589 0 65535 5999 5999 17 17 2 
0 4294967295 2164408323 2164408323 0 65535 80 80 17 17 0 
0 4294967295 2164408322 2164408322 0 65535 53 53 17 17 3 
0 4294967295 2156880336 2156880336 0 65535 67 67 17 17 2 
0 4294967295 2163474280 2163474280 0 65535 25 25 17 17 2 
0 4294967295 2149550894 2149550894 0 65535 23 23 17 17 0 
0 4294967295 2258343860 2258343860 0 65535 21 21 17 17 1 
0 4294967295 2258343858 2258343858 0 65535 5999 5999 17 17 4 
0 4294967295 2252738016 2252738016 0 65535 5999 5999 17 17 4 
0 4294967295 2275182996 2275182996 0 65535 22 22 17 17 0 
0 4294967295 2267197509 2267197509 0 65535 80 80 17 17 0 
0 4294967295 2239100755 2239100755 0 65535 80 80 17 17 4 
0 4294967295 2239100755 2239100755 0 65535 2105 2105 17 17 2 
0 4294967295 2247214521 2247214521 0 65535 22 22 17 17 2 
0 4294967295 2247214512 2247214512 0 65535 80 80 17 17 2 
0 4294967295 2215945075 2215945075 0 65535 22 22 17 17 0 
0 4294967295 2221049477 2221049477 0 65535 53 53 17 17 4 
0 4294967295 2226447596 2226447596 0 65535 67 67 17 17 3 
0 4294967295 2325922099 2325922099 0 65535 80 80 17 17 0 
0 4294967295 2322940655 2322940655 0 65535 13 13 17 17 2 
0 4294967295 2313049736 2313049736 0 65535 123 123 17 17 0 
0 4294967295 2305939894 2305939894 0 65535 139 139 6 6 1 
0 4294967295 2295831791 2295831791 0 65535 879 879 17 17 1 
0 4294967295 2287467083 2287467083 0 65535 161 161 17 17 0 
0 4294967295 2287467083 2287467083 0 65535 1999 1999 17 17 1 
0 4294967295 2401039367 2401039367 0 65535 1999 1999 17 17 0 
0 4294967295 2409405371 2409405371 0 65535 53 53 17 17 0 
0 4294967295 2415270460 2415270460 0 65535 25 25 17 17 4 
0 4294967295 2392231150 2392231150 0 65535 443 443 17 17 4 
0 4294967295 2392231148 2392231148 0 65535 21 21 17 17 3 
0 4294967295 2386892650 2386892650 0 65535 80 80 17 17 3 
0 4294967295 2384311505 2384311505 0 65535 544 544 17 17 4 
0 4294967295 2352153897 2352153897 0 65535 21 21 17 17 2 
0 4294967295 2352153888 2352153888 0 65535 123 123 17 17 2 
0 4294967295 2371368615 2371368615 0 65535 138 138 17 17 0 
0 4294967295 2849407330 2849407330 0 65535 110 110 6 6 4 
0 4294967295 2828792344 2828792344 0 65535 25 25 17 17 0 
0 4294967295 2873113888 2873113888 0 65535 123 123 17 17 2 
0 4294967295 2856248319 2856248319 0 65535 1999 1999 17 17 4 
0 4294967295 2860528246 2860528246 0 65535 1999 1999 17 17 4 
0 4294967295 2868414282 2868414282 0 65535 69 69 17 17 2 
0 4294967295 2868421856 2868421856 0 65535 110 110 17 17 1 
0 4294967295 2900397809 2900397809 0 65535 143 143 17 17 2 
0 4294967295 2913058200 2913058200 0 65535 161 161 17 17 2 
0 4294967295 2905070511 2905070511 0 65535 24032 24032 6 6 0 
0 4294967295 2905070051 2905070051 0 65535 544 544 17 17 0 
0 4294967295 2949992210 2949992210 0 65535 67 67 17 17 1 
0 4294967295 2949992210 2949992210 0 65535 22 22 17 17 1 
0 4294967295 2941567363 2941567363 0 65535 22 22 17 17 2 
0 4294967295 2927665052 2927665052 0 65535 123 123 6 6 4 
0 4294967295 2927665101 2927665101 0 65535 21 21 17 17 3 
0 4294967295 2751970151 2751970151 0 65535 80 80 17 17 0 
0 4294967295 2751970139 2751970139 0 65535 25 25 17 17 4 
0 4294967295 2763251547 2763251547 0 65535 80 80 17 17 0 
0 4294967295 2768194163 2768194163 0 65535 25 25 17 17 4 
0 4294967295 2768194163 2768194163 0 65535 7648 7648 17 17 0 
0 4294967295 2768194554 2768194554 0 65535 22 22 17 17 4 
0 4294967295 2768194481 2768194481 0 65535 22 22 17 17 1 
0 4294967295 2782150640 2782150640 0 65535 7326 7326 17 17 3 
0 4294967295 2776027272 2776027272 0 65535 7648 7648 6 6 3 
0 4294967295 2791464144 2791464144 0 65535 123 123 17 17 2 
0 4294967295 2797968222 2797968222 0 65535 80 80 17 17 0 
0 4294967295 2809426095 2809426095 0 65535 53 53 17 17 0 
0 4294967295 2805175879 2805175879 0 65535 25 25 17 17 4 
0 4294967295 2710597105 2710597105 0 65535 750 750 17 17 3 
0 4294967295 2714491801 2714491801 0 65535 22 22 17 17 4 
0 4294967295 2714499891 2714499891 0 65535 80 80 17 17 2 
0 4294967295 2692339053 2692339053 0 65535 871 871 17 17 3 
0 4294967295 2692339560 2692339560 0 65535 80 80 17 17 3 
0 4294967295 2692339674 2692339674 0 65535 22 22 17 17 1 
0 4294967295 2697333767 2697333767 0 65535 80 80 17 17 4 
0 4294967295 2723873574 2723873574 0 65535 69 69 6 6 1 
0 4294967295 2733653734 2733653734 0 65535 22 22 17 17 2 
0 4294967295 2733653712 2733653712 0 65535 1999 1999 17 17 1 
0 4294967295 2749259352 2749259352 0 65535 8080 8080 17 17 4 
0 4294967295 3204673723 3204673723 0 65535 23 23 17 17 0 
0 4294967295 3209420280 3209420280 0 65535 110 110 17 17 3 
0 4294967295 3213058949 3213058949 0 65535 22 22 17 17 3 
0 4294967295 3217759213 3217759213 0 65535 161 161 17 17 2 
0 4294967295 3202385480 3202385480 0 65535 161 161 17 17 3 
0 4294967295 3198793285 3198793285 0 65535 754 754 17 17 4 
0 4294967295 3195677676 3195677676 0 65535 873 873 17 17 4 
0 4294967295 3188753514 3188753514 0 65535 22 22 17 17 3 
0 4294967295 3188753552 3188753552 0 65535 24032 24032 17 17 1 
0 4294967295 3188753552 3188753552 0 65535 21 21 17 17 1 
0 4294967295 3158018859 3158018859 0 65535 22 22 17 17 0 
0 4294967295 3158018876 3158018876 0 65535 2105 2105 6 6 0 
0 4294967295 3164096411 3164096411 0 65535 53 53 17 17 0 
0 4294967295 3167753456 3167753456 0 65535 80 80 17 17 2 
0 4294967295 3167763280 3167763280 0 65535 25 25 17 17 1 
0 4294967295 3172220348 3172220348 0 65535 754 754 17 17 4 
0 4294967295 3178221708 3178221708 0 65535 22 22 17 17 1 
0 4294967295 3119091962 3119091962 0 65535 22 22 17 17 3 
0 4294967295 3119091962 3119091962 0 65535 80 80 17 17 0 
0 4294967295 3099666621 3099666621 0 65535 53 53 17 17 4 
0 4294967295 3098859357 3098859357 0 65535 123 123 17 17 3 
0 4294967295 3098859149 3098859149 0 65535 162 162 17 17 3 
0 4294967295 3142738289 3142738289 0 65535 53 53 17 17 4 
0 4294967295 3137537653 3137537653 0 65535 123 123 17 17 1 
0 4294967295 3133396594 3133396594 0 65535 88 88 17 17 0 
0 4294967295 3133396599 3133396599 0 65535 22 22 17 17 1 
0 4294967295 3133396599 3133396599 0 65535 22 22 6 6 4 
0 4294967295 3023563753 3023563753 0 65535 80 80 17 17 4 
0 4294967295 3043752314 3043752314 0 65535 7648 7648 17 17 3 
0 4294967295 3043752269 3043752269 0 65535 25 25 17 17 4 
0 4294967295 3043752260 3043752260 0 65535 22 22 17 17 2 
0 4294967295 3072808805 3072808805 0 65535 53 53 17 17 4 
0 4294967295 3077952384 3077952384 0 65535 53 53 17 17 1 
0 4294967295 3077952406 3077952406 0 65535 22 22 17 17 3 
0 4294967295 3081410285 3081410285 0 65535 23 23 6 6 1 
0 4294967295 3085043512 3085043512 0 65535 80 80 17 17 4 
0 4294967295 3056801204 3056801204 0 65535 123 123 17 17 1 
0 4294967295 3895507048 3895507048 0 65535 80 80 17 17 2 
0 4294967295 3895508108 3895508108 0 65535 22 22 17 17 3 
0 4294967295 3906346369 3906346369 0 65535 25 25 17 17 4 
0 4294967295 3940973446 3940973446 0 65535 161 161 17 17 1 
0 4294967295 3937882326 3937882326 0 65535 69 69 17 17 2 
0 4294967295 3947951079 3947951079 0 65535 24032 24032 17 17 2 
0 4294967295 3947951469 3947951469 0 65535 25 25 17 17 4 
0 4294967295 3984489800 3984489800 0 65535 161 161 17 17 3 
0 4294967295 3984489804 3984489804 0 65535 2105 2105 17 17 0 
0 4294967295 3991437213 3991437213 0 65535 24032 24032 17 17 3 
0 4294967295 3988279469 3988279469 0 65535 24032 24032 17 17 3 
0 4294967295 3988279747 3988279747 0 65535 25 25 17 17 4 
0 4294967295 3988279751 3988279751 0 65535 53 53 17 17 4 
0 4294967295 3988279750 3988279750 0 65535 22 22 17 17 0 
0 4294967295 3968596429 3968596429 0 65535 22 22 17 17 4 
0 4294967295 3973835828 3973835828 0 65535 53 53 17 17 2 
0 4294967295 3973835906 3973835906 0 65535 22 22 17 17 2 
0 4294967295 3973835958 3973835958 0 65535 53 53 17 17 1 
0 4294967295 3964887845 3964887845 0 65535 2105 2105 17 17 3 
0 4294967295 4018233405 4018233405 0 65535 123 123 17 17 3 
0 4294967295 4018233406 4018233406 0 65535 88 88 17 17 3 
0 4294967295 4018233401 4018233401 0 65535 25 25 17 17 3 
0 4294967295 4015861142 4015861142 0 65535 873 873 17 17 2 
0 4294967295 3850782250 3850782250 0 65535 80 80 17 17 0 
0 4294967295 3842458190 3842458190 0 65535 25 25 17 17 0 
0 4294967295 3833263783 3833263783 0 65535 1999 1999 17 17 2 
0 4294967295 3882494445 3882494445 0 65535 53 53 17 17 3 
0 4294967295 3886931839 3886931839 0 65535 137 137 17 17 3 
0 4294967295 3886931874 3886931874 0 65535 5998 5998 17 17 1 
0 4294967295 3792736422 3792736422 0 65535 22 22 17 17 2 
0 4294967295 3792736424 3792736424 0 65535 22 22 17 17 2 
0 4294967295 3792745908 3792745908 0 65535 25 25 17 17 1 
0 4294967295 3822628111 3822628111 0 65535 443 443 17 17 3 
0 4294967295 3765540620 3765540620 0 65535 179 179 17 17 1 
0 4294967295 3765540620 3765540620 0 65535 25 25 17 17 2 
0 4294967295 3765539521 3765539521 0 65535 80 80 17 17 0 
0 4294967295 3769028284 3769028284 0 65535 22 22 17 17 2 
0 4294967295 3787373026 3787373026 0 65535 80 80 17 17 1 
0 4294967295 4140818204 4140818204 0 65535 22 22 17 17 3 
0 4294967295 4140818177 4140818177 0 65535 22 22 17 17 3 
0 4294967295 4132984572 4132984572 0 65535 53 53 17 17 2 
0 4294967295 4129487592 4129487592 0 65535 7326 7326 17 17 4 
0 4294967295 4129487058 4129487058 0 65535 123 123 17 17 3 
0 4294967295 4129487058 4129487058 0 65535 2105 2105 17 17 4 
0 4294967295 4158108721 4158108721 0 65535 24032 24032 17 17 0 
0 4294967295 4151395105 4151395105 0 65535 443 443 6 6 2 
0 4294967295 4146882885 4146882885 0 65535 119 119 17 17 2 
0 4294967295 4095634826 4095634826 0 65535 1999 1999 17 17 0 
0 4294967295 4041491065 4041491065 0 65535 119 119 17 17 0 
0 4294967295 4035053579 4035053579 0 65535 80 80 17 17 1 
0 4294967295 4033273372 4033273372 0 65535 119 119 17 17 1 
0 4294967295 4033273372 4033273372 0 65535 24032 24032 17 17 3 
0 4294967295 4033281096 4033281096 0 65535 67 67 17 17 3 
0 4294967295 4080772303 4080772303 0 65535 22 22 17 17 0 
0 4294967295 4080772193 4080772193 0 65535 161 161 17 17 2 
0 4294967295 4080772189 4080772189 0 65535 80 80 17 17 2 
0 4294967295 4090870290 4090870290 0 65535 53 53 17 17 3 
0 4294967295 4087941483 4087941483 0 65535 2105 2105 17 17 2 
0 4294967295 4076503193 4076503193 0 65535 25 25 17 17 0 
0 4294967295 4076503214 4076503214 0 65535 2105 2105 17 17 3 
0 4294967295 4283682394 4283682394 0 65535 53 53 17 17 4 
0 4294967295 4283682346 4283682346 0 65535 80 80 17 17 3 
0 4294967295 4261902673 4261902673 0 65535 53 53 17 17 1 
0 4294967295 4261902684 4261902684 0 65535 179 179 17 17 2 
0 4294967295 4261903368 4261903368 0 65535 25 25 17 17 1 
0 4294967295 4271099272 4271099272 0 65535 5999 5999 17 17 2 
0 4294967295 4251941780 4251941780 0 65535 53 53 17 17 1 
0 4294967295 4251941780 4251941780 0 65535 23 23 17 17 2 
0 4294967295 4257172783 4257172783 0 65535 179 179 17 17 1 
0 4294967295 4229208123 4229208123 0 65535 25 25 17 17 4 
0 4294967295 4229213970 4229213970 0 65535 7648 7648 17 17 4 
0 4294967295 4239289108 4239289108 0 65535 53 53 6 6 0 
0 4294967295 4167111352 4167111352 0 65535 21 21 17 17 1 
0 4294967295 4169478622 4169478622 0 65535 23 23 17 17 3 
0 4294967295 4180377202 4180377202 0 65535 67 67 17 17 3 
0 4294967295 4192817707 4192817707 0 65535 22 22 17 17 0 
0 4294967295 4222644297 4222644297 0 65535 750 750 17 17 4 
0 4294967295 3385215626 3385215626 0 65535 544 544 17 17 2 
0 4294967295 3385222259 3385222259 0 65535 25 25 17 17 1 
0 4294967295 3361715432 3361715432 0 65535 138 138 17 17 1 
0 4294967295 3358474229 3358474229 0 65535 7326 7326 17 17 1 
0 4294967295 3366882029 3366882029 0 65535 754 754 6 6 0 
0 4294967295 3415789793 3415789793 0 65535 22 22 17 17 0 
0 4294967295 3420181652 3420181652 0 65535 69 69 17 17 1 
0 4294967295 3420181652 3420181652 0 65535 161 161 17 17 4 
0 4294967295 3393017027 3393017027 0 65535 179 179 17 17 0 
0 4294967295 3397333734 3397333734 0 65535 80 80 17 17 3 
0 4294967295 3397333737 3397333737 0 65535 2105 2105 17 17 2 
0 4294967295 3463327941 3463327941 0 65535 443 443 17 17 2 
0 4294967295 3477205124 3477205124 0 65535 123 123 17 17 0 
0 4294967295 3477205124 3477205124 0 65535 22 22 17 17 3 
0 4294967295 3477205124 3477205124 0 65535 21 21 17 17 3 
0 4294967295 3477205124 3477205124 0 65535 23 23 17 17 2 
0 4294967295 3485932352 3485932352 0 65535 22 22 17 17 4 
0 4294967295 3426851948 3426851948 0 65535 80 80 17 17 4 
0 4294967295 3426384621 3426384621 0 65535 5999 5999 17 17 1 
0 4294967295 3449298587 3449298587 0 65535 123 123 17 17 0 
0 4294967295 3449298595 3449298595 0 65535 25 25 17 17 4 
0 4294967295 3449298607 3449298607 0 65535 25 25 17 17 3 
0 4294967295 3287197393 3287197393 0 65535 69 69 6 6 2 
0 4294967295 3287197372 3287197372 0 65535 179 179 17 17 0 
0 4294967295 3274691152 3274691152 0 65535 53 53 17 17 0 
0 4294967295 3260975767 3260975767 0 65535 123 123 17 17 2 
0 4294967295 3260975994 3260975994 0 65535 80 80 17 17 2 
0 4294967295 3269541763 3269541763 0 65535 53 53 17 17 2 
0 4294967295 3269541784 3269541784 0 65535 22 22 17 17 2 
0 4294967295 3248049279 3248049279 0 65535 123 123 17 17 3 
0 4294967295 3307965390 3307965390 0 65535 80 80 17 17 2 
0 4294967295 3310332566 3310332566 0 65535 25 25 17 17 2 
0 4294967295 3317154733 3317154733 0 65535 22 22 17 17 2 
0 4294967295 3300196888 3300196888 0 65535 179 179 17 17 3 
0 4294967295 3291653579 3291653579 0 65535 22 22 17 17 4 
0 4294967295 3295729450 3295729450 0 65535 22 22 17 17 3 
0 4294967295 3324440663 3324440663 0 65535 53 53 17 17 4 
0 4294967295 3328767020 3328767020 0 65535 110 110 17 17 4 
0 4294967295 3328767020 3328767020 0 65535 22 22 17 17 4 
0 4294967295 3332861568 3332861568 0 65535 69 69 17 17 2 
0 4294967295 3350115657 3350115657 0 65535 873 873 17 17 0 
0 4294967295 3351667334 3351667334 0 65535 22 22 17 17 1 
0 4294967295 3640719552 3640719552 0 65535 21 21 17 17 3 
0 4294967295 3647274494 3647274494 0 65535 879 879 17 17 0 
0 4294967295 3647274494 3647274494 0 65535 22 22 17 17 1 
0 4294967295 3647274329 3647274329 0 65535 110 110 17 17 3 
0 4294967295 3647274329 3647274329 0 65535 22 22 17 17 4 
0 4294967295 3676228357 3676228357 0 65535 80 80 17 17 3 
0 4294967295 3687118175 3687118175 0 65535 2105 2105 17 17 2 
0 4294967295 3659817171 3659817171 0 65535 53 53 17 17 3 
0 4294967295 3664881609 3664881609 0 65535 22 22 17 17 2 
0 4294967295 3735428749 3735428749 0 65535 2105 2105 6 6 1 
0 4294967295 3741135883 3741135883 0 65535 22 22 17 17 4 
0 4294967295 3741136239 3741136239 0 65535 544 544 17 17 1 
0 4294967295 3727087609 3727087609 0 65535 22 22 17 17 4 
0 4294967295 3732874535 3732874535 0 65535 80 80 17 17 4 
0 4294967295 3732873421 3732873421 0 65535 53 53 17 17 0 
0 4294967295 3732873470 3732873470 0 65535 123 123 6 6 2 
0 4294967295 3749250265 3749250265 0 65535 80 80 17 17 4 
0 4294967295 3749264043 3749264043 0 65535 25 25 17 17 1 
0 4294967295 3749762430 3749762430 0 65535 22 22 17 17 3 
0 4294967295 3706037725 3706037725 0 65535 123 123 17 17 2 
0 4294967295 3696389350 3696389350 0 65535 67 67 17 17 3 
0 4294967295 3691511687 3691511687 0 65535 139 139 17 17 0 
0 4294967295 0 4294967295 0 65535 0 65535 0 255 1 
