0 4294967295 2150869341 2150869341 0 65535 69 69 6 6 1 
0 4294967295 2152549741 2152549741 0 65535 119 119 6 6 1 
0 4294967295 2152979721 2152979721 0 65535 69 69 6 6 2 
0 4294967295 2153489730 2153489730 0 65535 119 119 6 6 1 
0 4294967295 2155394001 2155394001 0 65535 123 123 6 6 0 
0 4294967295 2155337718 2155337718 0 65535 879 879 6 6 0 
0 4294967295 2154644111 2154644111 0 65535 80 80 6 6 1 
0 4294967295 2162339262 2162339262 0 65535 53 53 6 6 0 
0 4294967295 2163109903 2163109903 0 65535 137 137 6 6 0 
0 4294967295 2163504655 2163504655 0 65535 88 88 6 6 4 
0 4294967295 2163823287 2163823287 0 65535 53 53 6 6 4 
0 4294967295 2161242577 2161242577 0 65535 22 22 6 6 4 
0 4294967295 2160946284 2160946284 0 65535 8080 8080 6 6 3 
0 4294967295 2158876744 2158876744 0 65535 544 544 6 6 3 
0 4294967295 2158143280 2158143280 0 65535 80 80 6 6 4 
0 4294967295 2206602632 2206602632 0 65535 5999 5999 6 6 2 
0 4294967295 2206839110 2206839110 0 65535 25 25 6 6 0 
0 4294967295 2208118465 2208118465 0 65535 443 443 6 6 0 
0 4294967295 2207599798 2207599798 0 65535 123 123 6 6 0 
0 4294967295 2208783967 2208783967 0 65535 80 80 6 6 4 
0 4294967295 2209663311 2209663311 0 65535 80 80 6 6 3 
0 4294967295 2212633360 2212633360 0 65535 22 22 6 6 1 
0 4294967295 2213099021 2213099021 0 65535 750 750 6 6 1 
0 4294967295 2213888119 2213888119 0 65535 88 88 6 6 3 
0 4294967295 2214302002 2214302002 0 65535 67 67 6 6 3 
0 4294967295 2212444272 2212444272 0 65535 443 443 6 6 2 
0 4294967295 2211879492 2211879492 0 65535 53 53 6 6 2 
0 4294967295 2210418701 2210418701 0 65535 53 53 6 6 2 
0 4294967295 2202684494 2202684494 0 65535 139 139 6 6 4 
0 4294967295 2202188433 2202188433 0 65535 67 67 6 6 0 
0 4294967295 2204377960 2204377960 0 65535 22 22 6 6 2 
0 4294967295 2201955575 2201955575 0 65535 123 123 6 6 1 
0 4294967295 2198183228 2198183228 0 65535 2401 2401 6 6 0 
0 4294967295 2198759715 2198759715 0 65535 123 123 6 6 4 
0 4294967295 2194778498 2194778498 0 65535 69 69 6 6 2 
0 4294967295 2195225211 2195225211 0 65535 80 80 6 6 0 
0 4294967295 2193999894 2193999894 0 65535 25 25 6 6 1 
0 4294967295 2196111771 2196111771 0 65535 138 138 6 6 3 
0 4294967295 2196592892 2196592892 0 65535 25 25 6 6 4 
0 4294967295 2197221382 2197221382 0 65535 7648 7648 6 6 1 
0 4294967295 2190244776 2190244776 0 65535 871 871 6 6 4 
0 4294967295 2191651016 2191651016 0 65535 53 53 6 6 1 
0 4294967295 2183273353 2183273353 0 65535 22 22 6 6 2 
0 4294967295 2184782740 2184782740 0 65535 750 750 6 6 4 
0 4294967295 2184493930 2184493930 0 65535 123 123 6 6 3 
0 4294967295 2182420874 2182420874 0 65535 80 80 6 6 0 
0 4294967295 2181625885 2181625885 0 65535 750 750 6 6 3 
0 4294967295 2185657304 2185657304 0 65535 80 80 6 6 0 
0 4294967295 2186025557 2186025557 0 65535 25 25 6 6 4 
0 4294967295 0 4294967295 0 65535 0 65535 0 255 2 
