0 4294967295 1504865210 1504865210 0 65535 37 37 17 17 3 
0 4294967295 1504865210 1504865210 0 65535 119 119 17 17 1 
0 4294967295 1504866212 1504866212 0 65535 161 161 17 17 2 
0 4294967295 1504866212 1504866212 0 65535 25 25 17 17 1 
0 4294967295 1504866212 1504866212 0 65535 179 179 17 17 4 
0 4294967295 1504866212 1504866212 0 65535 5999 5999 17 17 1 
0 4294967295 1504866212 1504866212 0 65535 2105 2105 17 17 0 
0 4294967295 1504866212 1504866212 0 65535 80 80 17 17 3 
0 4294967295 1504866283 1504866283 0 65535 23 23 17 17 3 
0 4294967295 1504866293 1504866293 0 65535 21 21 17 17 2 
0 4294967295 1504866293 1504866293 0 65535 123 123 17 17 3 
0 4294967295 1504866297 1504866297 0 65535 1999 1999 17 17 3 
0 4294967295 1504866269 1504866269 0 65535 25 25 17 17 4 
0 4294967295 1504866269 1504866269 0 65535 22 22 17 17 3 
0 4294967295 1504866269 1504866269 0 65535 80 80 17 17 3 
0 4294967295 1504866269 1504866269 0 65535 123 123 17 17 0 
0 4294967295 1504866269 1504866269 0 65535 8080 8080 6 6 4 
0 4294967295 1504866269 1504866269 0 65535 53 53 17 17 2 
0 4294967295 2939575262 2939575262 0 65535 22 22 17 17 3 
0 4294967295 2939574839 2939574839 0 65535 80 80 17 17 3 
0 4294967295 2939574846 2939574846 0 65535 80 80 17 17 0 
0 4294967295 2939574846 2939574846 0 65535 2105 2105 17 17 2 
0 4294967295 2939575698 2939575698 0 65535 53 53 6 6 4 
0 4294967295 2939575698 2939575698 0 65535 123 123 17 17 4 
0 4294967295 2939575460 2939575460 0 65535 544 544 17 17 3 
0 4294967295 2939575460 2939575460 0 65535 22 22 17 17 2 
0 4294967295 2939575460 2939575460 0 65535 443 443 17 17 4 
0 4294967295 2939575340 2939575340 0 65535 22 22 17 17 3 
0 4294967295 2939575340 2939575340 0 65535 53 53 17 17 0 
0 4294967295 2939576459 2939576459 0 65535 22 22 6 6 1 
0 4294967295 2939576456 2939576456 0 65535 754 754 6 6 3 
0 4294967295 2939576456 2939576456 0 65535 53 53 17 17 3 
0 4294967295 2939576505 2939576505 0 65535 25 25 17 17 2 
0 4294967295 2939576505 2939576505 0 65535 37 37 17 17 0 
0 4294967295 2939576505 2939576505 0 65535 22 22 17 17 0 
0 4294967295 2939576505 2939576505 0 65535 21 21 17 17 4 
0 4294967295 2939576505 2939576505 0 65535 113 113 17 17 4 
0 4294967295 2939576505 2939576505 0 65535 53 53 17 17 0 
0 4294967295 2939576506 2939576506 0 65535 1999 1999 17 17 0 
0 4294967295 2939576506 2939576506 0 65535 22 22 17 17 4 
0 4294967295 2939578029 2939578029 0 65535 119 119 17 17 2 
0 4294967295 2939578030 2939578030 0 65535 88 88 17 17 3 
0 4294967295 2939578021 2939578021 0 65535 80 80 17 17 3 
0 4294967295 2939578021 2939578021 0 65535 25 25 17 17 4 
0 4294967295 2939578021 2939578021 0 65535 22 22 17 17 3 
0 4294967295 2939578021 2939578021 0 65535 21 21 17 17 1 
0 4294967295 2939578021 2939578021 0 65535 37 37 17 17 1 
0 4294967295 3517053071 3517053071 0 65535 24032 24032 17 17 0 
0 4294967295 3517053067 3517053067 0 65535 21 21 17 17 0 
0 4294967295 0 4294967295 0 65535 0 65535 0 255 4 
