0 4294967295 3581378418 3581378418 0 65535 53 53 17 17 3 
0 4294967295 3576601655 3576601655 0 65535 25 25 17 17 2 
0 4294967295 3583858370 3583858370 0 65535 88 88 17 17 1 
0 4294967295 3561848371 3561848371 0 65535 53 53 17 17 1 
0 4294967295 3561833469 3561833469 0 65535 53 53 17 17 0 
0 4294967295 3572853183 3572853183 0 65535 8080 8080 6 6 2 
0 4294967295 3596263864 3596263864 0 65535 2105 2105 6 6 3 
0 4294967295 3605050545 3605050545 0 65535 123 123 17 17 1 
0 4294967295 3605050545 3605050545 0 65535 53 53 17 17 1 
0 4294967295 3605050547 3605050547 0 65535 123 123 17 17 4 
0 4294967295 3623278659 3623278659 0 65535 22 22 17 17 0 
0 4294967295 3619359430 3619359430 0 65535 80 80 17 17 1 
0 4294967295 784867941 784867941 0 65535 80 80 17 17 4 
0 4294967295 781391274 781391274 0 65535 80 80 17 17 2 
0 4294967295 781389992 781389992 0 65535 37 37 17 17 0 
0 4294967295 779444682 779444682 0 65535 24032 24032 17 17 4 
0 4294967295 805234377 805234377 0 65535 750 750 17 17 2 
0 4294967295 796966182 796966182 0 65535 22 22 17 17 4 
0 4294967295 796966268 796966268 0 65535 2105 2105 17 17 1 
0 4294967295 750333082 750333082 0 65535 2105 2105 17 17 1 
0 4294967295 750333265 750333265 0 65535 7649 7649 17 17 3 
0 4294967295 750333283 750333283 0 65535 2105 2105 17 17 3 
0 4294967295 742490241 742490241 0 65535 80 80 17 17 3 
0 4294967295 707468370 707468370 0 65535 179 179 17 17 0 
0 4294967295 710804273 710804273 0 65535 138 138 17 17 1 
0 4294967295 721085505 721085505 0 65535 123 123 17 17 4 
0 4294967295 731125660 731125660 0 65535 21 21 17 17 0 
0 4294967295 737898400 737898400 0 65535 53 53 17 17 0 
0 4294967295 725370790 725370790 0 65535 443 443 17 17 2 
0 4294967295 687352159 687352159 0 65535 25 25 17 17 0 
0 4294967295 673563027 673563027 0 65535 80 80 17 17 3 
0 4294967295 692250313 692250313 0 65535 119 119 17 17 2 
0 4294967295 699088923 699088923 0 65535 123 123 17 17 4 
0 4294967295 666541238 666541238 0 65535 544 544 17 17 4 
0 4294967295 655496868 655496868 0 65535 25 25 17 17 0 
0 4294967295 660072527 660072527 0 65535 53 53 6 6 3 
0 4294967295 641885490 641885490 0 65535 22 22 17 17 1 
0 4294967295 641885443 641885443 0 65535 53 53 17 17 4 
0 4294967295 653406339 653406339 0 65535 22 22 17 17 1 
0 4294967295 619582576 619582576 0 65535 750 750 17 17 4 
0 4294967295 606711554 606711554 0 65535 80 80 17 17 2 
0 4294967295 631482368 631482368 0 65535 7649 7649 17 17 1 
0 4294967295 631482369 631482369 0 65535 137 137 17 17 3 
0 4294967295 622857311 622857311 0 65535 22 22 17 17 3 
0 4294967295 570996010 570996010 0 65535 25 25 17 17 3 
0 4294967295 579021599 579021599 0 65535 2401 2401 17 17 4 
0 4294967295 579021625 579021625 0 65535 123 123 17 17 1 
0 4294967295 579021625 579021625 0 65535 161 161 17 17 4 
0 4294967295 593757557 593757557 0 65535 123 123 17 17 1 
0 4294967295 0 4294967295 0 65535 0 65535 0 255 1 
