0 4294967295 2188118087 2188118087 0 65535 53 53 6 6 2 
0 4294967295 2218708575 2218708575 0 65535 123 123 6 6 3 
0 4294967295 2217888679 2217888679 0 65535 7648 7648 6 6 0 
0 4294967295 2216684125 2216684125 0 65535 123 123 6 6 3 
0 4294967295 2215524008 2215524008 0 65535 69 69 6 6 4 
0 4294967295 2222856689 2222856689 0 65535 23 23 6 6 0 
0 4294967295 2221261080 2221261080 0 65535 443 443 6 6 1 
0 4294967295 2221876217 2221876217 0 65535 53 53 6 6 3 
0 4294967295 2220091455 2220091455 0 65535 544 544 6 6 1 
0 4294967295 2230793563 2230793563 0 65535 88 88 6 6 2 
0 4294967295 2229365843 2229365843 0 65535 22 22 6 6 3 
0 4294967295 2230217336 2230217336 0 65535 53 53 6 6 1 
0 4294967295 2228804632 2228804632 0 65535 67 67 6 6 0 
0 4294967295 2227810595 2227810595 0 65535 53 53 6 6 4 
0 4294967295 2225701411 2225701411 0 65535 25 25 6 6 3 
0 4294967295 2225552107 2225552107 0 65535 143 143 6 6 1 
0 4294967295 2227147800 2227147800 0 65535 5998 5998 6 6 2 
0 4294967295 2226145781 2226145781 0 65535 22 22 6 6 0 
0 4294967295 2223129724 2223129724 0 65535 2055 2055 6 6 4 
0 4294967295 2223789305 2223789305 0 65535 21 21 6 6 2 
0 4294967295 2241659501 2241659501 0 65535 53 53 6 6 3 
0 4294967295 2241136529 2241136529 0 65535 80 80 6 6 4 
0 4294967295 2240303765 2240303765 0 65535 25 25 6 6 1 
0 4294967295 2240116330 2240116330 0 65535 80 80 6 6 2 
0 4294967295 2242155033 2242155033 0 65535 750 750 6 6 4 
0 4294967295 2243496188 2243496188 0 65535 80 80 6 6 4 
0 4294967295 2247924237 2247924237 0 65535 22 22 6 6 0 
0 4294967295 2247263736 2247263736 0 65535 750 750 6 6 2 
0 4294967295 2244410162 2244410162 0 65535 53 53 6 6 4 
0 4294967295 2233666975 2233666975 0 65535 22 22 6 6 3 
0 4294967295 2234501971 2234501971 0 65535 25 25 6 6 2 
0 4294967295 2234631536 2234631536 0 65535 80 80 6 6 0 
0 4294967295 2235493582 2235493582 0 65535 7648 7648 6 6 3 
0 4294967295 2232988854 2232988854 0 65535 22 22 6 6 2 
0 4294967295 2232545546 2232545546 0 65535 69 69 6 6 2 
0 4294967295 2237448991 2237448991 0 65535 119 119 6 6 2 
0 4294967295 2261191373 2261191373 0 65535 80 80 6 6 0 
0 4294967295 2263731583 2263731583 0 65535 143 143 6 6 1 
0 4294967295 2263278336 2263278336 0 65535 21 21 6 6 2 
0 4294967295 2264533292 2264533292 0 65535 21 21 6 6 0 
0 4294967295 2259603261 2259603261 0 65535 110 110 6 6 4 
0 4294967295 2258836561 2258836561 0 65535 21 21 6 6 3 
0 4294967295 2259873878 2259873878 0 65535 544 544 6 6 1 
0 4294967295 2260230279 2260230279 0 65535 25 25 6 6 0 
0 4294967295 2257557016 2257557016 0 65535 24032 24032 6 6 0 
0 4294967295 2252664618 2252664618 0 65535 123 123 6 6 2 
0 4294967295 2254927723 2254927723 0 65535 80 80 6 6 1 
0 4294967295 2255067174 2255067174 0 65535 123 123 6 6 0 
0 4294967295 2255502598 2255502598 0 65535 25 25 6 6 2 
0 4294967295 0 4294967295 0 65535 0 65535 0 255 3 
