0 4294967295 596527158 596527158 0 65535 25 25 6 6 2 
0 4294967295 564792197 564792197 0 65535 21 21 17 17 4 
0 4294967295 552091527 552091527 0 65535 25 25 17 17 1 
0 4294967295 552091062 552091062 0 65535 80 80 17 17 3 
0 4294967295 1007381773 1007381773 0 65535 80 80 17 17 0 
0 4294967295 1015824089 1015824089 0 65535 2055 2055 17 17 4 
0 4294967295 1015824057 1015824057 0 65535 25 25 17 17 2 
0 4294967295 1028161069 1028161069 0 65535 179 179 17 17 3 
0 4294967295 1028161051 1028161051 0 65535 5999 5999 17 17 1 
0 4294967295 1028161050 1028161050 0 65535 443 443 17 17 3 
0 4294967295 1033237673 1033237673 0 65535 80 80 17 17 4 
0 4294967295 1033237673 1033237673 0 65535 22 22 17 17 1 
0 4294967295 1052677091 1052677091 0 65535 53 53 17 17 1 
0 4294967295 1048536830 1048536830 0 65535 80 80 17 17 0 
0 4294967295 1061983527 1061983527 0 65535 139 139 17 17 2 
0 4294967295 1061983527 1061983527 0 65535 113 113 17 17 3 
0 4294967295 966772911 966772911 0 65535 22 22 6 6 0 
0 4294967295 966772900 966772900 0 65535 119 119 17 17 3 
0 4294967295 960698800 960698800 0 65535 80 80 17 17 2 
0 4294967295 960699554 960699554 0 65535 53 53 17 17 4 
0 4294967295 954687921 954687921 0 65535 25 25 17 17 2 
0 4294967295 946113567 946113567 0 65535 22 22 6 6 2 
0 4294967295 1002147025 1002147025 0 65535 53 53 17 17 4 
0 4294967295 1002147029 1002147029 0 65535 80 80 17 17 2 
0 4294967295 990353646 990353646 0 65535 123 123 17 17 4 
0 4294967295 979804355 979804355 0 65535 23 23 17 17 1 
0 4294967295 831250644 831250644 0 65535 88 88 17 17 2 
0 4294967295 831243127 831243127 0 65535 22 22 17 17 3 
0 4294967295 808212586 808212586 0 65535 80 80 17 17 2 
0 4294967295 839714228 839714228 0 65535 179 179 17 17 3 
0 4294967295 853318983 853318983 0 65535 69 69 17 17 3 
0 4294967295 848370677 848370677 0 65535 22 22 17 17 1 
0 4294967295 869091343 869091343 0 65535 123 123 17 17 2 
0 4294967295 869092064 869092064 0 65535 750 750 17 17 2 
0 4294967295 911654705 911654705 0 65535 25 25 17 17 0 
0 4294967295 935577723 935577723 0 65535 25 25 17 17 3 
0 4294967295 933108123 933108123 0 65535 139 139 17 17 0 
0 4294967295 933108120 933108120 0 65535 23 23 17 17 2 
0 4294967295 880676860 880676860 0 65535 7326 7326 17 17 1 
0 4294967295 873651439 873651439 0 65535 80 80 17 17 2 
0 4294967295 882035125 882035125 0 65535 22 22 17 17 4 
0 4294967295 892431578 892431578 0 65535 25 25 17 17 3 
0 4294967295 276347434 276347434 0 65535 7648 7648 17 17 2 
0 4294967295 298803907 298803907 0 65535 25 25 17 17 1 
0 4294967295 298803924 298803924 0 65535 37 37 17 17 4 
0 4294967295 298803933 298803933 0 65535 7649 7649 17 17 2 
0 4294967295 298803931 298803931 0 65535 123 123 17 17 1 
0 4294967295 286651382 286651382 0 65535 21 21 17 17 3 
0 4294967295 286651562 286651562 0 65535 80 80 17 17 0 
0 4294967295 0 4294967295 0 65535 0 65535 0 255 2 
