1366195309 1366195309 4187042563 4187042563 0 65535 135 135 6 6 4 
1366195262 1366195262 1248372191 1248372191 0 65535 3745 3745 6 6 1 
1366195243 1366195243 4187042563 4187042563 0 65535 1705 1705 6 6 1 
1366195234 1366195234 4187042563 4187042563 0 65535 1526 1526 6 6 0 
1366195213 1366195213 763364262 763364262 0 65535 1734 1734 6 6 3 
1366195200 1366195200 4187042563 4187042563 0 65535 1704 1704 6 6 2 
1384246542 1384246542 4186838418 4186838418 0 65535 1734 1734 6 6 1 
1384246553 1384246553 4186838418 4186838418 0 65535 1525 1525 6 6 2 
1384246586 1384246586 4186838418 4186838418 0 65535 6888 6888 6 6 3 
1384246709 1384246709 763364262 763364262 0 65535 1521 1521 6 6 2 
1384246709 1384246709 4186838418 4186838418 0 65535 1489 1489 6 6 0 
1384246716 1384246716 4186838418 4186838418 0 65535 20 20 6 6 3 
1384246658 1384246658 1248372191 1248372191 0 65535 1526 1526 6 6 2 
1384246667 1384246667 4186838418 4186838418 0 65535 1540 1540 6 6 0 
1384246686 1384246686 4186838418 4186838418 0 65535 1521 1521 6 6 3 
1473283868 1473283868 4186838418 4186838418 0 65535 14753 14753 6 6 2 
1473283865 1473283865 4186838418 4186838418 0 65535 19856 19856 6 6 3 
1473283862 1473283862 4186838418 4186838418 0 65535 1724 1724 6 6 1 
1422041408 1422041408 4188318584 4188318584 0 65535 5631 5631 6 6 2 
1422041468 1422041468 4188278264 4188278264 0 65535 1521 1521 6 6 1 
1422041466 1422041466 1248372191 1248372191 0 65535 2026 2026 6 6 2 
1422041453 1422041453 4188278264 4188278264 0 65535 1717 1717 6 6 4 
1422041452 1422041452 4188278264 4188278264 0 65535 14753 14753 6 6 2 
1559014979 1559014979 4188278264 4188278264 0 65535 4646 4646 6 6 1 
1559015029 1559015029 4188278264 4188278264 0 65535 30804 30804 6 6 3 
1559014953 1559014953 4188278264 4188278264 0 65535 20 20 6 6 2 
1559014929 1559014929 4188278264 4188278264 0 65535 1489 1489 6 6 0 
1559014914 1559014914 1248372191 1248372191 0 65535 1733 1733 6 6 3 
1559014922 1559014922 1248372191 1248372191 0 65535 32200 32200 6 6 4 
1610325435 1610325435 4188278265 4188278265 0 65535 1433 1433 6 6 4 
1610325418 1610325418 4188278265 4188278265 0 65535 1705 1705 6 6 0 
1610325418 1610325418 4188278265 4188278265 0 65535 5631 5631 6 6 4 
1610325411 1610325411 4188278265 4188278265 0 65535 1221 1221 6 6 4 
1610325412 1610325412 4188278265 4188278265 0 65535 1521 1521 6 6 2 
1610325393 1610325393 763364262 763364262 0 65535 1704 1704 6 6 3 
1610325383 1610325383 4188278265 4188278265 0 65535 1432 1432 6 6 1 
1610325376 1610325376 1248372191 1248372191 0 65535 6888 6888 6 6 1 
1541965183 1541965183 4188278265 4188278265 0 65535 1715 1715 6 6 1 
1541965080 1541965080 4188278265 4188278265 0 65535 1708 1708 6 6 1 
1541965311 1541965311 4188278265 4188278265 0 65535 6890 6890 6 6 0 
1541965260 1541965260 4188278265 4188278265 0 65535 1521 1521 6 6 2 
1541965267 1541965267 763364262 763364262 0 65535 14753 14753 6 6 0 
1496756692 1496756692 4188278043 4188278043 0 65535 1526 1526 6 6 4 
1496756609 1496756609 4188278043 4188278043 0 65535 1521 1521 6 6 0 
1496756615 1496756615 763364262 763364262 0 65535 1521 1521 6 6 3 
1496756618 1496756618 4188278043 4188278043 0 65535 55444 55444 6 6 0 
1496756618 1496756618 4188278043 4188278043 0 65535 1521 1521 6 6 0 
1121866869 1121866869 4188278043 4188278043 0 65535 1221 1221 6 6 1 
1121866871 1121866871 4188278043 4188278043 0 65535 1733 1733 6 6 3 
1121866852 1121866852 4188278043 4188278043 0 65535 1733 1733 6 6 2 
1121866852 1121866852 4188278043 4188278043 0 65535 5632 5632 6 6 0 
1121866832 1121866832 4188278043 4188278043 0 65535 20 20 6 6 0 
1121866847 1121866847 1248372191 1248372191 0 65535 14753 14753 6 6 4 
1077786195 1077786195 4188278043 4188278043 0 65535 1521 1521 6 6 3 
1077786230 1077786230 4188278043 4188278043 0 65535 1712 1712 6 6 4 
1077786210 1077786210 4188278043 4188278043 0 65535 5631 5631 6 6 2 
1077786303 1077786303 4188278043 4188278043 0 65535 1717 1717 6 6 0 
1200131322 1200131322 4188278043 4188278043 0 65535 1712 1712 6 6 4 
1200131270 1200131270 4188278043 4188278043 0 65535 1712 1712 6 6 2 
1157681139 1157681139 4188278043 4188278043 0 65535 5555 5555 6 6 1 
1157681144 1157681144 4188278043 4188278043 0 65535 1221 1221 6 6 2 
1157681050 1157681050 4188278043 4188278043 0 65535 1708 1708 6 6 0 
1157681059 1157681059 4188278043 4188278043 0 65535 14753 14753 6 6 0 
1157681080 1157681080 4188278043 4188278043 0 65535 6888 6888 6 6 0 
1313650807 1313650807 4188278043 4188278043 0 65535 1521 1521 6 6 2 
1313650768 1313650768 4188278043 4188278043 0 65535 1711 1711 6 6 3 
1313650821 1313650821 4188278043 4188278043 0 65535 1707 1707 6 6 0 
1313650855 1313650855 4188278043 4188278043 0 65535 32200 32200 6 6 1 
1313650907 1313650907 4188278043 4188278043 0 65535 1521 1521 6 6 2 
1313650931 1313650931 763364262 763364262 0 65535 32201 32201 6 6 4 
1313650933 1313650933 4188278043 4188278043 0 65535 3031 3031 6 6 4 
1313650927 1313650927 1248372191 1248372191 0 65535 1705 1705 6 6 3 
1313650914 1313650914 4188278043 4188278043 0 65535 30211 30211 6 6 2 
1276537961 1276537961 4188278043 4188278043 0 65535 6789 6789 6 6 0 
1276537942 1276537942 4188278043 4188278043 0 65535 1221 1221 6 6 1 
1276538058 1276538058 4183625353 4183625353 0 65535 1521 1521 6 6 0 
1276538049 1276538049 4183625353 4183625353 0 65535 1521 1521 6 6 4 
1276538107 1276538107 4183625353 4183625353 0 65535 1708 1708 6 6 2 
1276538090 1276538090 1248372191 1248372191 0 65535 1521 1521 6 6 1 
1237127555 1237127555 763364262 763364262 0 65535 1708 1708 6 6 0 
1237127568 1237127568 4183796243 4183796243 0 65535 1521 1521 6 6 2 
1237127603 1237127603 4183730623 4183730623 0 65535 1433 1433 6 6 0 
1237127659 1237127659 4183730623 4183730623 0 65535 1521 1521 6 6 0 
1237127654 1237127654 4183730623 4183730623 0 65535 1733 1733 6 6 4 
1237127673 1237127673 4183730623 4183730623 0 65535 1521 1521 6 6 0 
1237127665 1237127665 4183730623 4183730623 0 65535 135 135 6 6 4 
1237127645 1237127645 4183730623 4183730623 0 65535 1733 1733 6 6 1 
1237127645 1237127645 4183730623 4183730623 0 65535 1526 1526 6 6 4 
1237127644 1237127644 4183730623 4183730623 0 65535 1526 1526 6 6 4 
1262260327 1262260327 4183730623 4183730623 0 65535 1715 1715 6 6 0 
1262260463 1262260463 1248372191 1248372191 0 65535 19856 19856 6 6 4 
1262260463 1262260463 4183050311 4183050311 0 65535 1521 1521 6 6 0 
1262260418 1262260418 4183050311 4183050311 0 65535 5632 5632 6 6 2 
1262260420 1262260420 4183050311 4183050311 0 65535 6789 6789 6 6 1 
1262260420 1262260420 4183050311 4183050311 0 65535 1525 1525 6 6 2 
1262260420 1262260420 4183050311 4183050311 0 65535 1705 1705 6 6 2 
1749816989 1749816989 4183050311 4183050311 0 65535 1526 1526 6 6 0 
1749817023 1749817023 4183050311 4183050311 0 65535 5631 5631 6 6 3 
1749817014 1749817014 4183050311 4183050311 0 65535 135 135 6 6 1 
1749817014 1749817014 4183050311 4183050311 0 65535 1526 1526 6 6 1 
1749817014 1749817014 4183050311 4183050311 0 65535 6849 6849 6 6 0 
1749817011 1749817011 4183050311 4183050311 0 65535 1221 1221 6 6 3 
1749817008 1749817008 4183050311 4183050311 0 65535 1521 1521 6 6 1 
1749817008 1749817008 1248372191 1248372191 0 65535 30804 30804 6 6 3 
1791040544 1791040544 4183050311 4183050311 0 65535 1733 1733 6 6 1 
1791040592 1791040592 4183050311 4183050311 0 65535 1521 1521 6 6 0 
1791040615 1791040615 1248372191 1248372191 0 65535 1733 1733 6 6 4 
1791040737 1791040737 4183050311 4183050311 0 65535 32200 32200 6 6 4 
1791040716 1791040716 4183050311 4183050311 0 65535 135 135 6 6 3 
1791040711 1791040711 4183050311 4183050311 0 65535 5632 5632 6 6 4 
1791040711 1791040711 4183050311 4183050311 0 65535 14753 14753 6 6 0 
1842913452 1842913452 763364262 763364262 0 65535 1521 1521 6 6 2 
1842913419 1842913419 4183050311 4183050311 0 65535 1521 1521 6 6 1 
1842913329 1842913329 4183050311 4183050311 0 65535 1521 1521 6 6 0 
1842913329 1842913329 4183050311 4183050311 0 65535 1711 1711 6 6 4 
1842913329 1842913329 4183050311 4183050311 0 65535 1705 1705 6 6 0 
1849240990 1849240990 4183050311 4183050311 0 65535 1526 1526 6 6 0 
1849240990 1849240990 4183050311 4183050311 0 65535 1521 1521 6 6 2 
1849240980 1849240980 4183050311 4183050311 0 65535 5541 5541 6 6 4 
1849240975 1849240975 4184926172 4184926172 0 65535 1600 1600 6 6 3 
1849240973 1849240973 763364262 763364262 0 65535 7205 7205 6 6 0 
1849240973 1849240973 1248372191 1248372191 0 65535 1525 1525 6 6 0 
1849240994 1849240994 763364262 763364262 0 65535 1521 1521 6 6 0 
1849241000 1849241000 4184926172 4184926172 0 65535 1712 1712 6 6 0 
1685630118 1685630118 4184926172 4184926172 0 65535 1521 1521 6 6 0 
1685630125 1685630125 4184926172 4184926172 0 65535 14753 14753 6 6 0 
1685630123 1685630123 4184926172 4184926172 0 65535 2121 2121 6 6 0 
1685630166 1685630166 4184926172 4184926172 0 65535 5631 5631 6 6 0 
1685630184 1685630184 4184926172 4184926172 0 65535 1734 1734 6 6 1 
1685630188 1685630188 4184926172 4184926172 0 65535 1521 1521 6 6 1 
1724108935 1724108935 4184926172 4184926172 0 65535 1705 1705 6 6 1 
1724108930 1724108930 4184926172 4184926172 0 65535 2121 2121 6 6 0 
1724109054 1724109054 4184926172 4184926172 0 65535 1221 1221 6 6 4 
1724109054 1724109054 4184926172 4184926172 0 65535 1521 1521 6 6 2 
1724109040 1724109040 1248372191 1248372191 0 65535 512 512 6 6 3 
1724109043 1724109043 4184926172 4184926172 0 65535 1521 1521 6 6 3 
1724109043 1724109043 4184926172 4184926172 0 65535 1724 1724 6 6 2 
1724109044 1724109044 4184926172 4184926172 0 65535 1221 1221 6 6 4 
1724109044 1724109044 4184926172 4184926172 0 65535 1489 1489 6 6 4 
1724109044 1724109044 4184926172 4184926172 0 65535 1724 1724 6 6 0 
1627587344 1627587344 1248372191 1248372191 0 65535 443 443 6 6 1 
1627587451 1627587451 4184926172 4184926172 0 65535 1708 1708 6 6 2 
1627587454 1627587454 4184926172 4184926172 0 65535 5541 5541 6 6 4 
1662528669 1662528669 4184926172 4184926172 0 65535 1521 1521 6 6 4 
1662528629 1662528629 4184926172 4184926172 0 65535 5541 5541 6 6 2 
1662528535 1662528535 763364262 763364262 0 65535 1526 1526 6 6 3 
1662528537 1662528537 763364262 763364262 0 65535 1221 1221 6 6 3 
1923956413 1923956413 4184926172 4184926172 0 65535 1734 1734 6 6 4 
1923956403 1923956403 4184926172 4184926172 0 65535 1526 1526 6 6 1 
1923956407 1923956407 4184902592 4184902592 0 65535 1711 1711 6 6 2 
1923956364 1923956364 1248372191 1248372191 0 65535 6789 6789 6 6 2 
1923956366 1923956366 4184902592 4184902592 0 65535 1724 1724 6 6 0 
1885578576 1885578576 4184902592 4184902592 0 65535 31000 31000 6 6 2 
1885578551 1885578551 4184902592 4184902592 0 65535 6000 6000 6 6 2 
1885578544 1885578544 4184902592 4184902592 0 65535 1715 1715 6 6 2 
1885578544 1885578544 4184904035 4184904035 0 65535 135 135 6 6 3 
1885578559 1885578559 4184904035 4184904035 0 65535 1521 1521 6 6 0 
1885578555 1885578555 4184904035 4184904035 0 65535 14753 14753 6 6 3 
1885578511 1885578511 4184904035 4184904035 0 65535 14753 14753 6 6 4 
1885578511 1885578511 763364262 763364262 0 65535 1521 1521 6 6 3 
1885578518 1885578518 4184904035 4184904035 0 65535 1526 1526 6 6 0 
1885578518 1885578518 763364262 763364262 0 65535 1711 1711 6 6 0 
1885578518 1885578518 4184904035 4184904035 0 65535 6000 6000 6 6 3 
1885578518 1885578518 4184904035 4184904035 0 65535 20 20 6 6 2 
2011277225 2011277225 4184904035 4184904035 0 65535 5555 5555 6 6 0 
2011277200 2011277200 4184904035 4184904035 0 65535 30804 30804 6 6 0 
2011277109 2011277109 4184904035 4184904035 0 65535 1711 1711 6 6 0 
2011277109 2011277109 1248372191 1248372191 0 65535 1711 1711 6 6 3 
1962008207 1962008207 4184904035 4184904035 0 65535 5541 5541 6 6 1 
1962008204 1962008204 4184904035 4184904035 0 65535 1521 1521 6 6 4 
1962008236 1962008236 4184904035 4184904035 0 65535 30210 30210 6 6 1 
1962008281 1962008281 4184904035 4184904035 0 65535 1526 1526 6 6 4 
1962008287 1962008287 4184904035 4184904035 0 65535 5540 5540 6 6 2 
1962008287 1962008287 4184904035 4184904035 0 65535 1521 1521 6 6 4 
1962008287 1962008287 763364262 763364262 0 65535 1705 1705 6 6 2 
1962008290 1962008290 4184904035 4184904035 0 65535 1490 1490 6 6 2 
1962008290 1962008290 763364262 763364262 0 65535 1521 1521 6 6 3 
1962008290 1962008290 4184904035 4184904035 0 65535 1712 1712 6 6 4 
1962008313 1962008313 1248372191 1248372191 0 65535 21 21 6 6 3 
2015152316 2015152316 763364262 763364262 0 65535 1526 1526 6 6 3 
2015152370 2015152370 763364262 763364262 0 65535 5555 5555 6 6 0 
2015152364 2015152364 4184904035 4184904035 0 65535 135 135 6 6 2 
2015152359 2015152359 4184904035 4184904035 0 65535 1490 1490 6 6 3 
2015152357 2015152357 4184904035 4184904035 0 65535 32200 32200 6 6 2 
2015152331 2015152331 4184904035 4184904035 0 65535 1540 1540 6 6 1 
2015152337 2015152337 4184911075 4184911075 0 65535 1712 1712 6 6 1 
2015152338 2015152338 4184911075 4184911075 0 65535 1521 1521 6 6 4 
2051680654 2051680654 4184911075 4184911075 0 65535 1724 1724 6 6 0 
2051680746 2051680746 4184911075 4184911075 0 65535 32200 32200 6 6 1 
2051680628 2051680628 4184911075 4184911075 0 65535 15121 15121 6 6 3 
2051680618 2051680618 4184911075 4184911075 0 65535 20 20 6 6 3 
2051680611 2051680611 4184911075 4184911075 0 65535 1526 1526 6 6 3 
2051680540 2051680540 4184911075 4184911075 0 65535 1712 1712 6 6 3 
2051680525 2051680525 4184911075 4184911075 0 65535 14753 14753 6 6 1 
2134952516 2134952516 4184911075 4184911075 0 65535 1521 1521 6 6 4 
2134952517 2134952517 763364262 763364262 0 65535 1711 1711 6 6 4 
2134952537 2134952537 4184911075 4184911075 0 65535 1221 1221 6 6 0 
2134952561 2134952561 4184911075 4184911075 0 65535 1526 1526 6 6 2 
2134952568 2134952568 4184911075 4184911075 0 65535 1521 1521 6 6 3 
2134952570 2134952570 4184911075 4184911075 0 65535 1712 1712 6 6 0 
2134952545 2134952545 4184911075 4184911075 0 65535 135 135 6 6 0 
2089470516 2089470516 4184911075 4184911075 0 65535 20 20 6 6 3 
2089470519 2089470519 4184911075 4184911075 0 65535 21 21 6 6 2 
2089470512 2089470512 4184911075 4184911075 0 65535 27000 27000 6 6 0 
2089470512 2089470512 4184911075 4184911075 0 65535 1707 1707 6 6 4 
2089470497 2089470497 4184911075 4184911075 0 65535 21 21 6 6 2 
2089470497 2089470497 4184911075 4184911075 0 65535 135 135 6 6 1 
2089470503 2089470503 4184911075 4184911075 0 65535 1433 1433 6 6 0 
2089470503 2089470503 1248372191 1248372191 0 65535 1432 1432 6 6 3 
2089470503 2089470503 4184911075 4184911075 0 65535 21 21 6 6 2 
2089470503 2089470503 763364262 763364262 0 65535 21 21 6 6 3 
928143887 928143887 1248372191 1248372191 0 65535 1221 1221 6 6 3 
928143887 928143887 4184911075 4184911075 0 65535 1489 1489 6 6 0 
928143982 928143982 4184911075 4184911075 0 65535 5541 5541 6 6 3 
928143971 928143971 4184911075 4184911075 0 65535 135 135 6 6 0 
928143975 928143975 4184911075 4184911075 0 65535 1724 1724 6 6 1 
928143989 928143989 928144566 928144566 0 65535 6790 6790 6 6 1 
928143997 928143997 3133297634 3133297634 0 65535 1526 1526 6 6 4 
928143955 928143955 3133297634 3133297634 0 65535 5555 5555 6 6 0 
883113489 883113489 3133297634 3133297634 0 65535 5540 5540 6 6 1 
883113519 883113519 3133297634 3133297634 0 65535 6000 6000 6 6 1 
883113592 883113592 883112423 883112423 0 65535 1711 1711 6 6 4 
883113574 883113574 3133174622 3133174622 0 65535 30210 30210 6 6 2 
883113573 883113573 883112048 883112048 0 65535 1526 1526 6 6 3 
883113573 883113573 3133174622 3133174622 0 65535 1705 1705 6 6 2 
829756818 829756818 3133174622 3133174622 0 65535 1526 1526 6 6 2 
829756816 829756816 3133174622 3133174622 0 65535 2051 2051 6 6 1 
829756909 829756909 3133174622 3133174622 0 65535 1521 1521 6 6 2 
829756911 829756911 1248372191 1248372191 0 65535 1704 1704 6 6 0 
829756887 829756887 3133174622 3133174622 0 65535 1489 1489 6 6 3 
829756886 829756886 3133174622 3133174622 0 65535 1734 1734 6 6 0 
829756866 829756866 3133174622 3133174622 0 65535 1717 1717 6 6 1 
829756866 829756866 3133174622 3133174622 0 65535 6789 6789 6 6 0 
869386690 869386690 1248372191 1248372191 0 65535 1521 1521 6 6 2 
869386628 869386628 3133174622 3133174622 0 65535 1433 1433 6 6 1 
869386534 869386534 1248372191 1248372191 0 65535 1221 1221 6 6 2 
869386569 869386569 3133174622 3133174622 0 65535 14753 14753 6 6 0 
869386586 869386586 3133174622 3133174622 0 65535 20 20 6 6 1 
869386584 869386584 3133174622 3133174622 0 65535 1717 1717 6 6 3 
869386599 869386599 3133174622 3133174622 0 65535 3745 3745 6 6 0 
869386594 869386594 3133174622 3133174622 0 65535 12050 12050 6 6 0 
952914137 952914137 3133546259 3133546259 0 65535 5540 5540 6 6 0 
952914140 952914140 763364262 763364262 0 65535 2308 2308 6 6 1 
952914140 952914140 3133546259 3133546259 0 65535 135 135 6 6 4 
952914126 952914126 3133546259 3133546259 0 65535 20 20 6 6 4 
952914121 952914121 3133546259 3133546259 0 65535 1704 1704 6 6 4 
952914123 952914123 1248372191 1248372191 0 65535 20 20 6 6 0 
999296321 999296321 3133546259 3133546259 0 65535 1526 1526 6 6 4 
999296303 999296303 3133546259 3133546259 0 65535 1526 1526 6 6 1 
999296466 999296466 3133546259 3133546259 0 65535 6890 6890 6 6 2 
999296469 999296469 3133546259 3133546259 0 65535 1707 1707 6 6 2 
999296495 999296495 999295433 999295433 0 65535 1724 1724 6 6 2 
999296486 999296486 1022792230 1022792230 0 65535 1221 1221 6 6 3 
999296481 999296481 3133546259 3133546259 0 65535 5631 5631 6 6 4 
1062486496 1062486496 3133546259 3133546259 0 65535 1724 1724 6 6 1 
1062486522 1062486522 3133546259 3133546259 0 65535 20 20 6 6 2 
1062486451 1062486451 3133546259 3133546259 0 65535 1705 1705 6 6 4 
1062486462 1062486462 3133546259 3133546259 0 65535 1717 1717 6 6 1 
1062486463 1062486463 3133546259 3133546259 0 65535 1707 1707 6 6 4 
1062486456 1062486456 3133546259 3133546259 0 65535 15126 15126 6 6 2 
1062486415 1062486415 3133546259 3133546259 0 65535 135 135 6 6 2 
1062486415 1062486415 3133546259 3133546259 0 65535 5555 5555 6 6 3 
1062486415 1062486415 3133546259 3133546259 0 65535 1521 1521 6 6 0 
1062486415 1062486415 1062487164 1062487164 0 65535 1706 1706 6 6 1 
1010525824 1010525824 1248372191 1248372191 0 65535 1521 1521 6 6 3 
1010525910 1010525910 3133546259 3133546259 0 65535 1526 1526 6 6 0 
1010525915 1010525915 3133546259 3133546259 0 65535 1521 1521 6 6 3 
1010525934 1010525934 1248372191 1248372191 0 65535 1521 1521 6 6 1 
1010525921 1010525921 3133546259 3133546259 0 65535 2121 2121 6 6 4 
1010525921 1010525921 3133546259 3133546259 0 65535 14753 14753 6 6 0 
1010525927 1010525927 3133546259 3133546259 0 65535 1521 1521 6 6 1 
1010525936 1010525936 3133546259 3133546259 0 65535 20 20 6 6 3 
1010525941 1010525941 3133546259 3133546259 0 65535 65500 65500 6 6 2 
1010525948 1010525948 3133546259 3133546259 0 65535 32200 32200 6 6 4 
590928565 590928565 3133546259 3133546259 0 65535 1521 1521 6 6 0 
590928518 590928518 3133546259 3133546259 0 65535 1521 1521 6 6 4 
590928586 590928586 3133546259 3133546259 0 65535 20 20 6 6 2 
590928576 590928576 3133546259 3133546259 0 65535 1521 1521 6 6 3 
590928580 590928580 763364262 763364262 0 65535 1521 1521 6 6 2 
590928597 590928597 3133546259 3133546259 0 65535 1221 1221 6 6 1 
590928593 590928593 1248372191 1248372191 0 65535 5631 5631 6 6 4 
590928593 590928593 3133546259 3133546259 0 65535 21 21 6 6 2 
543423207 543423207 3133546259 3133546259 0 65535 2110 2110 6 6 3 
543423160 543423160 3133546259 3133546259 0 65535 1708 1708 6 6 0 
543423150 543423150 543423958 543423958 0 65535 1712 1712 6 6 2 
543423149 543423149 543423958 543423958 0 65535 1521 1521 6 6 3 
543423115 543423115 3133546259 3133546259 0 65535 135 135 6 6 1 
543423105 543423105 3133546259 3133546259 0 65535 1526 1526 6 6 3 
627458956 627458956 3133546259 3133546259 0 65535 5555 5555 6 6 4 
627459057 627459057 3133546259 3133546259 0 65535 2121 2121 6 6 3 
664573568 664573568 3133546259 3133546259 0 65535 1521 1521 6 6 0 
664573568 664573568 3133546259 3133546259 0 65535 5555 5555 6 6 4 
664573619 664573619 979208069 979208069 0 65535 1724 1724 6 6 0 
664573617 664573617 3133546259 3133546259 0 65535 1525 1525 6 6 4 
763364410 763364410 1248372191 1248372191 0 65535 1433 1433 6 6 0 
763364381 763364381 3133546259 3133546259 0 65535 1521 1521 6 6 0 
763364378 763364378 1248372191 1248372191 0 65535 1602 1602 6 6 0 
789938687 789938687 3133546259 3133546259 0 65535 20 20 6 6 2 
789938479 789938479 3120738595 3120738595 0 65535 1433 1433 6 6 4 
789938450 789938450 3120738595 3120738595 0 65535 1734 1734 6 6 0 
789938450 789938450 3120738595 3120738595 0 65535 5555 5555 6 6 0 
789938438 789938438 3120709224 3120709224 0 65535 1733 1733 6 6 3 
693047534 693047534 3120709224 3120709224 0 65535 1521 1521 6 6 3 
693047360 693047360 3120709224 3120709224 0 65535 1490 1490 6 6 2 
693047360 693047360 3120709224 3120709224 0 65535 1734 1734 6 6 2 
693047360 693047360 3120709224 3120709224 0 65535 135 135 6 6 0 
693047360 693047360 1248372191 1248372191 0 65535 5631 5631 6 6 2 
720142488 720142488 3120709224 3120709224 0 65535 1526 1526 6 6 4 
720142574 720142574 1248372191 1248372191 0 65535 1550 1550 6 6 0 
720142574 720142574 3120709224 3120709224 0 65535 1602 1602 6 6 2 
720142533 720142533 1248372191 1248372191 0 65535 20 20 6 6 1 
720142541 720142541 3120709224 3120709224 0 65535 1711 1711 6 6 4 
320963406 320963406 3120709224 3120709224 0 65535 1521 1521 6 6 1 
320963423 320963423 3120709224 3120709224 0 65535 1489 1489 6 6 0 
320963446 320963446 3120709224 3120709224 0 65535 1521 1521 6 6 0 
320963503 320963503 3120709224 3120709224 0 65535 1521 1521 6 6 3 
320963483 320963483 3120709224 3120709224 0 65535 1707 1707 6 6 2 
320963541 320963541 3120709224 3120709224 0 65535 1521 1521 6 6 4 
297716003 297716003 3120709224 3120709224 0 65535 1521 1521 6 6 3 
297716003 297716003 3120709224 3120709224 0 65535 6000 6000 6 6 0 
297716001 297716001 3120709224 3120709224 0 65535 1724 1724 6 6 0 
297715973 297715973 3120709224 3120709224 0 65535 2121 2121 6 6 1 
297715969 297715969 3120709224 3120709224 0 65535 6789 6789 6 6 0 
396159695 396159695 1248372191 1248372191 0 65535 1724 1724 6 6 1 
396159682 396159682 1248372191 1248372191 0 65535 14753 14753 6 6 1 
396159578 396159578 396160017 396160017 0 65535 5541 5541 6 6 4 
396159562 396159562 3120709224 3120709224 0 65535 1525 1525 6 6 4 
344580856 344580856 3120709224 3120709224 0 65535 1712 1712 6 6 3 
344580863 344580863 1248372191 1248372191 0 65535 1711 1711 6 6 4 
344580740 344580740 3120709224 3120709224 0 65535 1712 1712 6 6 2 
344580761 344580761 3120709224 3120709224 0 65535 1221 1221 6 6 3 
344580794 344580794 1248372191 1248372191 0 65535 6000 6000 6 6 1 
344580794 344580794 1248372191 1248372191 0 65535 1526 1526 6 6 0 
344580780 344580780 1248372191 1248372191 0 65535 5541 5541 6 6 0 
344580778 344580778 3120709224 3120709224 0 65535 1526 1526 6 6 3 
344580778 344580778 3120709224 3120709224 0 65535 1734 1734 6 6 3 
344580778 344580778 3120709224 3120709224 0 65535 2121 2121 6 6 0 
451738546 451738546 1248372191 1248372191 0 65535 14753 14753 6 6 0 
451738498 451738498 3120709224 3120709224 0 65535 2121 2121 6 6 4 
451738501 451738501 3120709224 3120709224 0 65535 1525 1525 6 6 2 
451738502 451738502 3120709224 3120709224 0 65535 1705 1705 6 6 3 
407791521 407791521 3120709224 3120709224 0 65535 1221 1221 6 6 1 
407791488 407791488 3120709224 3120709224 0 65535 27000 27000 6 6 3 
407791601 407791601 1248372191 1248372191 0 65535 1433 1433 6 6 4 
407791452 407791452 3121826250 3121826250 0 65535 1521 1521 6 6 2 
407791405 407791405 1248372191 1248372191 0 65535 1521 1521 6 6 0 
407791395 407791395 3121826250 3121826250 0 65535 1221 1221 6 6 4 
407791396 407791396 3121826250 3121826250 0 65535 1521 1521 6 6 1 
407791365 407791365 3121826250 3121826250 0 65535 1489 1489 6 6 0 
407791391 407791391 3121826250 3121826250 0 65535 1521 1521 6 6 4 
407791389 407791389 1248372191 1248372191 0 65535 443 443 6 6 1 
527086556 527086556 1248372191 1248372191 0 65535 6000 6000 6 6 0 
527086491 527086491 1248372191 1248372191 0 65535 1708 1708 6 6 2 
527086429 527086429 3121826250 3121826250 0 65535 1706 1706 6 6 2 
527086350 527086350 3121826250 3121826250 0 65535 1734 1734 6 6 3 
527086343 527086343 3121826250 3121826250 0 65535 1490 1490 6 6 2 
527086343 527086343 3121826250 3121826250 0 65535 1433 1433 6 6 3 
527086396 527086396 3121826250 3121826250 0 65535 1708 1708 6 6 0 
527086371 527086371 3121826250 3121826250 0 65535 1715 1715 6 6 1 
479769538 479769538 3121826250 3121826250 0 65535 1711 1711 6 6 4 
479769550 479769550 3121826250 3121826250 0 65535 443 443 6 6 0 
479769567 479769567 3121826250 3121826250 0 65535 1221 1221 6 6 2 
479769347 479769347 3121826250 3121826250 0 65535 1734 1734 6 6 0 
479769350 479769350 3121826250 3121826250 0 65535 1521 1521 6 6 3 
479769380 479769380 3121826250 3121826250 0 65535 32200 32200 6 6 0 
479769398 479769398 3121826250 3121826250 0 65535 1708 1708 6 6 4 
479769454 479769454 3121826250 3121826250 0 65535 1521 1521 6 6 0 
479769444 479769444 3121826250 3121826250 0 65535 6789 6789 6 6 4 
229261919 229261919 3121826250 3121826250 0 65535 1734 1734 6 6 0 
229261895 229261895 3121826250 3121826250 0 65535 1704 1704 6 6 4 
229261898 229261898 3121826250 3121826250 0 65535 1525 1525 6 6 4 
229261938 229261938 3121826250 3121826250 0 65535 1521 1521 6 6 2 
229261931 229261931 3121826250 3121826250 0 65535 3745 3745 6 6 2 
229261921 229261921 3121826250 3121826250 0 65535 135 135 6 6 4 
229261878 229261878 1248372191 1248372191 0 65535 1525 1525 6 6 1 
229261869 229261869 136491974 136491974 0 65535 20 20 6 6 0 
229261840 229261840 3121826250 3121826250 0 65535 1705 1705 6 6 1 
229261852 229261852 3121826250 3121826250 0 65535 1521 1521 6 6 4 
254432916 254432916 3121826250 3121826250 0 65535 1521 1521 6 6 3 
254432998 254432998 3121826250 3121826250 0 65535 2115 2115 6 6 2 
254432843 254432843 3121826250 3121826250 0 65535 1521 1521 6 6 2 
254432817 254432817 3121826250 3121826250 0 65535 1521 1521 6 6 2 
254432824 254432824 3121826250 3121826250 0 65535 1706 1706 6 6 1 
254432808 254432808 1248372191 1248372191 0 65535 1707 1707 6 6 4 
254432815 254432815 254432289 254432289 0 65535 1711 1711 6 6 2 
254432803 254432803 3121826250 3121826250 0 65535 1706 1706 6 6 3 
254432805 254432805 3121826250 3121826250 0 65535 1525 1525 6 6 1 
189951445 189951445 1248372191 1248372191 0 65535 5631 5631 6 6 4 
189951454 189951454 242166130 242166130 0 65535 1705 1705 6 6 2 
189951365 189951365 3121826250 3121826250 0 65535 1526 1526 6 6 2 
189951369 189951369 3121826250 3121826250 0 65535 1711 1711 6 6 0 
189951368 189951368 3121826250 3121826250 0 65535 1704 1704 6 6 0 
189951368 189951368 3121826250 3121826250 0 65535 1711 1711 6 6 2 
189951376 189951376 3121826250 3121826250 0 65535 2051 2051 6 6 3 
189951391 189951391 3121826250 3121826250 0 65535 1521 1521 6 6 1 
161334179 161334179 3121826250 3121826250 0 65535 6000 6000 6 6 2 
161334165 161334165 1248372191 1248372191 0 65535 1712 1712 6 6 3 
161334056 161334056 3121826250 3121826250 0 65535 27000 27000 6 6 4 
161334029 161334029 3121826250 3121826250 0 65535 27400 27400 6 6 4 
161334032 161334032 3121826250 3121826250 0 65535 1715 1715 6 6 3 
90101125 90101125 3121826250 3121826250 0 65535 14753 14753 6 6 3 
90101134 90101134 3121826250 3121826250 0 65535 1521 1521 6 6 1 
90101153 90101153 3121826250 3121826250 0 65535 1521 1521 6 6 3 
90101243 90101243 90100382 90100382 0 65535 21 21 6 6 1 
90101239 90101239 3121826250 3121826250 0 65535 1521 1521 6 6 2 
90101207 90101207 3121826250 3121826250 0 65535 21 21 6 6 2 
90101186 90101186 3121826250 3121826250 0 65535 21 21 6 6 2 
90101048 90101048 3121826250 3121826250 0 65535 1734 1734 6 6 0 
90101088 90101088 3121826250 3121826250 0 65535 1601 1601 6 6 1 
90101079 90101079 3121826250 3121826250 0 65535 1521 1521 6 6 2 
90101076 90101076 3121826250 3121826250 0 65535 1433 1433 6 6 3 
118252390 118252390 3121826250 3121826250 0 65535 135 135 6 6 1 
118252337 118252337 3121826250 3121826250 0 65535 1433 1433 6 6 0 
118252331 118252331 3121826250 3121826250 0 65535 1525 1525 6 6 2 
118252309 118252309 3121826250 3121826250 0 65535 1221 1221 6 6 0 
118252288 118252288 3121826250 3121826250 0 65535 65500 65500 6 6 1 
118252301 118252301 3121826250 3121826250 0 65535 5555 5555 6 6 2 
118252301 118252301 3121826250 3121826250 0 65535 1521 1521 6 6 2 
118252299 118252299 3121826250 3121826250 0 65535 1715 1715 6 6 2 
11710737 11710737 3121826250 3121826250 0 65535 1221 1221 6 6 3 
11710793 11710793 1248372191 1248372191 0 65535 1521 1521 6 6 1 
58978196 58978196 3121826250 3121826250 0 65535 1724 1724 6 6 0 
58978091 58978091 3121826250 3121826250 0 65535 1734 1734 6 6 3 
58978083 58978083 3121826250 3121826250 0 65535 5555 5555 6 6 1 
58978107 58978107 3121826250 3121826250 0 65535 135 135 6 6 0 
3117517710 3117517710 755038049 755038049 0 65535 31000 31000 6 6 4 
3117517822 3117517822 4184911075 4184911075 0 65535 32200 32200 6 6 1 
3117517765 3117517765 755038049 755038049 0 65535 1711 1711 6 6 1 
3117517775 3117517775 755038049 755038049 0 65535 1708 1708 6 6 1 
3117517687 3117517687 755038049 755038049 0 65535 32200 32200 6 6 1 
3117517682 3117517682 755038049 755038049 0 65535 1221 1221 6 6 3 
3117517632 3117517632 755038049 755038049 0 65535 20 20 6 6 3 
3121825928 3121825928 4184911075 4184911075 0 65535 5632 5632 6 6 2 
3121825924 3121825924 755038045 755038045 0 65535 2121 2121 6 6 1 
3121825908 3121825908 755038045 755038045 0 65535 1221 1221 6 6 4 
3121825917 3121825917 4184911075 4184911075 0 65535 1526 1526 6 6 2 
3121825884 3121825884 3121826250 3121826250 0 65535 1221 1221 6 6 1 
3121825878 3121825878 755038045 755038045 0 65535 21 21 6 6 4 
3121825860 3121825860 755038045 755038045 0 65535 1521 1521 6 6 4 
3178770041 3178770041 755038045 755038045 0 65535 1525 1525 6 6 3 
3178769963 3178769963 755038045 755038045 0 65535 1221 1221 6 6 0 
3178769975 3178769975 755038045 755038045 0 65535 1540 1540 6 6 3 
3178769924 3178769924 755038045 755038045 0 65535 1521 1521 6 6 4 
3178769922 3178769922 755038045 755038045 0 65535 32200 32200 6 6 2 
3178769932 3178769932 755038045 755038045 0 65535 5540 5540 6 6 3 
3178769932 3178769932 755038045 755038045 0 65535 1521 1521 6 6 2 
3178769936 3178769936 755038045 755038045 0 65535 1521 1521 6 6 3 
3203354410 3203354410 3203354137 3203354137 0 65535 31000 31000 6 6 3 
3203354425 3203354425 755038045 755038045 0 65535 14753 14753 6 6 4 
3203354428 3203354428 755038045 755038045 0 65535 6789 6789 6 6 3 
3203354428 3203354428 4184911075 4184911075 0 65535 1433 1433 6 6 2 
3203354604 3203354604 755038045 755038045 0 65535 1521 1521 6 6 4 
3203354607 3203354607 4184911075 4184911075 0 65535 1521 1521 6 6 1 
3203354600 3203354600 755038045 755038045 0 65535 12050 12050 6 6 1 
3203354608 3203354608 755038045 755038045 0 65535 1526 1526 6 6 1 
3203354564 3203354564 4184911075 4184911075 0 65535 20 20 6 6 3 
3058345118 3058345118 755027040 755027040 0 65535 1525 1525 6 6 4 
3058345116 3058345116 4184911075 4184911075 0 65535 135 135 6 6 3 
3058345125 3058345125 755027040 755027040 0 65535 1525 1525 6 6 4 
3058345200 3058345200 755027040 755027040 0 65535 1521 1521 6 6 1 
3058345177 3058345177 755027040 755027040 0 65535 21 21 6 6 1 
3058345167 3058345167 755027047 755027047 0 65535 1489 1489 6 6 2 
3058345163 3058345163 4184911075 4184911075 0 65535 1521 1521 6 6 3 
3058345163 3058345163 3058345792 3058345792 0 65535 1712 1712 6 6 4 
3058345155 3058345155 755027047 755027047 0 65535 1521 1521 6 6 2 
3040276410 3040276410 755027047 755027047 0 65535 1724 1724 6 6 0 
3040276404 3040276404 755027046 755027046 0 65535 1526 1526 6 6 3 
3040276404 3040276404 755027046 755027046 0 65535 1711 1711 6 6 3 
3040276400 3040276400 3040275330 3040275330 0 65535 1550 1550 6 6 3 
3040276402 3040276402 755027046 755027046 0 65535 1717 1717 6 6 0 
3040276366 3040276366 3121826250 3121826250 0 65535 1521 1521 6 6 3 
3040276374 3040276374 3040275330 3040275330 0 65535 1521 1521 6 6 0 
3040276374 3040276374 3040275330 3040275330 0 65535 1724 1724 6 6 4 
3040276374 3040276374 755027046 755027046 0 65535 5541 5541 6 6 2 
3040276374 3040276374 755027046 755027046 0 65535 1433 1433 6 6 2 
3040276374 3040276374 755027046 755027046 0 65535 6790 6790 6 6 3 
2986592079 2986592079 755031954 755031954 0 65535 1707 1707 6 6 3 
2986592108 2986592108 755031954 755031954 0 65535 20 20 6 6 0 
2986592100 2986592100 755031954 755031954 0 65535 1711 1711 6 6 0 
2986592021 2986592021 2986591731 2986591731 0 65535 6888 6888 6 6 1 
2986592043 2986592043 755031954 755031954 0 65535 1712 1712 6 6 3 
2986592043 2986592043 2986591728 2986591728 0 65535 1433 1433 6 6 2 
2986592060 2986592060 755031954 755031954 0 65535 1526 1526 6 6 0 
2986592057 2986592057 755031954 755031954 0 65535 6000 6000 6 6 0 
2986592054 2986592054 755031954 755031954 0 65535 1521 1521 6 6 1 
2985688585 2985688585 755031954 755031954 0 65535 1521 1521 6 6 3 
2985688579 2985688579 755031954 755031954 0 65535 1433 1433 6 6 1 
2985688668 2985688668 755031954 755031954 0 65535 1433 1433 6 6 2 
2985688658 2985688658 4184911075 4184911075 0 65535 1521 1521 6 6 3 
2985688656 2985688656 755031954 755031954 0 65535 14753 14753 6 6 3 
2985688640 2985688640 755031954 755031954 0 65535 1526 1526 6 6 2 
2985688653 2985688653 755031954 755031954 0 65535 5540 5540 6 6 3 
2926742593 2926742593 755031954 755031954 0 65535 135 135 6 6 2 
2926742637 2926742637 755031954 755031954 0 65535 5540 5540 6 6 0 
2926742639 2926742639 755031954 755031954 0 65535 6789 6789 6 6 4 
2926742673 2926742673 4184911075 4184911075 0 65535 1521 1521 6 6 3 
2898435057 2898435057 755031966 755031966 0 65535 1526 1526 6 6 0 
2898435042 2898435042 755031966 755031966 0 65535 30211 30211 6 6 3 
2898435026 2898435026 755031966 755031966 0 65535 1734 1734 6 6 3 
2898435029 2898435029 755031966 755031966 0 65535 21 21 6 6 4 
2898435030 2898435030 755031966 755031966 0 65535 5541 5541 6 6 1 
2898435039 2898435039 4184911075 4184911075 0 65535 1521 1521 6 6 1 
2898435039 2898435039 755031966 755031966 0 65535 2026 2026 6 6 4 
2898435039 2898435039 755031966 755031966 0 65535 1712 1712 6 6 1 
2822239723 2822239723 755031966 755031966 0 65535 5555 5555 6 6 3 
2822239710 2822239710 755031966 755031966 0 65535 1717 1717 6 6 4 
2822239538 2822239538 755031966 755031966 0 65535 1489 1489 6 6 4 
2822239521 2822239521 755031966 755031966 0 65535 1521 1521 6 6 4 
2822239523 2822239523 4184911075 4184911075 0 65535 1521 1521 6 6 1 
2822239523 2822239523 755031966 755031966 0 65535 1432 1432 6 6 3 
2877435695 2877435695 755031966 755031966 0 65535 135 135 6 6 0 
2877435725 2877435725 755031966 755031966 0 65535 32200 32200 6 6 4 
2877435742 2877435742 2877434717 2877434717 0 65535 1717 1717 6 6 3 
2877435742 2877435742 755031966 755031966 0 65535 1521 1521 6 6 1 
2800177904 2800177904 755031966 755031966 0 65535 1521 1521 6 6 2 
2754342931 2754342931 763893617 763893617 0 65535 1711 1711 6 6 2 
2754342915 2754342915 763893617 763893617 0 65535 1526 1526 6 6 1 
2754342919 2754342919 763893617 763893617 0 65535 1705 1705 6 6 1 
2754342919 2754342919 4184911075 4184911075 0 65535 1521 1521 6 6 3 
2754342924 2754342924 763893617 763893617 0 65535 14753 14753 6 6 0 
2715112114 2715112114 763893617 763893617 0 65535 1221 1221 6 6 4 
2715111952 2715111952 763893617 763893617 0 65535 1711 1711 6 6 4 
2715111994 2715111994 763893617 763893617 0 65535 21 21 6 6 3 
2715112015 2715112015 763893617 763893617 0 65535 2121 2121 6 6 0 
2715112023 2715112023 763893617 763893617 0 65535 1521 1521 6 6 3 
2715112059 2715112059 4184911075 4184911075 0 65535 2115 2115 6 6 0 
2715112043 2715112043 2715112960 2715112960 0 65535 1489 1489 6 6 3 
2750890649 2750890649 763893617 763893617 0 65535 1526 1526 6 6 2 
2750890680 2750890680 763893617 763893617 0 65535 1733 1733 6 6 3 
2750890664 2750890664 763893617 763893617 0 65535 1525 1525 6 6 2 
2750890662 2750890662 763893617 763893617 0 65535 1521 1521 6 6 0 
2750890726 2750890726 763893617 763893617 0 65535 1521 1521 6 6 4 
2750890724 2750890724 4184911075 4184911075 0 65535 1712 1712 6 6 3 
2750890738 2750890738 763893617 763893617 0 65535 30211 30211 6 6 1 
2750890718 2750890718 763893617 763893617 0 65535 5555 5555 6 6 2 
2750890691 2750890691 763893617 763893617 0 65535 1704 1704 6 6 1 
2750890701 2750890701 763893625 763893625 0 65535 1711 1711 6 6 1 
2750890697 2750890697 763893625 763893625 0 65535 1521 1521 6 6 3 
2750890698 2750890698 763893625 763893625 0 65535 1521 1521 6 6 0 
2566189497 2566189497 763893625 763893625 0 65535 1521 1521 6 6 1 
2566189480 2566189480 763893625 763893625 0 65535 1711 1711 6 6 4 
2566189540 2566189540 763893625 763893625 0 65535 5632 5632 6 6 1 
2566189408 2566189408 763893625 763893625 0 65535 5555 5555 6 6 0 
2566189387 2566189387 763893625 763893625 0 65535 1525 1525 6 6 2 
2597737564 2597737564 763893625 763893625 0 65535 30210 30210 6 6 4 
2597737570 2597737570 763893625 763893625 0 65535 1525 1525 6 6 3 
2597737483 2597737483 763893625 763893625 0 65535 1724 1724 6 6 2 
2597737663 2597737663 4184911075 4184911075 0 65535 5631 5631 6 6 0 
2597737703 2597737703 763893624 763893624 0 65535 1707 1707 6 6 0 
2597737703 2597737703 4184911075 4184911075 0 65535 1521 1521 6 6 3 
2597737667 2597737667 763893624 763893624 0 65535 5631 5631 6 6 2 
2597737667 2597737667 763893624 763893624 0 65535 27400 27400 6 6 1 
2597737686 2597737686 763893624 763893624 0 65535 12050 12050 6 6 2 
2646754205 2646754205 2646844375 2646844375 0 65535 1525 1525 6 6 3 
2646754186 2646754186 763893624 763893624 0 65535 1706 1706 6 6 2 
2646754221 2646754221 763893624 763893624 0 65535 6000 6000 6 6 1 
2646754230 2646754230 763893624 763893624 0 65535 5632 5632 6 6 2 
2646754229 2646754229 763893624 763893624 0 65535 1704 1704 6 6 3 
2646754107 2646754107 763893624 763893624 0 65535 1704 1704 6 6 0 
2646754132 2646754132 763893624 763893624 0 65535 2115 2115 6 6 2 
2646754132 2646754132 763893624 763893624 0 65535 1489 1489 6 6 1 
2646754129 2646754129 763893624 763893624 0 65535 55444 55444 6 6 0 
2646754175 2646754175 763893624 763893624 0 65535 1433 1433 6 6 3 
2646754169 2646754169 4184911075 4184911075 0 65535 1521 1521 6 6 3 
2646754144 2646754144 763893624 763893624 0 65535 5541 5541 6 6 0 
2646754148 2646754148 2486750242 2486750242 0 65535 1521 1521 6 6 3 
2664024501 2664024501 763893624 763893624 0 65535 1724 1724 6 6 0 
2664024515 2664024515 763893624 763893624 0 65535 1521 1521 6 6 3 
2664024573 2664024573 763893624 763893624 0 65535 1704 1704 6 6 0 
2664024342 2664024342 763893624 763893624 0 65535 1221 1221 6 6 2 
2664024365 2664024365 763893624 763893624 0 65535 1715 1715 6 6 0 
2664024383 2664024383 4184911075 4184911075 0 65535 1521 1521 6 6 2 
2664024380 2664024380 763893624 763893624 0 65535 30210 30210 6 6 1 
2664024379 2664024379 763893624 763893624 0 65535 5541 5541 6 6 3 
2478842375 2478842375 763893624 763893624 0 65535 1525 1525 6 6 3 
2478842370 2478842370 763893624 763893624 0 65535 135 135 6 6 4 
2478842530 2478842530 763400878 763400878 0 65535 1433 1433 6 6 2 
2478842541 2478842541 4184911075 4184911075 0 65535 1706 1706 6 6 4 
2478842547 2478842547 763400878 763400878 0 65535 6790 6790 6 6 0 
2443564530 2443564530 763400878 763400878 0 65535 1733 1733 6 6 2 
2443564534 2443564534 2443564092 2443564092 0 65535 1708 1708 6 6 1 
2443564533 2443564533 2443564066 2443564066 0 65535 1526 1526 6 6 4 
2443564364 2443564364 763400878 763400878 0 65535 6000 6000 6 6 1 
2443564353 2443564353 763400878 763400878 0 65535 2115 2115 6 6 2 
2443564353 2443564353 763388323 763388323 0 65535 1521 1521 6 6 0 
2443564377 2443564377 763388323 763388323 0 65535 443 443 6 6 4 
2443564394 2443564394 2190518385 2190518385 0 65535 27400 27400 6 6 2 
2443564394 2443564394 763388323 763388323 0 65535 1525 1525 6 6 2 
2443564397 2443564397 4184911075 4184911075 0 65535 1704 1704 6 6 4 
2443564397 2443564397 763388323 763388323 0 65535 1525 1525 6 6 2 
2443564390 2443564390 2523087357 2523087357 0 65535 1704 1704 6 6 0 
2511488013 2511488013 4184911075 4184911075 0 65535 1221 1221 6 6 0 
2511488059 2511488059 2511537011 2511537011 0 65535 1526 1526 6 6 2 
2511488056 2511488056 763388323 763388323 0 65535 1521 1521 6 6 0 
2511488048 2511488048 763388323 763388323 0 65535 1734 1734 6 6 3 
2511488048 2511488048 763388323 763388323 0 65535 30804 30804 6 6 1 
2511488048 2511488048 763388323 763388323 0 65535 1715 1715 6 6 1 
2511488048 2511488048 763388323 763388323 0 65535 5632 5632 6 6 3 
2511488206 2511488206 763388323 763388323 0 65535 1221 1221 6 6 1 
2511488198 2511488198 763388323 763388323 0 65535 20 20 6 6 0 
2511488170 2511488170 763388323 763388323 0 65535 135 135 6 6 4 
2511488190 2511488190 763388323 763388323 0 65535 1526 1526 6 6 0 
2511488182 2511488182 763388323 763388323 0 65535 135 135 6 6 4 
2511488181 2511488181 763388323 763388323 0 65535 135 135 6 6 4 
2511488181 2511488181 763388323 763388323 0 65535 1433 1433 6 6 3 
2511488157 2511488157 2457563962 2457563962 0 65535 1733 1733 6 6 2 
2511488134 2511488134 4184911075 4184911075 0 65535 14753 14753 6 6 1 
2540119411 2540119411 763388322 763388322 0 65535 1717 1717 6 6 2 
2540119417 2540119417 763388322 763388322 0 65535 1521 1521 6 6 1 
2540119382 2540119382 763388322 763388322 0 65535 1521 1521 6 6 1 
2540119377 2540119377 2674175896 2674175896 0 65535 5540 5540 6 6 1 
2540119378 2540119378 763388322 763388322 0 65535 1724 1724 6 6 1 
2540119497 2540119497 4184911075 4184911075 0 65535 6000 6000 6 6 3 
2540119497 2540119497 2461335141 2461335141 0 65535 32200 32200 6 6 2 
2540119532 2540119532 763388322 763388322 0 65535 1708 1708 6 6 4 
2540119521 2540119521 2679060012 2679060012 0 65535 1489 1489 6 6 0 
2540119526 2540119526 763388322 763388322 0 65535 1489 1489 6 6 0 
2540119527 2540119527 763388322 763388322 0 65535 1708 1708 6 6 0 
2392747081 2392747081 763388322 763388322 0 65535 1711 1711 6 6 0 
2392747081 2392747081 763388322 763388322 0 65535 27000 27000 6 6 2 
2392747110 2392747110 763388322 763388322 0 65535 15126 15126 6 6 0 
2392747113 2392747113 763388322 763388322 0 65535 2051 2051 6 6 4 
2392747113 2392747113 763388322 763388322 0 65535 31000 31000 6 6 3 
2392747113 2392747113 763388322 763388322 0 65535 19856 19856 6 6 3 
2360853047 2360853047 4184911075 4184911075 0 65535 1525 1525 6 6 3 
2360853000 2360853000 763388322 763388322 0 65535 1706 1706 6 6 3 
2360853061 2360853061 4184911075 4184911075 0 65535 1711 1711 6 6 2 
2360853067 2360853067 763388322 763388322 0 65535 5632 5632 6 6 0 
2360853116 2360853116 763388322 763388322 0 65535 5555 5555 6 6 4 
2360853104 2360853104 4184911075 4184911075 0 65535 5540 5540 6 6 0 
2360853109 2360853109 763364262 763364262 0 65535 21 21 6 6 4 
2309250872 2309250872 763364262 763364262 0 65535 5632 5632 6 6 1 
2309250855 2309250855 4184911075 4184911075 0 65535 1521 1521 6 6 1 
2309250850 2309250850 763364262 763364262 0 65535 1521 1521 6 6 0 
2309250851 2309250851 4184911075 4184911075 0 65535 1712 1712 6 6 1 
2309250824 2309250824 763364262 763364262 0 65535 1521 1521 6 6 2 
2309250824 2309250824 763364262 763364262 0 65535 1706 1706 6 6 1 
2309250843 2309250843 763364262 763364262 0 65535 1550 1550 6 6 3 
2328248740 2328248740 763364262 763364262 0 65535 1724 1724 6 6 1 
2328248799 2328248799 4184911075 4184911075 0 65535 20 20 6 6 4 
2328248681 2328248681 763364262 763364262 0 65535 1221 1221 6 6 4 
2328248593 2328248593 2367002702 2367002702 0 65535 5541 5541 6 6 0 
2328248606 2328248606 2328249654 2328249654 0 65535 1433 1433 6 6 1 
2328248639 2328248639 763364262 763364262 0 65535 1705 1705 6 6 2 
2328248622 2328248622 763364262 763364262 0 65535 5555 5555 6 6 4 
2209457085 2209457085 763364262 763364262 0 65535 1525 1525 6 6 0 
2209457060 2209457060 763364262 763364262 0 65535 1704 1704 6 6 1 
2209457055 2209457055 763364262 763364262 0 65535 1521 1521 6 6 1 
2209457113 2209457113 763364262 763364262 0 65535 5631 5631 6 6 3 
2209457104 2209457104 763364262 763364262 0 65535 1526 1526 6 6 3 
2209457105 2209457105 763364262 763364262 0 65535 1433 1433 6 6 2 
2209457109 2209457109 763364262 763364262 0 65535 1526 1526 6 6 2 
2209456913 2209456913 2209457296 2209457296 0 65535 1221 1221 6 6 2 
2209456950 2209456950 763364262 763364262 0 65535 14753 14753 6 6 4 
2180670604 2180670604 763364262 763364262 0 65535 31000 31000 6 6 2 
2180670607 2180670607 763364262 763364262 0 65535 32201 32201 6 6 4 
2180670607 2180670607 2180670438 2180670438 0 65535 1521 1521 6 6 1 
2180670607 2180670607 763364262 763364262 0 65535 1526 1526 6 6 3 
2180670594 2180670594 763364262 763364262 0 65535 21 21 6 6 1 
2180670644 2180670644 763364262 763364262 0 65535 1433 1433 6 6 4 
2180670649 2180670649 763364262 763364262 0 65535 1433 1433 6 6 1 
2180670634 2180670634 763364262 763364262 0 65535 1706 1706 6 6 2 
2180670630 2180670630 2180670438 2180670438 0 65535 1521 1521 6 6 4 
2180670630 2180670630 763364262 763364262 0 65535 1711 1711 6 6 4 
2257646351 2257646351 763364262 763364262 0 65535 1521 1521 6 6 3 
2257646346 2257646346 763364262 763364262 0 65535 1221 1221 6 6 0 
2257646346 2257646346 763364262 763364262 0 65535 5555 5555 6 6 2 
2257646353 2257646353 763364262 763364262 0 65535 1526 1526 6 6 2 
2257646449 2257646449 763364262 763364262 0 65535 135 135 6 6 3 
2257646453 2257646453 763364262 763364262 0 65535 1706 1706 6 6 2 
2237581061 2237581061 763364262 763364262 0 65535 1715 1715 6 6 0 
2237581061 2237581061 4184911075 4184911075 0 65535 1526 1526 6 6 3 
2237581056 2237581056 763364262 763364262 0 65535 1712 1712 6 6 1 
2237581057 2237581057 763364262 763364262 0 65535 1526 1526 6 6 1 
2237581078 2237581078 763364262 763364262 0 65535 1521 1521 6 6 0 
2237581078 2237581078 763364262 763364262 0 65535 1705 1705 6 6 3 
2237581077 2237581077 763364262 763364262 0 65535 1712 1712 6 6 2 
2237581087 2237581087 763364262 763364262 0 65535 21 21 6 6 3 
2237581100 2237581100 763364262 763364262 0 65535 80 80 6 6 0 
2237581105 2237581105 763364262 763364262 0 65535 1433 1433 6 6 3 
2237581104 2237581104 763364262 763364262 0 65535 14753 14753 6 6 1 
2237581107 2237581107 763364262 763364262 0 65535 30210 30210 6 6 4 
2237581111 2237581111 1239812465 1239812465 0 65535 1521 1521 6 6 4 
4252358144 4252358144 3121826250 3121826250 0 65535 1724 1724 6 6 1 
4252358166 4252358166 1239812465 1239812465 0 65535 1704 1704 6 6 0 
4252358380 4252358380 1239812465 1239812465 0 65535 1490 1490 6 6 4 
4252358347 4252358347 3121826250 3121826250 0 65535 1708 1708 6 6 1 
4252358272 4252358272 1239812465 1239812465 0 65535 135 135 6 6 4 
4252358298 4252358298 1239812465 1239812465 0 65535 1706 1706 6 6 2 
4273498342 4273498342 1239812465 1239812465 0 65535 1706 1706 6 6 4 
4273498361 4273498361 1239812465 1239812465 0 65535 6849 6849 6 6 3 
4273498354 4273498354 1239812465 1239812465 0 65535 6789 6789 6 6 3 
4273498354 4273498354 1239812465 1239812465 0 65535 20 20 6 6 1 
4184910295 4184910295 1239812465 1239812465 0 65535 2026 2026 6 6 2 
4184910224 4184910224 3121826250 3121826250 0 65535 2121 2121 6 6 0 
4184910254 4184910254 4061927675 4061927675 0 65535 1521 1521 6 6 2 
4184910252 4184910252 1239812465 1239812465 0 65535 1600 1600 6 6 1 
4184910252 4184910252 1239812465 1239812465 0 65535 30899 30899 6 6 2 
4215622639 4215622639 1239812465 1239812465 0 65535 6849 6849 6 6 2 
4215622608 4215622608 3121826250 3121826250 0 65535 1717 1717 6 6 4 
4215622610 4215622610 1239812465 1239812465 0 65535 1711 1711 6 6 3 
4215622612 4215622612 1239812465 1239812465 0 65535 1733 1733 6 6 4 
4215622408 4215622408 1239812465 1239812465 0 65535 6000 6000 6 6 3 
4215622400 4215622400 1239812465 1239812465 0 65535 5540 5540 6 6 0 
4215622420 4215622420 4215622711 4215622711 0 65535 2115 2115 6 6 2 
4215622418 4215622418 1239812465 1239812465 0 65535 21 21 6 6 3 
4215622430 4215622430 1239812465 1239812465 0 65535 5541 5541 6 6 3 
4083536093 4083536093 4083537400 4083537400 0 65535 1521 1521 6 6 2 
4083536015 4083536015 1239812465 1239812465 0 65535 1717 1717 6 6 3 
4083535882 4083535882 1239812465 1239812465 0 65535 21 21 6 6 0 
4083535921 4083535921 3869195281 3869195281 0 65535 1704 1704 6 6 4 
4083535918 4083535918 1239812465 1239812465 0 65535 20 20 6 6 4 
4044295835 4044295835 1239812465 1239812465 0 65535 1221 1221 6 6 0 
4044295844 4044295844 1239812465 1239812465 0 65535 2051 2051 6 6 4 
4044295840 4044295840 1239812465 1239812465 0 65535 5555 5555 6 6 2 
4044295861 4044295861 1239812465 1239812465 0 65535 1707 1707 6 6 3 
4044295729 4044295729 1239812465 1239812465 0 65535 14753 14753 6 6 1 
4044295727 4044295727 1239812465 1239812465 0 65535 1521 1521 6 6 3 
4044295717 4044295717 3121826250 3121826250 0 65535 1711 1711 6 6 3 
4044295719 4044295719 1239812465 1239812465 0 65535 1490 1490 6 6 2 
4044295687 4044295687 4044295006 4044295006 0 65535 1521 1521 6 6 2 
4044295706 4044295706 1239812465 1239812465 0 65535 1706 1706 6 6 1 
4044295696 4044295696 1239812465 1239812465 0 65535 1521 1521 6 6 4 
4117166370 4117166370 1239812465 1239812465 0 65535 1733 1733 6 6 3 
4117166343 4117166343 1239812465 1239812465 0 65535 1521 1521 6 6 3 
4117166350 4117166350 1239812465 1239812465 0 65535 1734 1734 6 6 0 
4132525428 4132525428 1229540333 1229540333 0 65535 1712 1712 6 6 0 
4132525415 4132525415 1229540333 1229540333 0 65535 1715 1715 6 6 3 
4132525557 4132525557 1229540333 1229540333 0 65535 1734 1734 6 6 0 
4132525559 4132525559 1229540333 1229540333 0 65535 1734 1734 6 6 1 
4132525548 4132525548 4132524413 4132524413 0 65535 2121 2121 6 6 1 
3907593891 3907593891 1229540333 1229540333 0 65535 1221 1221 6 6 4 
3907593883 3907593883 1229540333 1229540333 0 65535 1521 1521 6 6 3 
3907593873 3907593873 1229540333 1229540333 0 65535 1706 1706 6 6 0 
3956363062 3956363062 1229540333 1229540333 0 65535 1521 1521 6 6 4 
3956363059 3956363059 3828033245 3828033245 0 65535 20 20 6 6 4 
3956363059 3956363059 1229540333 1229540333 0 65535 1521 1521 6 6 3 
3956363054 3956363054 1229540333 1229540333 0 65535 1489 1489 6 6 0 
3956363054 3956363054 1229540333 1229540333 0 65535 80 80 6 6 4 
3956363054 3956363054 1229540333 1229540333 0 65535 30899 30899 6 6 3 
3956363011 3956363011 3121826250 3121826250 0 65535 30210 30210 6 6 1 
3956363020 3956363020 1229540333 1229540333 0 65535 1521 1521 6 6 0 
3956363019 3956363019 1229540333 1229540333 0 65535 20 20 6 6 3 
3956363019 3956363019 1229540333 1229540333 0 65535 2121 2121 6 6 3 
3996049598 3996049598 3121826250 3121826250 0 65535 1521 1521 6 6 3 
3996049478 3996049478 3121826250 3121826250 0 65535 5540 5540 6 6 2 
3996049494 3996049494 1229540333 1229540333 0 65535 21 21 6 6 0 
3967948317 3967948317 1229971258 1229971258 0 65535 14753 14753 6 6 4 
3967948311 3967948311 1229971258 1229971258 0 65535 1712 1712 6 6 3 
3967948308 3967948308 1229971258 1229971258 0 65535 5541 5541 6 6 4 
3967948289 3967948289 1229971258 1229971258 0 65535 6790 6790 6 6 2 
3967948291 3967948291 1229971258 1229971258 0 65535 1433 1433 6 6 2 
3967948341 3967948341 1229971258 1229971258 0 65535 1521 1521 6 6 0 
3967948341 3967948341 1229971258 1229971258 0 65535 1712 1712 6 6 2 
3967948323 3967948323 1229971258 1229971258 0 65535 5540 5540 6 6 2 
3967948335 3967948335 3121826250 3121826250 0 65535 32200 32200 6 6 0 
3847303989 3847303989 1229971249 1229971249 0 65535 1711 1711 6 6 0 
3847304011 3847304011 1229971249 1229971249 0 65535 1221 1221 6 6 1 
3847304011 3847304011 3121826250 3121826250 0 65535 1521 1521 6 6 1 
3847304011 3847304011 1229971249 1229971249 0 65535 1521 1521 6 6 0 
3847304011 3847304011 1229971249 1229971249 0 65535 1705 1705 6 6 1 
3847304011 3847304011 1229971249 1229971249 0 65535 6790 6790 6 6 3 
3879328554 3879328554 1229971249 1229971249 0 65535 1526 1526 6 6 4 
3879328584 3879328584 1229971249 1229971249 0 65535 1433 1433 6 6 4 
3879328614 3879328614 3121826250 3121826250 0 65535 1521 1521 6 6 1 
3879328630 3879328630 3121826250 3121826250 0 65535 21 21 6 6 1 
3879328694 3879328694 1229971249 1229971249 0 65535 1221 1221 6 6 2 
3879328724 3879328724 1229971210 1229971210 0 65535 1490 1490 6 6 2 
3879328743 3879328743 1229971210 1229971210 0 65535 1708 1708 6 6 0 
3879328740 3879328740 1229971210 1229971210 0 65535 1521 1521 6 6 0 
3879328747 3879328747 1229971210 1229971210 0 65535 5541 5541 6 6 3 
3777217192 3777217192 1229971210 1229971210 0 65535 1521 1521 6 6 3 
3777217210 3777217210 1229971210 1229971210 0 65535 6789 6789 6 6 2 
3777217168 3777217168 1229971210 1229971210 0 65535 1704 1704 6 6 1 
3777217172 3777217172 1229971210 1229971210 0 65535 30899 30899 6 6 4 
3777217061 3777217061 3121826250 3121826250 0 65535 1521 1521 6 6 3 
3777217061 3777217061 1229971210 1229971210 0 65535 1525 1525 6 6 4 
3777217025 3777217025 1229971210 1229971210 0 65535 1433 1433 6 6 4 
3811015490 3811015490 1229971210 1229971210 0 65535 1706 1706 6 6 2 
3811015528 3811015528 3121826250 3121826250 0 65535 1521 1521 6 6 4 
3811015542 3811015542 1229971210 1229971210 0 65535 1711 1711 6 6 4 
3811015666 3811015666 1229971210 1229971210 0 65535 1521 1521 6 6 3 
3811015604 3811015604 1229971210 1229971210 0 65535 5555 5555 6 6 3 
3811015567 3811015567 1229971210 1229971210 0 65535 1521 1521 6 6 4 
3811015564 3811015564 1229971210 1229971210 0 65535 1521 1521 6 6 2 
3407298054 3407298054 1229971210 1229971210 0 65535 1712 1712 6 6 2 
3407298129 3407298129 1229971210 1229971210 0 65535 2121 2121 6 6 1 
3407298115 3407298115 3121826250 3121826250 0 65535 1433 1433 6 6 1 
3407298126 3407298126 1229971210 1229971210 0 65535 1521 1521 6 6 0 
3407298163 3407298163 3407297475 3407297475 0 65535 1221 1221 6 6 0 
3407298163 3407298163 1229971210 1229971210 0 65535 14753 14753 6 6 3 
3386639531 3386639531 1229971210 1229971210 0 65535 1717 1717 6 6 4 
3386639564 3386639564 1229971210 1229971210 0 65535 1706 1706 6 6 1 
3473570498 3473570498 1229971210 1229971210 0 65535 1704 1704 6 6 4 
3473570495 3473570495 1229971210 1229971210 0 65535 1433 1433 6 6 4 
3473570440 3473570440 3121826250 3121826250 0 65535 21 21 6 6 4 
3473570417 3473570417 3121826250 3121826250 0 65535 21 21 6 6 0 
3473570430 3473570430 1229971210 1229971210 0 65535 1221 1221 6 6 2 
3473570401 3473570401 1229971210 1229971210 0 65535 30899 30899 6 6 2 
3473570384 3473570384 1229971210 1229971210 0 65535 21 21 6 6 4 
3473570372 3473570372 1229971210 1229971210 0 65535 512 512 6 6 4 
3442720838 3442720838 1229971210 1229971210 0 65535 1526 1526 6 6 1 
3442720874 3442720874 1229971210 1229971210 0 65535 1521 1521 6 6 1 
3442720912 3442720912 1229971210 1229971210 0 65535 6000 6000 6 6 1 
3442720954 3442720954 1229971210 1229971210 0 65535 5540 5540 6 6 3 
3442720928 3442720928 1229971210 1229971210 0 65535 1521 1521 6 6 4 
3442720934 3442720934 1229971210 1229971210 0 65535 1221 1221 6 6 3 
3442720932 3442720932 1229971210 1229971210 0 65535 1733 1733 6 6 1 
3442720932 3442720932 1229971210 1229971210 0 65535 14753 14753 6 6 2 
3442720936 3442720936 1229971210 1229971210 0 65535 1717 1717 6 6 4 
3271855423 3271855423 1229971210 1229971210 0 65535 1521 1521 6 6 1 
3271855427 3271855427 3121826250 3121826250 0 65535 1433 1433 6 6 2 
3271855480 3271855480 1229971210 1229971210 0 65535 5540 5540 6 6 3 
3271855602 3271855602 1229971210 1229971210 0 65535 5541 5541 6 6 0 
3271855563 3271855563 1254059327 1254059327 0 65535 1521 1521 6 6 3 
3271855563 3271855563 1254059327 1254059327 0 65535 1708 1708 6 6 3 
3239847521 3239847521 1254059326 1254059326 0 65535 1521 1521 6 6 3 
3239847516 3239847516 1254059326 1254059326 0 65535 15121 15121 6 6 3 
3239847519 3239847519 1254059326 1254059326 0 65535 443 443 6 6 1 
3239847519 3239847519 1254059326 1254059326 0 65535 135 135 6 6 3 
3239847512 3239847512 1254059326 1254059326 0 65535 30210 30210 6 6 0 
3239847515 3239847515 1254059326 1254059326 0 65535 1526 1526 6 6 4 
3299938223 3299938223 1254059326 1254059326 0 65535 1705 1705 6 6 2 
3299938212 3299938212 1254059326 1254059326 0 65535 1526 1526 6 6 2 
3299938065 3299938065 1254059326 1254059326 0 65535 5541 5541 6 6 1 
3299938137 3299938137 1253270095 1253270095 0 65535 1221 1221 6 6 3 
3299938164 3299938164 3121826250 3121826250 0 65535 5540 5540 6 6 3 
3299938147 3299938147 1253270095 1253270095 0 65535 14753 14753 6 6 1 
3299938154 3299938154 1253270095 1253270095 0 65535 5540 5540 6 6 3 
3352683832 3352683832 1253270095 1253270095 0 65535 1521 1521 6 6 1 
3352683791 3352683791 3352682875 3352682875 0 65535 1221 1221 6 6 4 
3352683947 3352683947 1253270095 1253270095 0 65535 5632 5632 6 6 1 
3352683980 3352683980 1253270095 1253270095 0 65535 1724 1724 6 6 4 
3352683976 3352683976 1253270095 1253270095 0 65535 14753 14753 6 6 4 
3352684002 3352684002 1253270095 1253270095 0 65535 1708 1708 6 6 1 
3352684007 3352684007 1253270095 1253270095 0 65535 1526 1526 6 6 3 
3352684028 3352684028 1253270095 1253270095 0 65535 1525 1525 6 6 0 
3588128666 3588128666 1253270095 1253270095 0 65535 14753 14753 6 6 1 
3588128648 3588128648 3121826250 3121826250 0 65535 6889 6889 6 6 0 
3588128560 3588128560 3588127164 3588127164 0 65535 6789 6789 6 6 3 
3588128560 3588128560 1253270095 1253270095 0 65535 1521 1521 6 6 3 
3596557396 3596557396 3121826250 3121826250 0 65535 1707 1707 6 6 3 
3596557369 3596557369 1253270095 1253270095 0 65535 1717 1717 6 6 1 
3596557527 3596557527 1253270095 1253270095 0 65535 1601 1601 6 6 2 
3596557510 3596557510 1253270095 1253270095 0 65535 1521 1521 6 6 3 
3596557507 3596557507 1253270095 1253270095 0 65535 1717 1717 6 6 4 
3596557513 3596557513 1253270095 1253270095 0 65535 31000 31000 6 6 2 
3596557501 3596557501 3596557027 3596557027 0 65535 1711 1711 6 6 1 
3596557501 3596557501 1253270095 1253270095 0 65535 5540 5540 6 6 2 
3596557466 3596557466 1253270095 1253270095 0 65535 1521 1521 6 6 4 
3522218141 3522218141 1253270095 1253270095 0 65535 5540 5540 6 6 3 
3522218044 3522218044 1253270095 1253270095 0 65535 21 21 6 6 4 
3522218009 3522218009 1253270095 1253270095 0 65535 20 20 6 6 1 
3522217992 3522217992 3121826250 3121826250 0 65535 1433 1433 6 6 3 
3522218098 3522218098 3121826250 3121826250 0 65535 1712 1712 6 6 1 
3522218098 3522218098 1253270095 1253270095 0 65535 1704 1704 6 6 2 
3522218098 3522218098 1253270095 1253270095 0 65535 1711 1711 6 6 2 
3552781973 3552781973 1253270095 1253270095 0 65535 1221 1221 6 6 1 
3552782052 3552782052 1253270095 1253270095 0 65535 1706 1706 6 6 1 
3552782052 3552782052 1253270095 1253270095 0 65535 1717 1717 6 6 1 
3552781932 3552781932 1242776369 1242776369 0 65535 6889 6889 6 6 2 
3725821151 3725821151 1247569117 1247569117 0 65535 1521 1521 6 6 4 
3725821141 3725821141 1247569101 1247569101 0 65535 5632 5632 6 6 4 
3725821141 3725821141 1247569101 1247569101 0 65535 1704 1704 6 6 0 
3725821178 3725821178 3121826250 3121826250 0 65535 1521 1521 6 6 4 
3725821176 3725821176 1247569101 1247569101 0 65535 1489 1489 6 6 3 
3725821171 3725821171 1247569101 1247569101 0 65535 20 20 6 6 2 
3725821165 3725821165 1247291814 1247291814 0 65535 5540 5540 6 6 1 
3716283405 3716283405 3121826250 3121826250 0 65535 2308 2308 6 6 0 
3716283556 3716283556 1247291807 1247291807 0 65535 30804 30804 6 6 1 
3716283620 3716283620 1247291807 1247291807 0 65535 1521 1521 6 6 3 
3716283640 3716283640 1247291807 1247291807 0 65535 1526 1526 6 6 2 
3716283637 3716283637 1247291807 1247291807 0 65535 1526 1526 6 6 1 
3716283587 3716283587 1247291807 1247291807 0 65535 14753 14753 6 6 4 
3716283599 3716283599 1247291807 1247291807 0 65535 1521 1521 6 6 2 
3627948861 3627948861 3121826250 3121826250 0 65535 1705 1705 6 6 2 
3627948878 3627948878 1247291807 1247291807 0 65535 6000 6000 6 6 0 
3627948864 3627948864 1247291807 1247291807 0 65535 30804 30804 6 6 3 
3627948864 3627948864 3627949918 3627949918 0 65535 7205 7205 6 6 1 
3627948871 3627948871 3703345215 3703345215 0 65535 65500 65500 6 6 3 
3627948871 3627948871 1248372191 1248372191 0 65535 2115 2115 6 6 1 
3627948871 3627948871 3121826250 3121826250 0 65535 1521 1521 6 6 1 
3627948871 3627948871 1248372191 1248372191 0 65535 1712 1712 6 6 0 
3688454591 3688454591 1248372191 1248372191 0 65535 1521 1521 6 6 1 
3688454585 3688454585 3688455302 3688455302 0 65535 30210 30210 6 6 0 
3688454566 3688454566 1248372191 1248372191 0 65535 2110 2110 6 6 3 
3688454566 3688454566 1248372191 1248372191 0 65535 1724 1724 6 6 3 
3688454562 3688454562 3121826250 3121826250 0 65535 20 20 6 6 2 
3688454560 3688454560 1248372191 1248372191 0 65535 5541 5541 6 6 3 
3688454538 3688454538 1248372191 1248372191 0 65535 1489 1489 6 6 1 
1366195351 1366195351 4187042563 4187042563 0 65535 1521 1521 6 6 2 
1366195347 1366195347 4187042563 4187042563 0 65535 1521 1521 6 6 0 
1366195345 1366195345 4187042563 4187042563 0 65535 1550 1550 6 6 0 
1366195358 1366195358 4187042563 4187042563 0 65535 5555 5555 6 6 3 
1366195354 1366195354 4187042563 4187042563 0 65535 1712 1712 6 6 0 
1366195354 1366195354 4187042563 4187042563 0 65535 1715 1715 6 6 2 
1366195328 1366195328 4187042563 4187042563 0 65535 1433 1433 6 6 2 
1366195328 1366195328 4187042563 4187042563 0 65535 6000 6000 6 6 2 
1366195339 1366195339 4187042563 4187042563 0 65535 5632 5632 6 6 1 
1366195339 1366195339 4187042563 4187042563 0 65535 1525 1525 6 6 4 
1366195338 1366195338 4187042563 4187042563 0 65535 1717 1717 6 6 0 
1366195338 1366195338 4187042563 4187042563 0 65535 1706 1706 6 6 3 
1366195338 1366195338 1248372191 1248372191 0 65535 1526 1526 6 6 3 
1366195338 1366195338 4187042563 4187042563 0 65535 6000 6000 6 6 1 
1366195298 1366195298 4187042563 4187042563 0 65535 6888 6888 6 6 3 
1366195307 1366195307 4187042563 4187042563 0 65535 4646 4646 6 6 3 
1366195309 1366195309 4187042563 4187042563 0 65535 6000 6000 6 6 2 
1366195309 1366195309 4187042563 4187042563 0 65535 5555 5555 6 6 2 
1366195252 1366195252 4187042563 4187042563 0 65535 2308 2308 6 6 2 
1366195247 1366195247 4187042563 4187042563 0 65535 1521 1521 6 6 0 
1366195238 1366195238 4187042563 4187042563 0 65535 1221 1221 6 6 2 
1366195209 1366195209 4187042563 4187042563 0 65535 14753 14753 6 6 0 
1366195207 1366195207 4187042563 4187042563 0 65535 135 135 6 6 2 
1366195203 1366195203 4187042563 4187042563 0 65535 1521 1521 6 6 3 
1366195221 1366195221 4187042563 4187042563 0 65535 1521 1521 6 6 4 
1366195223 1366195223 763364262 763364262 0 65535 1705 1705 6 6 1 
1366195217 1366195217 763364262 763364262 0 65535 1521 1521 6 6 1 
1366195217 1366195217 4187042563 4187042563 0 65535 2115 2115 6 6 3 
1366195219 1366195219 4187042563 4187042563 0 65535 1521 1521 6 6 3 
1384246538 1384246538 4186838418 4186838418 0 65535 1526 1526 6 6 1 
1384246539 1384246539 4186838418 4186838418 0 65535 1521 1521 6 6 1 
1384246554 1384246554 4186838418 4186838418 0 65535 1521 1521 6 6 2 
1384246558 1384246558 4186838418 4186838418 0 65535 1717 1717 6 6 0 
1384246577 1384246577 4186838418 4186838418 0 65535 5540 5540 6 6 3 
1384246583 1384246583 4186838418 4186838418 0 65535 1521 1521 6 6 1 
1384246575 1384246575 4186838418 4186838418 0 65535 55444 55444 6 6 2 
1384246562 1384246562 4186838418 4186838418 0 65535 1705 1705 6 6 2 
1384246723 1384246723 4186838418 4186838418 0 65535 5555 5555 17 17 0 
1384246732 1384246732 4186838418 4186838418 0 65535 1521 1521 6 6 2 
1384246747 1384246747 4186838418 4186838418 0 65535 1525 1525 6 6 2 
1384246748 1384246748 4186838418 4186838418 0 65535 1521 1521 6 6 2 
1384246760 1384246760 4186838418 4186838418 0 65535 14753 14753 17 17 2 
1384246760 1384246760 4186838418 4186838418 0 65535 6790 6790 6 6 3 
1384246760 1384246760 4186838418 4186838418 0 65535 1733 1733 6 6 2 
1384246705 1384246705 4186838418 4186838418 0 65535 1221 1221 6 6 2 
1384246704 1384246704 4186838418 4186838418 0 65535 1521 1521 6 6 3 
1384246716 1384246716 4186838418 4186838418 0 65535 2121 2121 6 6 0 
1384246719 1384246719 4186838418 4186838418 0 65535 1489 1489 6 6 2 
1384246719 1384246719 4186838418 4186838418 0 65535 1221 1221 6 6 3 
1384246719 1384246719 4186838418 4186838418 0 65535 5631 5631 6 6 2 
1384246658 1384246658 4186838418 4186838418 0 65535 27400 27400 6 6 3 
1384246660 1384246660 4186838418 4186838418 0 65535 1433 1433 6 6 0 
1384246662 1384246662 4186838418 4186838418 0 65535 32200 32200 6 6 3 
1384246671 1384246671 4186838418 4186838418 0 65535 2121 2121 6 6 4 
1384246667 1384246667 4186838418 4186838418 0 65535 1705 1705 6 6 2 
1384246686 1384246686 4186838418 4186838418 0 65535 27000 27000 6 6 4 
1384246675 1384246675 1248372191 1248372191 0 65535 1708 1708 17 17 3 
1384246675 1384246675 4186838418 4186838418 0 65535 1711 1711 6 6 0 
1384246675 1384246675 4186838418 4186838418 0 65535 5540 5540 6 6 2 
1384246676 1384246676 4186838418 4186838418 0 65535 1521 1521 6 6 1 
1473283911 1473283911 4186838418 4186838418 0 65535 1712 1712 6 6 1 
1473283905 1473283905 763364262 763364262 0 65535 5631 5631 6 6 4 
1473283918 1473283918 763364262 763364262 0 65535 6890 6890 6 6 1 
1473283932 1473283932 4186838418 4186838418 0 65535 1433 1433 6 6 1 
1473283929 1473283929 4186838418 4186838418 0 65535 1521 1521 6 6 4 
1473283966 1473283966 4186838418 4186838418 0 65535 14753 14753 6 6 3 
1473283961 1473283961 4186838418 4186838418 0 65535 1712 1712 6 6 1 
1473283954 1473283954 4186838418 4186838418 0 65535 1734 1734 6 6 2 
1473283944 1473283944 4186838418 4186838418 0 65535 80 80 6 6 1 
1473283946 1473283946 4186838418 4186838418 0 65535 1521 1521 6 6 2 
1473283941 1473283941 4186838418 4186838418 0 65535 1707 1707 6 6 1 
1473283896 1473283896 4186838418 4186838418 0 65535 1711 1711 6 6 3 
1473283899 1473283899 4186838418 4186838418 0 65535 1489 1489 6 6 3 
1473283893 1473283893 4186838418 4186838418 0 65535 1706 1706 6 6 4 
1473283891 1473283891 4186838418 4186838418 0 65535 1221 1221 6 6 3 
1473283883 1473283883 4186838418 4186838418 0 65535 1526 1526 6 6 1 
1473283882 1473283882 4186838418 4186838418 0 65535 1521 1521 6 6 1 
1473283885 1473283885 4186838418 4186838418 0 65535 1521 1521 6 6 2 
1473283876 1473283876 4186838418 4186838418 0 65535 6889 6889 6 6 1 
1473283873 1473283873 763364262 763364262 0 65535 14753 14753 6 6 3 
1473283855 1473283855 4186838418 4186838418 0 65535 5541 5541 6 6 0 
1473283842 1473283842 4186838418 4186838418 0 65535 1489 1489 6 6 4 
1473283842 1473283842 4186838418 4186838418 0 65535 1601 1601 6 6 2 
1473283840 1473283840 4186838418 4186838418 0 65535 14753 14753 6 6 1 
1473283840 1473283840 4186838418 4186838418 0 65535 1521 1521 6 6 4 
1473283862 1473283862 4186838418 4186838418 0 65535 6790 6790 6 6 1 
1473283862 1473283862 763364262 763364262 0 65535 1521 1521 6 6 1 
1473283856 1473283856 4186838418 4186838418 0 65535 1526 1526 6 6 4 
1473283856 1473283856 763364262 763364262 0 65535 12050 12050 6 6 3 
1473283859 1473283859 763364262 763364262 0 65535 1708 1708 6 6 4 
1473283859 1473283859 4186838418 4186838418 0 65535 5541 5541 6 6 4 
1473283859 1473283859 4188318590 4188318590 0 65535 15121 15121 6 6 4 
1422041384 1422041384 4188318590 4188318590 0 65535 1705 1705 6 6 1 
1422041403 1422041403 4188318590 4188318590 0 65535 1525 1525 6 6 3 
1422041407 1422041407 4188318590 4188318590 0 65535 1521 1521 6 6 3 
1422041358 1422041358 4188318590 4188318590 0 65535 7205 7205 6 6 1 
1422041366 1422041366 4188318590 4188318590 0 65535 1526 1526 6 6 1 
1422041362 1422041362 4188318590 4188318590 0 65535 1521 1521 6 6 0 
1422041426 1422041426 4188318584 4188318584 0 65535 5631 5631 6 6 4 
1422041426 1422041426 4188318584 4188318584 0 65535 2110 2110 6 6 3 
1422041438 1422041438 4188318584 4188318584 0 65535 2121 2121 6 6 2 
1422041436 1422041436 763364262 763364262 0 65535 1433 1433 6 6 0 
1422041435 1422041435 4188318584 4188318584 0 65535 1221 1221 6 6 2 
1422041433 1422041433 763364262 763364262 0 65535 14753 14753 6 6 1 
1422041413 1422041413 763364262 763364262 0 65535 1712 1712 6 6 0 
1422041413 1422041413 4188318584 4188318584 0 65535 6000 6000 6 6 4 
1422041410 1422041410 1248372191 1248372191 0 65535 5540 5540 6 6 0 
1422041417 1422041417 4188318584 4188318584 0 65535 1521 1521 6 6 2 
1422041417 1422041417 4188318584 4188318584 0 65535 21 21 6 6 3 
0 4294967295 0 4294967295 0 65535 0 65535 0 255 4 
