1422041419 1422041419 4188318584 4188318584 0 65535 1526 1526 6 6 1 
1422041419 1422041419 4188318584 4188318584 0 65535 1707 1707 6 6 0 
1422041457 1422041457 4188318584 4188318584 0 65535 5555 5555 6 6 2 
1422041462 1422041462 4188318584 4188318584 0 65535 1521 1521 6 6 1 
1422041462 1422041462 4188318584 4188318584 0 65535 1525 1525 6 6 4 
1422041469 1422041469 4188278264 4188278264 0 65535 1433 1433 6 6 3 
1422041469 1422041469 4188278264 4188278264 0 65535 12050 12050 6 6 3 
1422041468 1422041468 4188278264 4188278264 0 65535 1526 1526 6 6 0 
1422041466 1422041466 763364262 763364262 0 65535 1704 1704 6 6 1 
1422041466 1422041466 4188278264 4188278264 0 65535 21 21 6 6 1 
1422041466 1422041466 4188278264 4188278264 0 65535 1717 1717 6 6 2 
1422041453 1422041453 4188278264 4188278264 0 65535 1521 1521 6 6 0 
1422041453 1422041453 4188278264 4188278264 0 65535 1711 1711 6 6 1 
1422041452 1422041452 4188278264 4188278264 0 65535 1711 1711 6 6 1 
1422041452 1422041452 4188278264 4188278264 0 65535 1525 1525 6 6 1 
1422041452 1422041452 1248372191 1248372191 0 65535 30211 30211 6 6 3 
1422041452 1422041452 4188278264 4188278264 0 65535 7205 7205 6 6 2 
1559014988 1559014988 1248372191 1248372191 0 65535 21 21 6 6 0 
1559014984 1559014984 4188278264 4188278264 0 65535 1521 1521 6 6 4 
1559015001 1559015001 763364262 763364262 0 65535 1704 1704 6 6 1 
1559015001 1559015001 4188278264 4188278264 0 65535 6000 6000 6 6 3 
1559015022 1559015022 1248372191 1248372191 0 65535 1717 1717 6 6 1 
1559015012 1559015012 4188278264 4188278264 0 65535 5631 5631 6 6 0 
1559015010 1559015010 4188278264 4188278264 0 65535 1433 1433 6 6 3 
1559015024 1559015024 4188278264 4188278264 0 65535 1521 1521 6 6 0 
1559015038 1559015038 763364262 763364262 0 65535 55444 55444 6 6 3 
1559015033 1559015033 4188278264 4188278264 0 65535 5541 5541 6 6 3 
1559014966 1559014966 1248372191 1248372191 0 65535 1540 1540 6 6 0 
1559014963 1559014963 763364262 763364262 0 65535 1521 1521 6 6 2 
1559014963 1559014963 4188278264 4188278264 0 65535 1521 1521 6 6 2 
1559014971 1559014971 4188278264 4188278264 0 65535 1717 1717 6 6 0 
1559014971 1559014971 4188278264 4188278264 0 65535 1521 1521 6 6 1 
1559014957 1559014957 4188278264 4188278264 0 65535 21 21 6 6 3 
1559014952 1559014952 4188278264 4188278264 0 65535 1705 1705 6 6 1 
1559014950 1559014950 1248372191 1248372191 0 65535 1525 1525 6 6 1 
1559014950 1559014950 4188278264 4188278264 0 65535 1221 1221 6 6 0 
1559014951 1559014951 4188278264 4188278264 0 65535 1734 1734 6 6 4 
1559014946 1559014946 4188278264 4188278264 0 65535 21 21 6 6 4 
1559014946 1559014946 4188278264 4188278264 0 65535 6000 6000 6 6 2 
1559014929 1559014929 4188278264 4188278264 0 65535 1221 1221 6 6 3 
1559014929 1559014929 4188278264 4188278264 0 65535 1525 1525 6 6 2 
1559014929 1559014929 1248372191 1248372191 0 65535 1650 1650 6 6 3 
1559014929 1559014929 1248372191 1248372191 0 65535 1521 1521 6 6 3 
1559014931 1559014931 4188278264 4188278264 0 65535 1221 1221 6 6 4 
1559014931 1559014931 4188278264 4188278264 0 65535 1724 1724 6 6 0 
1559014930 1559014930 4188278264 4188278264 0 65535 5632 5632 6 6 0 
1559014926 1559014926 4188278264 4188278264 0 65535 1708 1708 6 6 3 
1559014926 1559014926 763364262 763364262 0 65535 5555 5555 6 6 1 
1559014921 1559014921 4188278265 4188278265 0 65535 1521 1521 6 6 2 
1559014922 1559014922 4188278265 4188278265 0 65535 1526 1526 6 6 3 
1559014923 1559014923 4188278265 4188278265 0 65535 1521 1521 6 6 0 
1610325431 1610325431 4188278265 4188278265 0 65535 1521 1521 6 6 3 
1610325428 1610325428 4188278265 4188278265 0 65535 1706 1706 6 6 4 
1610325427 1610325427 763364262 763364262 0 65535 1706 1706 17 17 2 
1610325432 1610325432 763364262 763364262 0 65535 1521 1521 6 6 3 
1610325432 1610325432 4188278265 4188278265 0 65535 65500 65500 6 6 0 
1610325435 1610325435 763364262 763364262 0 65535 1706 1706 6 6 4 
1610325436 1610325436 4188278265 4188278265 0 65535 1521 1521 6 6 1 
1610325422 1610325422 1248372191 1248372191 0 65535 1525 1525 6 6 2 
1610325411 1610325411 1248372191 1248372191 0 65535 1490 1490 6 6 3 
1610325411 1610325411 4188278265 4188278265 0 65535 1724 1724 6 6 1 
1610325411 1610325411 4188278265 4188278265 0 65535 1707 1707 6 6 2 
1610325412 1610325412 4188278265 4188278265 0 65535 1526 1526 6 6 0 
1610325412 1610325412 4188278265 4188278265 0 65535 6000 6000 6 6 1 
1610325412 1610325412 4188278265 4188278265 0 65535 1734 1734 6 6 4 
1610325398 1610325398 4188278265 4188278265 0 65535 1707 1707 6 6 2 
1610325398 1610325398 4188278265 4188278265 0 65535 1521 1521 6 6 0 
1610325397 1610325397 763364262 763364262 0 65535 5555 5555 6 6 3 
1610325397 1610325397 763364262 763364262 0 65535 1712 1712 6 6 0 
1610325394 1610325394 1248372191 1248372191 0 65535 1711 1711 6 6 0 
1610325394 1610325394 4188278265 4188278265 0 65535 1708 1708 6 6 4 
1610325381 1610325381 1248372191 1248372191 0 65535 1521 1521 6 6 1 
1610325381 1610325381 4188278265 4188278265 0 65535 21 21 6 6 3 
1610325381 1610325381 4188278265 4188278265 0 65535 1433 1433 6 6 2 
1610325381 1610325381 4188278265 4188278265 0 65535 1221 1221 6 6 3 
1610325383 1610325383 4188278265 4188278265 0 65535 1521 1521 6 6 4 
1610325383 1610325383 763364262 763364262 0 65535 1712 1712 6 6 2 
1610325382 1610325382 4188278265 4188278265 0 65535 6790 6790 6 6 3 
1610325382 1610325382 4188278265 4188278265 0 65535 1526 1526 6 6 0 
1610325382 1610325382 1248372191 1248372191 0 65535 19856 19856 6 6 0 
1610325376 1610325376 4188278265 4188278265 0 65535 1706 1706 6 6 3 
1610325376 1610325376 4188278265 4188278265 0 65535 1704 1704 6 6 1 
1610325376 1610325376 4188278265 4188278265 0 65535 21 21 6 6 1 
1610325376 1610325376 763364262 763364262 0 65535 1525 1525 6 6 4 
1610325376 1610325376 4188278265 4188278265 0 65535 1526 1526 6 6 1 
1610325376 1610325376 4188278265 4188278265 0 65535 1221 1221 6 6 2 
1610325376 1610325376 4188278265 4188278265 0 65535 1724 1724 6 6 2 
1610325376 1610325376 763364262 763364262 0 65535 1521 1521 6 6 4 
1541965147 1541965147 763364262 763364262 0 65535 1526 1526 6 6 4 
1541965122 1541965122 4188278265 4188278265 0 65535 1711 1711 6 6 1 
1541965166 1541965166 1248372191 1248372191 0 65535 1734 1734 6 6 1 
1541965099 1541965099 4188278265 4188278265 0 65535 14753 14753 6 6 3 
1541965092 1541965092 4188278265 4188278265 0 65535 1490 1490 6 6 2 
1541965090 1541965090 4188278265 4188278265 0 65535 21 21 6 6 4 
1541965074 1541965074 4188278265 4188278265 0 65535 1521 1521 6 6 0 
1541965080 1541965080 4188278265 4188278265 0 65535 1704 1704 6 6 2 
1541965080 1541965080 4188278265 4188278265 0 65535 1521 1521 6 6 4 
1541965086 1541965086 4188278265 4188278265 0 65535 5555 5555 17 17 1 
1541965245 1541965245 4188278265 4188278265 0 65535 1733 1733 6 6 4 
1541965220 1541965220 4188278265 4188278265 0 65535 1724 1724 6 6 0 
1541965218 1541965218 4188278265 4188278265 0 65535 3031 3031 6 6 3 
1541965195 1541965195 4188278265 4188278265 0 65535 1717 1717 6 6 4 
1541965196 1541965196 4188278265 4188278265 0 65535 27000 27000 6 6 1 
1541965303 1541965303 4188278265 4188278265 0 65535 135 135 6 6 0 
1541965300 1541965300 1248372191 1248372191 0 65535 1715 1715 6 6 1 
1541965299 1541965299 4188278265 4188278265 0 65535 5632 5632 6 6 2 
1541965311 1541965311 1248372191 1248372191 0 65535 1708 1708 6 6 2 
1541965293 1541965293 4188278265 4188278265 0 65535 1717 1717 6 6 1 
1541965282 1541965282 763364262 763364262 0 65535 1433 1433 6 6 1 
1541965286 1541965286 4188278265 4188278265 0 65535 2121 2121 17 17 4 
1541965260 1541965260 1248372191 1248372191 0 65535 15121 15121 6 6 3 
1541965261 1541965261 4188278265 4188278265 0 65535 6000 6000 6 6 3 
1541965261 1541965261 4188278265 4188278265 0 65535 1521 1521 6 6 4 
1541965273 1541965273 4188278265 4188278265 0 65535 1526 1526 6 6 2 
1541965271 1541965271 4188278265 4188278265 0 65535 30210 30210 6 6 3 
1541965270 1541965270 4188278265 4188278265 0 65535 5540 5540 6 6 0 
1541965266 1541965266 4188278265 4188278265 0 65535 1526 1526 6 6 0 
1541965266 1541965266 4188278265 4188278265 0 65535 1433 1433 6 6 4 
1496756681 1496756681 4188278265 4188278265 0 65535 1706 1706 6 6 1 
1496756733 1496756733 763364262 763364262 0 65535 5631 5631 6 6 4 
1496756731 1496756731 1248372191 1248372191 0 65535 1525 1525 6 6 0 
1496756718 1496756718 4188278043 4188278043 0 65535 14753 14753 6 6 2 
1496756705 1496756705 4188278043 4188278043 0 65535 1521 1521 6 6 3 
1496756706 1496756706 1248372191 1248372191 0 65535 65500 65500 6 6 0 
1496756708 1496756708 4188278043 4188278043 0 65535 5631 5631 6 6 0 
1496756610 1496756610 4188278043 4188278043 0 65535 1433 1433 6 6 2 
1496756610 1496756610 763364262 763364262 0 65535 1724 1724 6 6 4 
1496756615 1496756615 4188278043 4188278043 0 65535 1705 1705 6 6 4 
1496756615 1496756615 4188278043 4188278043 0 65535 20 20 6 6 3 
1496756615 1496756615 763364262 763364262 0 65535 1704 1704 6 6 3 
1496756623 1496756623 4188278043 4188278043 0 65535 1711 1711 6 6 1 
1496756623 1496756623 763364262 763364262 0 65535 443 443 6 6 2 
1496756623 1496756623 4188278043 4188278043 0 65535 21 21 6 6 0 
1496756623 1496756623 4188278043 4188278043 0 65535 30211 30211 6 6 2 
1496756623 1496756623 4188278043 4188278043 0 65535 5540 5540 6 6 4 
1496756623 1496756623 1248372191 1248372191 0 65535 1705 1705 6 6 2 
1496756623 1496756623 4188278043 4188278043 0 65535 1521 1521 6 6 1 
1496756618 1496756618 4188278043 4188278043 0 65535 135 135 6 6 1 
1496756618 1496756618 4188278043 4188278043 0 65535 1433 1433 6 6 1 
1496756618 1496756618 4188278043 4188278043 0 65535 1711 1711 6 6 4 
1496756618 1496756618 1248372191 1248372191 0 65535 135 135 6 6 2 
1496756618 1496756618 4188278043 4188278043 0 65535 5540 5540 6 6 4 
1496756618 1496756618 1248372191 1248372191 0 65535 5541 5541 6 6 3 
1496756618 1496756618 4188278043 4188278043 0 65535 1717 1717 6 6 2 
1496756618 1496756618 4188278043 4188278043 0 65535 1712 1712 6 6 3 
1496756618 1496756618 4188278043 4188278043 0 65535 1525 1525 6 6 1 
1121866869 1121866869 4188278043 4188278043 0 65535 1705 1705 6 6 2 
1121866865 1121866865 1248372191 1248372191 0 65535 7205 7205 6 6 4 
1121866865 1121866865 4188278043 4188278043 0 65535 5541 5541 6 6 4 
1121866867 1121866867 4188278043 4188278043 0 65535 5541 5541 6 6 4 
1121866851 1121866851 4188278043 4188278043 0 65535 14753 14753 6 6 3 
1121866851 1121866851 4188278043 4188278043 0 65535 1717 1717 6 6 0 
1121866848 1121866848 763364262 763364262 0 65535 1526 1526 6 6 1 
1121866852 1121866852 4188278043 4188278043 0 65535 1712 1712 6 6 1 
1121866863 1121866863 4188278043 4188278043 0 65535 6889 6889 6 6 2 
1121866863 1121866863 4188278043 4188278043 0 65535 14753 14753 6 6 0 
1121866863 1121866863 763364262 763364262 0 65535 1734 1734 6 6 3 
1121866863 1121866863 1248372191 1248372191 0 65535 1521 1521 6 6 4 
1121866860 1121866860 4188278043 4188278043 0 65535 135 135 6 6 1 
1121866860 1121866860 4188278043 4188278043 0 65535 1221 1221 6 6 1 
1121866860 1121866860 4188278043 4188278043 0 65535 1521 1521 6 6 0 
1121866836 1121866836 4188278043 4188278043 0 65535 1724 1724 6 6 3 
1121866838 1121866838 4188278043 4188278043 0 65535 1526 1526 6 6 3 
1121866832 1121866832 763364262 763364262 0 65535 1706 1706 6 6 3 
1121866832 1121866832 1248372191 1248372191 0 65535 5555 5555 6 6 4 
1121866842 1121866842 4188278043 4188278043 0 65535 27400 27400 6 6 2 
1121866843 1121866843 1248372191 1248372191 0 65535 1521 1521 6 6 2 
1121866847 1121866847 1248372191 1248372191 0 65535 5540 5540 6 6 2 
1121866824 1121866824 4188278043 4188278043 0 65535 1521 1521 6 6 1 
1121866824 1121866824 4188278043 4188278043 0 65535 6000 6000 6 6 2 
1121866828 1121866828 4188278043 4188278043 0 65535 1489 1489 6 6 3 
1121866828 1121866828 4188278043 4188278043 0 65535 5555 5555 6 6 3 
1121866823 1121866823 4188278043 4188278043 0 65535 1489 1489 6 6 4 
1121866823 1121866823 763364262 763364262 0 65535 1521 1521 6 6 4 
1121866822 1121866822 4188278043 4188278043 0 65535 1715 1715 6 6 4 
1121866816 1121866816 4188278043 4188278043 0 65535 31000 31000 6 6 1 
1121866816 1121866816 1248372191 1248372191 0 65535 1221 1221 6 6 4 
1121866816 1121866816 4188278043 4188278043 0 65535 19856 19856 6 6 1 
1121866816 1121866816 1248372191 1248372191 0 65535 1521 1521 6 6 2 
1077786179 1077786179 4188278043 4188278043 0 65535 1706 1706 6 6 4 
1077786191 1077786191 763364262 763364262 0 65535 1526 1526 6 6 4 
1077786238 1077786238 4188278043 4188278043 0 65535 1525 1525 6 6 4 
1077786238 1077786238 4188278043 4188278043 0 65535 5555 5555 6 6 1 
1077786231 1077786231 4188278043 4188278043 0 65535 512 512 6 6 2 
1077786227 1077786227 4188278043 4188278043 0 65535 5631 5631 6 6 0 
1077786210 1077786210 4188278043 4188278043 0 65535 1525 1525 6 6 2 
1077786218 1077786218 763364262 763364262 0 65535 1521 1521 6 6 0 
1077786281 1077786281 1248372191 1248372191 0 65535 1521 1521 6 6 3 
1077786280 1077786280 4188278043 4188278043 0 65535 1708 1708 6 6 3 
1077786284 1077786284 4188278043 4188278043 0 65535 1521 1521 6 6 1 
1077786286 1077786286 4188278043 4188278043 0 65535 1708 1708 6 6 1 
1077786278 1077786278 4188278043 4188278043 0 65535 1705 1705 6 6 0 
1077786278 1077786278 4188278043 4188278043 0 65535 1717 1717 6 6 0 
1077786278 1077786278 4188278043 4188278043 0 65535 135 135 6 6 2 
1077786278 1077786278 4188278043 4188278043 0 65535 443 443 6 6 4 
1077786278 1077786278 763364262 763364262 0 65535 1490 1490 6 6 1 
1077786278 1077786278 4188278043 4188278043 0 65535 1526 1526 6 6 1 
1077786303 1077786303 4188278043 4188278043 0 65535 6888 6888 6 6 3 
1077786303 1077786303 4188278043 4188278043 0 65535 1526 1526 6 6 3 
1077786303 1077786303 4188278043 4188278043 0 65535 5555 5555 6 6 1 
1077786303 1077786303 4188278043 4188278043 0 65535 1712 1712 6 6 0 
1077786303 1077786303 4188278043 4188278043 0 65535 1704 1704 6 6 4 
1077786303 1077786303 4188278043 4188278043 0 65535 3031 3031 6 6 4 
1077786303 1077786303 763364262 763364262 0 65535 1433 1433 6 6 2 
1077786303 1077786303 4188278043 4188278043 0 65535 1221 1221 6 6 2 
1077786303 1077786303 4188278043 4188278043 0 65535 1708 1708 6 6 0 
1077786303 1077786303 4188278043 4188278043 0 65535 31000 31000 6 6 1 
1077786303 1077786303 1248372191 1248372191 0 65535 5631 5631 6 6 3 
1077786303 1077786303 4188278043 4188278043 0 65535 1706 1706 6 6 4 
1077786303 1077786303 1248372191 1248372191 0 65535 1521 1521 6 6 1 
1077786303 1077786303 4188278043 4188278043 0 65535 5631 5631 6 6 0 
1077786303 1077786303 4188278043 4188278043 0 65535 1707 1707 6 6 4 
1077786303 1077786303 1248372191 1248372191 0 65535 1724 1724 6 6 2 
1077786303 1077786303 4188278043 4188278043 0 65535 1525 1525 17 17 2 
1200131301 1200131301 4188278043 4188278043 0 65535 14753 14753 6 6 1 
1200131301 1200131301 4188278043 4188278043 0 65535 2121 2121 6 6 0 
1200131303 1200131303 4188278043 4188278043 0 65535 1521 1521 6 6 4 
1200131322 1200131322 4188278043 4188278043 0 65535 1711 1711 6 6 2 
1200131326 1200131326 4188278043 4188278043 0 65535 1521 1521 6 6 4 
1200131312 1200131312 4188278043 4188278043 0 65535 6789 6789 6 6 1 
1200131312 1200131312 763364262 763364262 0 65535 80 80 6 6 4 
1200131312 1200131312 4188278043 4188278043 0 65535 6000 6000 6 6 3 
1200131313 1200131313 4188278043 4188278043 0 65535 1521 1521 6 6 3 
1200131313 1200131313 4188278043 4188278043 0 65535 1708 1708 6 6 2 
1200131313 1200131313 763364262 763364262 0 65535 1521 1521 6 6 2 
1200131274 1200131274 4188278043 4188278043 0 65535 20 20 6 6 0 
1200131267 1200131267 763364262 763364262 0 65535 1221 1221 6 6 2 
1200131265 1200131265 763364262 763364262 0 65535 14753 14753 6 6 0 
1200131270 1200131270 763364262 763364262 0 65535 1525 1525 6 6 2 
1200131270 1200131270 1248372191 1248372191 0 65535 5555 5555 6 6 1 
1200131294 1200131294 4188278043 4188278043 0 65535 5540 5540 6 6 2 
1200131295 1200131295 4188278043 4188278043 0 65535 5540 5540 6 6 2 
1200131288 1200131288 4188278043 4188278043 0 65535 27000 27000 6 6 1 
1200131291 1200131291 763364262 763364262 0 65535 1489 1489 6 6 4 
1200131281 1200131281 1248372191 1248372191 0 65535 30804 30804 6 6 3 
1200131281 1200131281 4188278043 4188278043 0 65535 1352 1352 6 6 3 
1200131286 1200131286 1248372191 1248372191 0 65535 1704 1704 6 6 1 
1200131286 1200131286 4188278043 4188278043 0 65535 1707 1707 6 6 3 
1200131286 1200131286 4188278043 4188278043 0 65535 19856 19856 6 6 2 
1157681088 1157681088 1248372191 1248372191 0 65535 5541 5541 6 6 2 
1157681088 1157681088 4188278043 4188278043 0 65535 1221 1221 17 17 3 
1157681094 1157681094 763364262 763364262 0 65535 1521 1521 6 6 3 
1157681107 1157681107 4188278043 4188278043 0 65535 14753 14753 6 6 0 
1157681110 1157681110 4188278043 4188278043 0 65535 21 21 6 6 3 
1157681141 1157681141 763364262 763364262 0 65535 21 21 6 6 4 
1157681149 1157681149 4188278043 4188278043 0 65535 1433 1433 6 6 2 
1157681131 1157681131 4188278043 4188278043 0 65535 5541 5541 6 6 2 
1157681053 1157681053 1248372191 1248372191 0 65535 1734 1734 6 6 3 
1157681045 1157681045 4188278043 4188278043 0 65535 5632 5632 6 6 3 
1157681042 1157681042 4188278043 4188278043 0 65535 2051 2051 6 6 0 
1157681042 1157681042 1248372191 1248372191 0 65535 1521 1521 6 6 1 
1157681036 1157681036 4188278043 4188278043 0 65535 1526 1526 6 6 2 
1157681036 1157681036 4188278043 4188278043 0 65535 1708 1708 6 6 2 
1157681039 1157681039 1248372191 1248372191 0 65535 5555 5555 6 6 0 
1157681024 1157681024 763364262 763364262 0 65535 1521 1521 6 6 2 
1157681031 1157681031 4188278043 4188278043 0 65535 1221 1221 6 6 1 
1157681031 1157681031 763364262 763364262 0 65535 1600 1600 6 6 1 
1157681059 1157681059 763364262 763364262 0 65535 6000 6000 6 6 4 
1157681059 1157681059 4188278043 4188278043 0 65535 1715 1715 6 6 2 
1157681060 1157681060 4188278043 4188278043 0 65535 30899 30899 6 6 2 
1157681061 1157681061 4188278043 4188278043 0 65535 1221 1221 6 6 0 
1157681080 1157681080 4188278043 4188278043 0 65535 1706 1706 6 6 0 
1157681080 1157681080 4188278043 4188278043 0 65535 1521 1521 6 6 1 
1157681080 1157681080 4188278043 4188278043 0 65535 1707 1707 6 6 1 
1157681080 1157681080 1248372191 1248372191 0 65535 1724 1724 6 6 2 
1157681079 1157681079 763364262 763364262 0 65535 1433 1433 6 6 2 
1157681077 1157681077 4188278043 4188278043 0 65535 1521 1521 6 6 0 
1157681077 1157681077 4188278043 4188278043 0 65535 1352 1352 17 17 3 
1157681074 1157681074 763364262 763364262 0 65535 1706 1706 6 6 4 
1157681072 1157681072 1248372191 1248372191 0 65535 1521 1521 6 6 2 
1313650703 1313650703 4188278043 4188278043 0 65535 1717 1717 6 6 3 
1313650805 1313650805 4188278043 4188278043 0 65535 135 135 6 6 2 
1313650805 1313650805 4188278043 4188278043 0 65535 32201 32201 6 6 4 
1313650805 1313650805 4188278043 4188278043 0 65535 20 20 6 6 3 
1313650771 1313650771 1248372191 1248372191 0 65535 2026 2026 6 6 3 
1313650781 1313650781 4188278043 4188278043 0 65535 1717 1717 6 6 0 
1313650781 1313650781 4188278043 4188278043 0 65535 1521 1521 6 6 1 
1313650777 1313650777 4188278043 4188278043 0 65535 1711 1711 6 6 3 
1313650779 1313650779 4188278043 4188278043 0 65535 1526 1526 6 6 0 
1313650869 1313650869 4188278043 4188278043 0 65535 1521 1521 6 6 0 
1313650851 1313650851 4188278043 4188278043 0 65535 1221 1221 6 6 2 
1313650861 1313650861 4188278043 4188278043 0 65535 20 20 6 6 2 
1313650909 1313650909 1248372191 1248372191 0 65535 1704 1704 6 6 3 
1313650909 1313650909 4188278043 4188278043 0 65535 2121 2121 6 6 1 
1313650898 1313650898 763364262 763364262 0 65535 14753 14753 6 6 0 
1313650896 1313650896 763364262 763364262 0 65535 32200 32200 6 6 2 
1313650896 1313650896 4188278043 4188278043 0 65535 1521 1521 6 6 2 
1313650900 1313650900 4188278043 4188278043 0 65535 1521 1521 6 6 2 
1313650901 1313650901 4188278043 4188278043 0 65535 1711 1711 6 6 2 
1313650903 1313650903 4188278043 4188278043 0 65535 1489 1489 6 6 4 
1313650941 1313650941 4188278043 4188278043 0 65535 1433 1433 6 6 0 
1313650925 1313650925 763364262 763364262 0 65535 1711 1711 6 6 1 
1313650913 1313650913 4188278043 4188278043 0 65535 6849 6849 6 6 2 
1313650918 1313650918 4188278043 4188278043 0 65535 1521 1521 6 6 2 
1313650918 1313650918 763364262 763364262 0 65535 1712 1712 6 6 4 
1313650918 1313650918 4188278043 4188278043 0 65535 80 80 6 6 1 
1276537857 1276537857 4188278043 4188278043 0 65535 1521 1521 6 6 3 
1276537955 1276537955 4188278043 4188278043 0 65535 1712 1712 6 6 3 
1276537955 1276537955 4188278043 4188278043 0 65535 1704 1704 6 6 3 
1276537955 1276537955 4188278043 4188278043 0 65535 6790 6790 6 6 4 
1276537921 1276537921 4188278043 4188278043 0 65535 1521 1521 6 6 3 
1276537927 1276537927 763364262 763364262 0 65535 1521 1521 6 6 4 
1276537935 1276537935 763364262 763364262 0 65535 27000 27000 6 6 4 
1276537930 1276537930 4188278043 4188278043 0 65535 27400 27400 6 6 3 
1276537939 1276537939 4188278043 4188278043 0 65535 443 443 6 6 2 
1276537950 1276537950 4188278043 4188278043 0 65535 1521 1521 6 6 3 
1276537944 1276537944 1248372191 1248372191 0 65535 1521 1521 6 6 1 
1276538063 1276538063 4188278043 4188278043 0 65535 1708 1708 6 6 4 
1276538063 1276538063 4188278043 4188278043 0 65535 1521 1521 6 6 2 
1276538057 1276538057 4183625353 4183625353 0 65535 31000 31000 6 6 4 
1276538055 1276538055 4183625353 4183625353 0 65535 12050 12050 6 6 0 
1276538049 1276538049 4183625353 4183625353 0 65535 5555 5555 6 6 0 
1276538050 1276538050 1248372191 1248372191 0 65535 1707 1707 6 6 3 
1276538079 1276538079 4183625353 4183625353 0 65535 1521 1521 6 6 2 
1276538076 1276538076 4183625353 4183625353 0 65535 1715 1715 6 6 0 
1276538075 1276538075 763364262 763364262 0 65535 1489 1489 6 6 0 
1276538071 1276538071 4183625353 4183625353 0 65535 1521 1521 6 6 3 
1276538069 1276538069 4183625353 4183625353 0 65535 1521 1521 6 6 1 
1276538064 1276538064 4183625353 4183625353 0 65535 27400 27400 6 6 4 
1276538110 1276538110 4183625353 4183625353 0 65535 1489 1489 6 6 1 
1276538105 1276538105 4183625353 4183625353 0 65535 6890 6890 6 6 3 
1276538104 1276538104 4183625353 4183625353 0 65535 1711 1711 6 6 4 
1276538100 1276538100 4183625353 4183625353 0 65535 30804 30804 6 6 0 
1276538100 1276538100 4183625353 4183625353 0 65535 135 135 6 6 4 
1276538083 1276538083 4183625353 4183625353 0 65535 1733 1733 6 6 3 
1276538083 1276538083 4183796243 4183796243 0 65535 5541 5541 6 6 2 
1276538084 1276538084 763364262 763364262 0 65535 1733 1733 6 6 1 
1276538084 1276538084 1248372191 1248372191 0 65535 1706 1706 6 6 0 
1276538087 1276538087 4183796243 4183796243 0 65535 5541 5541 6 6 4 
1276538087 1276538087 4183796243 4183796243 0 65535 1525 1525 6 6 1 
1276538090 1276538090 763364262 763364262 0 65535 3031 3031 6 6 4 
1276538090 1276538090 763364262 763364262 0 65535 1707 1707 6 6 3 
1237127553 1237127553 763364262 763364262 0 65535 1526 1526 6 6 3 
1237127577 1237127577 4183796243 4183796243 0 65535 1521 1521 6 6 2 
1237127582 1237127582 763364262 763364262 0 65535 1712 1712 6 6 2 
1237127612 1237127612 4183796243 4183796243 0 65535 21 21 6 6 2 
1237127604 1237127604 4183796243 4183796243 0 65535 14753 14753 6 6 3 
1237127603 1237127603 4183730623 4183730623 0 65535 135 135 6 6 2 
1237127659 1237127659 763364262 763364262 0 65535 1433 1433 6 6 4 
1237127654 1237127654 4183730623 4183730623 0 65535 1706 1706 6 6 2 
1237127653 1237127653 4183730623 4183730623 0 65535 14753 14753 6 6 0 
1237127676 1237127676 4183730623 4183730623 0 65535 1526 1526 6 6 1 
1237127672 1237127672 4183730623 4183730623 0 65535 1707 1707 6 6 1 
1237127665 1237127665 763364262 763364262 0 65535 1705 1705 6 6 4 
1237127665 1237127665 763364262 763364262 0 65535 1704 1704 6 6 1 
1237127671 1237127671 4183730623 4183730623 0 65535 1490 1490 6 6 2 
1237127629 1237127629 4183730623 4183730623 0 65535 1521 1521 6 6 0 
1237127630 1237127630 4183730623 4183730623 0 65535 19856 19856 6 6 1 
1237127631 1237127631 4183730623 4183730623 0 65535 1708 1708 6 6 4 
1237127618 1237127618 4183730623 4183730623 0 65535 1221 1221 6 6 1 
1237127618 1237127618 1248372191 1248372191 0 65535 1733 1733 6 6 2 
1237127645 1237127645 4183730623 4183730623 0 65535 1521 1521 6 6 1 
1237127644 1237127644 1248372191 1248372191 0 65535 1526 1526 6 6 3 
1237127640 1237127640 4183730623 4183730623 0 65535 1707 1707 6 6 0 
1237127640 1237127640 4183730623 4183730623 0 65535 30210 30210 6 6 0 
1237127640 1237127640 4183730623 4183730623 0 65535 7205 7205 6 6 1 
1237127640 1237127640 763364262 763364262 0 65535 1521 1521 6 6 0 
1237127640 1237127640 4183730623 4183730623 0 65535 1708 1708 6 6 2 
1262260316 1262260316 4183730623 4183730623 0 65535 1521 1521 6 6 1 
1262260304 1262260304 4183730623 4183730623 0 65535 135 135 6 6 4 
1262260304 1262260304 1248372191 1248372191 0 65535 1521 1521 6 6 0 
1262260297 1262260297 4183730623 4183730623 0 65535 1521 1521 6 6 3 
1262260296 1262260296 4183730623 4183730623 0 65535 6000 6000 6 6 2 
1262260333 1262260333 4183730623 4183730623 0 65535 1433 1433 6 6 3 
1262260334 1262260334 1248372191 1248372191 0 65535 135 135 6 6 0 
1262260329 1262260329 763364262 763364262 0 65535 1712 1712 6 6 1 
1262260329 1262260329 4183730623 4183730623 0 65535 12050 12050 6 6 2 
1262260322 1262260322 4183050311 4183050311 0 65535 6000 6000 6 6 0 
1262260323 1262260323 4183050311 4183050311 0 65535 1221 1221 6 6 4 
1262260323 1262260323 4183050311 4183050311 0 65535 1704 1704 6 6 4 
1262260469 1262260469 763364262 763364262 0 65535 1490 1490 6 6 0 
1262260464 1262260464 4183050311 4183050311 0 65535 14753 14753 6 6 2 
1262260475 1262260475 4183050311 4183050311 0 65535 1432 1432 6 6 3 
1262260451 1262260451 4183050311 4183050311 0 65535 5541 5541 6 6 4 
1262260451 1262260451 4183050311 4183050311 0 65535 1715 1715 6 6 1 
1262260448 1262260448 4183050311 4183050311 0 65535 1711 1711 6 6 3 
1262260457 1262260457 4183050311 4183050311 0 65535 1708 1708 6 6 1 
1262260459 1262260459 1248372191 1248372191 0 65535 1705 1705 17 17 3 
1262260418 1262260418 4183050311 4183050311 0 65535 1433 1433 6 6 1 
1262260418 1262260418 4183050311 4183050311 0 65535 1521 1521 6 6 3 
1262260416 1262260416 4183050311 4183050311 0 65535 1602 1602 6 6 1 
1262260417 1262260417 4183050311 4183050311 0 65535 2121 2121 6 6 4 
1262260417 1262260417 4183050311 4183050311 0 65535 1521 1521 6 6 1 
1262260420 1262260420 4183050311 4183050311 0 65535 135 135 6 6 0 
1262260420 1262260420 4183050311 4183050311 0 65535 20 20 6 6 0 
1262260420 1262260420 4183050311 4183050311 0 65535 2115 2115 6 6 2 
1262260420 1262260420 4183050311 4183050311 0 65535 1711 1711 6 6 0 
1262260420 1262260420 1248372191 1248372191 0 65535 5541 5541 6 6 4 
1262260420 1262260420 763364262 763364262 0 65535 2121 2121 6 6 0 
1262260420 1262260420 4183050311 4183050311 0 65535 1704 1704 6 6 0 
1749816971 1749816971 1248372191 1248372191 0 65535 1724 1724 6 6 0 
1749816972 1749816972 4183050311 4183050311 0 65535 65500 65500 6 6 0 
1749816972 1749816972 4183050311 4183050311 0 65535 6000 6000 6 6 3 
1749816981 1749816981 4183050311 4183050311 0 65535 6000 6000 6 6 4 
1749816981 1749816981 1248372191 1248372191 0 65535 30211 30211 6 6 3 
1749817023 1749817023 4183050311 4183050311 0 65535 20 20 6 6 1 
1749817023 1749817023 1248372191 1248372191 0 65535 6000 6000 6 6 3 
1749817023 1749817023 4183050311 4183050311 0 65535 7205 7205 6 6 1 
1749817019 1749817019 4183050311 4183050311 0 65535 1733 1733 6 6 3 
1749817019 1749817019 4183050311 4183050311 0 65535 1521 1521 6 6 3 
1749817019 1749817019 1248372191 1248372191 0 65535 1521 1521 6 6 4 
1749817014 1749817014 4183050311 4183050311 0 65535 1433 1433 6 6 2 
1749817014 1749817014 4183050311 4183050311 0 65535 1733 1733 6 6 4 
1749817014 1749817014 4183050311 4183050311 0 65535 21 21 6 6 1 
1749817011 1749817011 4183050311 4183050311 0 65535 1433 1433 6 6 3 
1749817010 1749817010 4183050311 4183050311 0 65535 1712 1712 6 6 4 
1749817010 1749817010 4183050311 4183050311 0 65535 1521 1521 6 6 1 
1749817009 1749817009 4183050311 4183050311 0 65535 6790 6790 6 6 4 
1749817009 1749817009 4183050311 4183050311 0 65535 1490 1490 6 6 1 
1749817009 1749817009 4183050311 4183050311 0 65535 1521 1521 6 6 4 
1749817008 1749817008 1248372191 1248372191 0 65535 1521 1521 6 6 1 
1791040533 1791040533 4183050311 4183050311 0 65535 5540 5540 6 6 0 
1791040539 1791040539 4183050311 4183050311 0 65535 1490 1490 6 6 4 
1791040520 1791040520 4183050311 4183050311 0 65535 20 20 6 6 1 
1791040568 1791040568 4183050311 4183050311 0 65535 27000 27000 6 6 2 
1791040599 1791040599 4183050311 4183050311 0 65535 1706 1706 6 6 3 
1791040596 1791040596 4183050311 4183050311 0 65535 1490 1490 6 6 4 
1791040595 1791040595 4183050311 4183050311 0 65535 1708 1708 6 6 4 
1791040602 1791040602 763364262 763364262 0 65535 32201 32201 6 6 3 
1791040602 1791040602 4183050311 4183050311 0 65535 1521 1521 6 6 2 
1791040604 1791040604 4183050311 4183050311 0 65535 135 135 6 6 3 
1791040636 1791040636 4183050311 4183050311 0 65535 14753 14753 6 6 1 
1791040629 1791040629 4183050311 4183050311 0 65535 2110 2110 6 6 4 
1791040624 1791040624 4183050311 4183050311 0 65535 6888 6888 6 6 4 
1791040619 1791040619 4183050311 4183050311 0 65535 1550 1550 6 6 2 
1791040619 1791040619 763364262 763364262 0 65535 1433 1433 6 6 1 
1791040610 1791040610 4183050311 4183050311 0 65535 1433 1433 6 6 3 
1791040650 1791040650 4183050311 4183050311 0 65535 5555 5555 6 6 4 
1791040640 1791040640 763364262 763364262 0 65535 1521 1521 6 6 3 
1791040660 1791040660 4183050311 4183050311 0 65535 21 21 6 6 1 
1791040661 1791040661 4183050311 4183050311 0 65535 1525 1525 6 6 1 
1791040662 1791040662 4183050311 4183050311 0 65535 1352 1352 6 6 1 
1791040740 1791040740 4183050311 4183050311 0 65535 6789 6789 6 6 4 
1791040739 1791040739 4183050311 4183050311 0 65535 5540 5540 6 6 2 
1791040748 1791040748 4183050311 4183050311 0 65535 27400 27400 6 6 2 
1791040748 1791040748 4183050311 4183050311 0 65535 1352 1352 6 6 4 
1791040734 1791040734 4183050311 4183050311 0 65535 1221 1221 6 6 2 
1791040722 1791040722 4183050311 4183050311 0 65535 1521 1521 6 6 0 
1791040722 1791040722 1248372191 1248372191 0 65535 1706 1706 6 6 2 
1791040726 1791040726 4183050311 4183050311 0 65535 1704 1704 6 6 0 
1791040727 1791040727 4183050311 4183050311 0 65535 1521 1521 6 6 4 
1791040716 1791040716 4183050311 4183050311 0 65535 21 21 6 6 4 
1791040711 1791040711 1248372191 1248372191 0 65535 5631 5631 6 6 0 
1791040705 1791040705 4183050311 4183050311 0 65535 5555 5555 6 6 4 
1842913527 1842913527 763364262 763364262 0 65535 1707 1707 6 6 0 
1842913461 1842913461 4183050311 4183050311 0 65535 6789 6789 6 6 1 
1842913441 1842913441 4183050311 4183050311 0 65535 1521 1521 6 6 3 
1842913422 1842913422 763364262 763364262 0 65535 1521 1521 6 6 2 
1842913420 1842913420 4183050311 4183050311 0 65535 1521 1521 6 6 1 
1842913417 1842913417 4183050311 4183050311 0 65535 21 21 6 6 3 
1842913371 1842913371 4183050311 4183050311 0 65535 5540 5540 6 6 1 
1842913351 1842913351 763364262 763364262 0 65535 1521 1521 6 6 1 
1842913359 1842913359 4183050311 4183050311 0 65535 1600 1600 6 6 0 
1842913400 1842913400 4183050311 4183050311 0 65535 6000 6000 6 6 3 
1842913402 1842913402 4183050311 4183050311 0 65535 1526 1526 6 6 2 
1842913338 1842913338 4183050311 4183050311 0 65535 21 21 6 6 1 
1842913343 1842913343 4183050311 4183050311 0 65535 1708 1708 6 6 4 
1842913329 1842913329 4183050311 4183050311 0 65535 5540 5540 6 6 1 
1842913329 1842913329 1248372191 1248372191 0 65535 1525 1525 17 17 1 
1842913329 1842913329 4183050311 4183050311 0 65535 2115 2115 6 6 1 
1842913322 1842913322 4183050311 4183050311 0 65535 21 21 6 6 1 
1842913320 1842913320 4183050311 4183050311 0 65535 1705 1705 6 6 4 
1842913320 1842913320 4183050311 4183050311 0 65535 1521 1521 6 6 3 
1842913327 1842913327 4183050311 4183050311 0 65535 1707 1707 6 6 3 
1842913319 1842913319 4183050311 4183050311 0 65535 6789 6789 6 6 2 
1842913319 1842913319 4183050311 4183050311 0 65535 1489 1489 6 6 1 
1842913319 1842913319 4183050311 4183050311 0 65535 1221 1221 6 6 0 
1842913319 1842913319 4183050311 4183050311 0 65535 5631 5631 6 6 4 
1842913319 1842913319 4183050311 4183050311 0 65535 1708 1708 17 17 0 
1842913319 1842913319 4183050311 4183050311 0 65535 32201 32201 6 6 4 
1842913319 1842913319 4183050311 4183050311 0 65535 2110 2110 6 6 0 
1842913319 1842913319 4183050311 4183050311 0 65535 1526 1526 6 6 3 
1842913319 1842913319 4183050311 4183050311 0 65535 1708 1708 6 6 1 
1849240990 1849240990 4183050311 4183050311 0 65535 5632 5632 6 6 4 
1849240980 1849240980 4183050311 4183050311 0 65535 2121 2121 6 6 0 
1849240982 1849240982 763364262 763364262 0 65535 1521 1521 6 6 1 
1849240975 1849240975 4183050311 4183050311 0 65535 3745 3745 6 6 0 
1849240974 1849240974 4184926172 4184926172 0 65535 5542 5542 6 6 1 
1849240973 1849240973 4184926172 4184926172 0 65535 1521 1521 6 6 4 
1849240973 1849240973 4184926172 4184926172 0 65535 1433 1433 6 6 0 
1849240973 1849240973 4184926172 4184926172 0 65535 135 135 6 6 0 
1849240973 1849240973 4184926172 4184926172 0 65535 1734 1734 6 6 4 
1849240994 1849240994 4184926172 4184926172 0 65535 1724 1724 6 6 3 
1849240993 1849240993 4184926172 4184926172 0 65535 1521 1521 6 6 0 
1849240993 1849240993 4184926172 4184926172 0 65535 1221 1221 6 6 1 
1849240996 1849240996 4184926172 4184926172 0 65535 1489 1489 17 17 2 
1849240996 1849240996 763364262 763364262 0 65535 5632 5632 6 6 3 
1849240997 1849240997 4184926172 4184926172 0 65535 5631 5631 6 6 0 
1849240997 1849240997 4184926172 4184926172 0 65535 6000 6000 6 6 0 
1849240997 1849240997 4184926172 4184926172 0 65535 5632 5632 6 6 1 
1849240997 1849240997 4184926172 4184926172 0 65535 5555 5555 6 6 0 
1849240997 1849240997 4184926172 4184926172 0 65535 1704 1704 6 6 1 
1849241004 1849241004 763364262 763364262 0 65535 1724 1724 6 6 1 
1849241004 1849241004 763364262 763364262 0 65535 1433 1433 6 6 0 
1849241004 1849241004 4184926172 4184926172 0 65535 1433 1433 6 6 4 
1849241004 1849241004 4184926172 4184926172 0 65535 512 512 6 6 3 
1849241004 1849241004 4184926172 4184926172 0 65535 20 20 6 6 2 
1849241004 1849241004 4184926172 4184926172 0 65535 3745 3745 6 6 4 
1849241004 1849241004 4184926172 4184926172 0 65535 2110 2110 6 6 3 
1849241001 1849241001 4184926172 4184926172 0 65535 5631 5631 6 6 2 
1849241001 1849241001 4184926172 4184926172 0 65535 1221 1221 6 6 1 
1849241001 1849241001 4184926172 4184926172 0 65535 30804 30804 6 6 1 
1849241000 1849241000 4184926172 4184926172 0 65535 1734 1734 6 6 0 
1849241000 1849241000 1248372191 1248372191 0 65535 6890 6890 6 6 4 
1849241000 1849241000 4184926172 4184926172 0 65535 1521 1521 6 6 1 
1685630133 1685630133 4184926172 4184926172 0 65535 1489 1489 6 6 0 
1685630133 1685630133 4184926172 4184926172 0 65535 1526 1526 6 6 0 
1685630131 1685630131 4184926172 4184926172 0 65535 1734 1734 6 6 0 
1685630118 1685630118 4184926172 4184926172 0 65535 1526 1526 6 6 1 
1685630150 1685630150 4184926172 4184926172 0 65535 5541 5541 6 6 4 
1685630158 1685630158 1248372191 1248372191 0 65535 1526 1526 6 6 1 
1685630158 1685630158 4184926172 4184926172 0 65535 1521 1521 6 6 3 
1685630155 1685630155 4184926172 4184926172 0 65535 1711 1711 6 6 0 
1685630170 1685630170 1248372191 1248372191 0 65535 21 21 6 6 1 
1685630175 1685630175 763364262 763364262 0 65535 6790 6790 6 6 1 
1685630175 1685630175 4184926172 4184926172 0 65535 27000 27000 6 6 3 
1685630167 1685630167 1248372191 1248372191 0 65535 1526 1526 6 6 1 
1685630204 1685630204 4184926172 4184926172 0 65535 1526 1526 6 6 2 
1685630204 1685630204 4184926172 4184926172 0 65535 1433 1433 6 6 3 
1685630196 1685630196 4184926172 4184926172 0 65535 1521 1521 6 6 0 
1685630192 1685630192 4184926172 4184926172 0 65535 5541 5541 6 6 0 
1685630195 1685630195 4184926172 4184926172 0 65535 1705 1705 6 6 3 
1685630187 1685630187 763364262 763364262 0 65535 1706 1706 6 6 4 
1685630188 1685630188 4184926172 4184926172 0 65535 135 135 6 6 3 
1685630188 1685630188 4184926172 4184926172 0 65535 21 21 6 6 3 
1685630188 1685630188 4184926172 4184926172 0 65535 1705 1705 6 6 0 
1685630188 1685630188 4184926172 4184926172 0 65535 6789 6789 6 6 0 
1685630188 1685630188 763364262 763364262 0 65535 1221 1221 6 6 4 
1724108948 1724108948 4184926172 4184926172 0 65535 21 21 6 6 1 
1724108948 1724108948 1248372191 1248372191 0 65535 5540 5540 6 6 2 
1724108950 1724108950 4184926172 4184926172 0 65535 21 21 6 6 1 
1724108941 1724108941 4184926172 4184926172 0 65535 1704 1704 6 6 4 
1724108932 1724108932 4184926172 4184926172 0 65535 1521 1521 6 6 1 
1724108928 1724108928 763364262 763364262 0 65535 1707 1707 6 6 3 
1724109054 1724109054 4184926172 4184926172 0 65535 1708 1708 6 6 3 
1724109054 1724109054 4184926172 4184926172 0 65535 135 135 6 6 4 
1724109054 1724109054 4184926172 4184926172 0 65535 32200 32200 6 6 1 
1724109054 1724109054 763364262 763364262 0 65535 1521 1521 6 6 4 
1724109054 1724109054 4184926172 4184926172 0 65535 1733 1733 6 6 4 
1724109054 1724109054 4184926172 4184926172 0 65535 1433 1433 6 6 3 
1724109054 1724109054 4184926172 4184926172 0 65535 1712 1712 6 6 4 
1724109054 1724109054 4184926172 4184926172 0 65535 1525 1525 6 6 4 
1724109054 1724109054 4184926172 4184926172 0 65535 443 443 6 6 1 
1724109040 1724109040 4184926172 4184926172 0 65535 1221 1221 6 6 4 
1724109040 1724109040 4184926172 4184926172 0 65535 1601 1601 6 6 3 
1724109040 1724109040 763364262 763364262 0 65535 3745 3745 6 6 4 
1724109043 1724109043 4184926172 4184926172 0 65535 30210 30210 6 6 3 
1724109043 1724109043 1248372191 1248372191 0 65535 6789 6789 6 6 1 
1724109043 1724109043 1248372191 1248372191 0 65535 1521 1521 6 6 3 
1724109043 1724109043 4184926172 4184926172 0 65535 20 20 6 6 1 
1724109044 1724109044 4184926172 4184926172 0 65535 30804 30804 6 6 4 
1724109044 1724109044 4184926172 4184926172 0 65535 1705 1705 6 6 2 
1724109044 1724109044 4184926172 4184926172 0 65535 14753 14753 6 6 2 
1724109044 1724109044 4184926172 4184926172 0 65535 1712 1712 6 6 3 
1724109044 1724109044 4184926172 4184926172 0 65535 135 135 6 6 4 
1724109044 1724109044 4184926172 4184926172 0 65535 1526 1526 6 6 2 
1724109044 1724109044 763364262 763364262 0 65535 1733 1733 6 6 0 
1724109044 1724109044 1248372191 1248372191 0 65535 1352 1352 6 6 4 
1724109044 1724109044 4184926172 4184926172 0 65535 1734 1734 6 6 3 
1724109044 1724109044 4184926172 4184926172 0 65535 1708 1708 6 6 4 
1627587533 1627587533 4184926172 4184926172 0 65535 14753 14753 6 6 2 
1627587523 1627587523 4184926172 4184926172 0 65535 1708 1708 6 6 3 
1627587538 1627587538 4184926172 4184926172 0 65535 1704 1704 6 6 0 
1627587540 1627587540 4184926172 4184926172 0 65535 2026 2026 6 6 1 
1627587540 1627587540 4184926172 4184926172 0 65535 5541 5541 6 6 0 
1627587540 1627587540 4184926172 4184926172 0 65535 1221 1221 6 6 3 
1627587579 1627587579 4184926172 4184926172 0 65535 14753 14753 6 6 2 
1627587571 1627587571 4184926172 4184926172 0 65535 14753 14753 6 6 2 
1627587562 1627587562 1248372191 1248372191 0 65535 1521 1521 6 6 2 
1627587563 1627587563 4184926172 4184926172 0 65535 1521 1521 6 6 1 
1627587380 1627587380 4184926172 4184926172 0 65535 5541 5541 6 6 2 
1627587451 1627587451 4184926172 4184926172 0 65535 3745 3745 6 6 4 
1627587451 1627587451 1248372191 1248372191 0 65535 30899 30899 6 6 3 
1627587451 1627587451 4184926172 4184926172 0 65535 135 135 6 6 3 
1627587451 1627587451 763364262 763364262 0 65535 5540 5540 6 6 0 
1627587451 1627587451 4184926172 4184926172 0 65535 1521 1521 6 6 2 
1627587451 1627587451 763364262 763364262 0 65535 1724 1724 6 6 4 
1627587454 1627587454 4184926172 4184926172 0 65535 1650 1650 6 6 1 
1627587454 1627587454 4184926172 4184926172 0 65535 1433 1433 6 6 4 
1627587454 1627587454 4184926172 4184926172 0 65535 6000 6000 6 6 2 
1627587453 1627587453 4184926172 4184926172 0 65535 21 21 6 6 0 
1627587453 1627587453 4184926172 4184926172 0 65535 135 135 6 6 4 
1627587453 1627587453 4184926172 4184926172 0 65535 1521 1521 6 6 3 
1627587453 1627587453 4184926172 4184926172 0 65535 15121 15121 6 6 2 
1627587453 1627587453 1248372191 1248372191 0 65535 1704 1704 6 6 1 
1627587453 1627587453 4184926172 4184926172 0 65535 1711 1711 6 6 1 
1662528719 1662528719 763364262 763364262 0 65535 1650 1650 6 6 4 
1662528698 1662528698 4184926172 4184926172 0 65535 1433 1433 6 6 1 
1662528703 1662528703 4184926172 4184926172 0 65535 1526 1526 6 6 0 
1662528691 1662528691 4184926172 4184926172 0 65535 19856 19856 6 6 3 
1662528684 1662528684 4184926172 4184926172 0 65535 1490 1490 6 6 1 
1662528682 1662528682 4184926172 4184926172 0 65535 1706 1706 6 6 3 
1662528657 1662528657 4184926172 4184926172 0 65535 6789 6789 6 6 4 
1662528652 1662528652 1248372191 1248372191 0 65535 1433 1433 6 6 4 
1662528648 1662528648 763364262 763364262 0 65535 1521 1521 6 6 4 
1662528648 1662528648 763364262 763364262 0 65535 1490 1490 6 6 0 
1662528619 1662528619 4184926172 4184926172 0 65535 1521 1521 6 6 2 
1662528633 1662528633 4184926172 4184926172 0 65535 1526 1526 6 6 2 
1662528635 1662528635 4184926172 4184926172 0 65535 1711 1711 6 6 3 
1662528624 1662528624 4184926172 4184926172 0 65535 21 21 6 6 0 
1662528627 1662528627 4184926172 4184926172 0 65535 20 20 6 6 0 
1662528523 1662528523 4184926172 4184926172 0 65535 1221 1221 6 6 3 
1662528513 1662528513 4184926172 4184926172 0 65535 6000 6000 6 6 3 
1662528533 1662528533 4184926172 4184926172 0 65535 1711 1711 6 6 4 
1662528543 1662528543 4184926172 4184926172 0 65535 1711 1711 6 6 2 
1662528540 1662528540 4184926172 4184926172 0 65535 1526 1526 6 6 4 
1662528548 1662528548 4184926172 4184926172 0 65535 30899 30899 6 6 3 
1662528548 1662528548 4184926172 4184926172 0 65535 1550 1550 6 6 0 
1662528548 1662528548 1248372191 1248372191 0 65535 2121 2121 6 6 1 
1662528548 1662528548 763364262 763364262 0 65535 1704 1704 6 6 3 
1662528563 1662528563 4184926172 4184926172 0 65535 5541 5541 6 6 0 
1662528566 1662528566 4184926172 4184926172 0 65535 135 135 6 6 3 
1662528566 1662528566 4184926172 4184926172 0 65535 20 20 6 6 0 
1662528568 1662528568 4184926172 4184926172 0 65535 1521 1521 6 6 4 
1662528572 1662528572 4184926172 4184926172 0 65535 14753 14753 6 6 2 
1662528572 1662528572 4184926172 4184926172 0 65535 1221 1221 6 6 1 
1923956413 1923956413 4184926172 4184926172 0 65535 135 135 6 6 2 
1923956413 1923956413 4184926172 4184926172 0 65535 1705 1705 6 6 4 
1923956413 1923956413 1248372191 1248372191 0 65535 1526 1526 6 6 1 
1923956413 1923956413 4184926172 4184926172 0 65535 1525 1525 6 6 1 
1923956403 1923956403 4184926172 4184926172 0 65535 27000 27000 6 6 3 
1923956400 1923956400 1248372191 1248372191 0 65535 1550 1550 6 6 3 
1923956400 1923956400 4184926172 4184926172 0 65535 1526 1526 6 6 1 
1923956407 1923956407 4184926172 4184926172 0 65535 1521 1521 6 6 4 
1923956407 1923956407 4184902592 4184902592 0 65535 1521 1521 6 6 0 
1923956407 1923956407 1248372191 1248372191 0 65535 1705 1705 6 6 3 
1923956407 1923956407 4184902592 4184902592 0 65535 1717 1717 6 6 1 
1923956407 1923956407 4184902592 4184902592 0 65535 1221 1221 6 6 3 
1923956364 1923956364 4184902592 4184902592 0 65535 4646 4646 6 6 1 
1923956364 1923956364 1248372191 1248372191 0 65535 1521 1521 6 6 1 
1923956367 1923956367 4184902592 4184902592 0 65535 1521 1521 6 6 4 
1923956367 1923956367 4184902592 4184902592 0 65535 1724 1724 6 6 4 
1923956354 1923956354 763364262 763364262 0 65535 30804 30804 6 6 2 
1923956354 1923956354 4184902592 4184902592 0 65535 27000 27000 6 6 1 
1923956355 1923956355 4184902592 4184902592 0 65535 5632 5632 6 6 1 
1923956359 1923956359 1248372191 1248372191 0 65535 1221 1221 6 6 2 
1923956359 1923956359 4184902592 4184902592 0 65535 30899 30899 6 6 4 
1923956356 1923956356 4184902592 4184902592 0 65535 5541 5541 6 6 3 
1923956356 1923956356 4184902592 4184902592 0 65535 1708 1708 6 6 0 
1923956379 1923956379 4184902592 4184902592 0 65535 443 443 6 6 3 
1923956378 1923956378 763364262 763364262 0 65535 1526 1526 6 6 4 
1923956382 1923956382 4184902592 4184902592 0 65535 1521 1521 6 6 4 
1923956380 1923956380 1248372191 1248372191 0 65535 1705 1705 6 6 4 
1923956369 1923956369 4184902592 4184902592 0 65535 1526 1526 6 6 0 
1923956369 1923956369 4184902592 4184902592 0 65535 5555 5555 6 6 2 
1923956369 1923956369 763364262 763364262 0 65535 1521 1521 6 6 2 
1923956374 1923956374 4184902592 4184902592 0 65535 1221 1221 6 6 0 
1923956374 1923956374 4184902592 4184902592 0 65535 1715 1715 6 6 1 
1923956372 1923956372 4184902592 4184902592 0 65535 1521 1521 6 6 2 
1923956372 1923956372 4184902592 4184902592 0 65535 1490 1490 6 6 2 
1923956372 1923956372 4184902592 4184902592 0 65535 1707 1707 6 6 3 
1885578620 1885578620 4184902592 4184902592 0 65535 1521 1521 6 6 3 
1885578617 1885578617 4184902592 4184902592 0 65535 1432 1432 6 6 2 
1885578609 1885578609 4184902592 4184902592 0 65535 30211 30211 6 6 4 
1885578574 1885578574 4184902592 4184902592 0 65535 5541 5541 6 6 4 
1885578569 1885578569 763364262 763364262 0 65535 21 21 6 6 1 
1885578569 1885578569 4184902592 4184902592 0 65535 14753 14753 6 6 1 
1885578571 1885578571 4184902592 4184902592 0 65535 6790 6790 6 6 0 
1885578551 1885578551 763364262 763364262 0 65535 1724 1724 6 6 1 
1885578549 1885578549 4184902592 4184902592 0 65535 1521 1521 6 6 2 
1885578549 1885578549 4184902592 4184902592 0 65535 1711 1711 6 6 0 
1885578544 1885578544 4184902592 4184902592 0 65535 1717 1717 6 6 4 
1885578559 1885578559 4184904035 4184904035 0 65535 2121 2121 6 6 0 
1885578559 1885578559 4184904035 4184904035 0 65535 14753 14753 6 6 1 
1885578558 1885578558 4184904035 4184904035 0 65535 1221 1221 6 6 2 
1885578558 1885578558 1248372191 1248372191 0 65535 6790 6790 6 6 4 
1885578555 1885578555 4184904035 4184904035 0 65535 1724 1724 6 6 0 
1885578555 1885578555 4184904035 4184904035 0 65535 1706 1706 6 6 3 
1885578507 1885578507 1248372191 1248372191 0 65535 1711 1711 6 6 4 
1885578504 1885578504 4184904035 4184904035 0 65535 1708 1708 6 6 3 
1885578504 1885578504 1248372191 1248372191 0 65535 1221 1221 6 6 1 
1885578511 1885578511 4184904035 4184904035 0 65535 1525 1525 6 6 4 
1885578511 1885578511 4184904035 4184904035 0 65535 512 512 6 6 1 
1885578518 1885578518 4184904035 4184904035 0 65535 1521 1521 6 6 4 
1885578518 1885578518 4184904035 4184904035 0 65535 1221 1221 6 6 4 
1885578518 1885578518 4184904035 4184904035 0 65535 1521 1521 17 17 2 
1885578518 1885578518 763364262 763364262 0 65535 1433 1433 6 6 1 
1885578518 1885578518 763364262 763364262 0 65535 7205 7205 6 6 2 
1885578518 1885578518 4184904035 4184904035 0 65535 2115 2115 6 6 0 
1885578518 1885578518 763364262 763364262 0 65535 1712 1712 6 6 2 
2011277235 2011277235 4184904035 4184904035 0 65535 5540 5540 6 6 1 
2011277219 2011277219 1248372191 1248372191 0 65535 1711 1711 6 6 2 
2011277229 2011277229 4184904035 4184904035 0 65535 6789 6789 6 6 3 
2011277214 2011277214 4184904035 4184904035 0 65535 1712 1712 6 6 1 
2011277212 2011277212 4184904035 4184904035 0 65535 6000 6000 6 6 4 
2011277206 2011277206 4184904035 4184904035 0 65535 1490 1490 6 6 4 
2011277190 2011277190 4184904035 4184904035 0 65535 1221 1221 6 6 1 
2011277190 2011277190 1248372191 1248372191 0 65535 1724 1724 6 6 4 
2011277140 2011277140 4184904035 4184904035 0 65535 1550 1550 6 6 2 
2011277145 2011277145 4184904035 4184904035 0 65535 6889 6889 6 6 4 
2011277131 2011277131 4184904035 4184904035 0 65535 5631 5631 6 6 3 
2011277062 2011277062 4184904035 4184904035 0 65535 2121 2121 6 6 0 
2011277056 2011277056 4184904035 4184904035 0 65535 1489 1489 6 6 2 
2011277056 2011277056 4184904035 4184904035 0 65535 1600 1600 6 6 0 
2011277056 2011277056 4184904035 4184904035 0 65535 31000 31000 6 6 3 
2011277056 2011277056 763364262 763364262 0 65535 1221 1221 6 6 1 
2011277056 2011277056 4184904035 4184904035 0 65535 1521 1521 6 6 1 
2011277089 2011277089 4184904035 4184904035 0 65535 1433 1433 6 6 4 
2011277092 2011277092 4184904035 4184904035 0 65535 1734 1734 6 6 4 
2011277113 2011277113 4184904035 4184904035 0 65535 1221 1221 6 6 2 
2011277119 2011277119 4184904035 4184904035 0 65535 1526 1526 6 6 0 
2011277119 2011277119 4184904035 4184904035 0 65535 1521 1521 6 6 4 
2011277117 2011277117 4184904035 4184904035 0 65535 14753 14753 6 6 4 
2011277106 2011277106 763364262 763364262 0 65535 1526 1526 6 6 4 
2011277106 2011277106 763364262 763364262 0 65535 1432 1432 6 6 1 
2011277108 2011277108 1248372191 1248372191 0 65535 2308 2308 6 6 2 
1962008223 1962008223 4184904035 4184904035 0 65535 1602 1602 6 6 2 
1962008198 1962008198 1248372191 1248372191 0 65535 1521 1521 6 6 3 
1962008242 1962008242 1248372191 1248372191 0 65535 20 20 6 6 3 
1962008244 1962008244 4184904035 4184904035 0 65535 1711 1711 6 6 4 
1962008281 1962008281 1248372191 1248372191 0 65535 1521 1521 6 6 4 
1962008281 1962008281 4184904035 4184904035 0 65535 1489 1489 6 6 3 
1962008281 1962008281 4184904035 4184904035 0 65535 1708 1708 6 6 4 
1962008281 1962008281 4184904035 4184904035 0 65535 5555 5555 6 6 0 
1962008281 1962008281 4184904035 4184904035 0 65535 1521 1521 6 6 2 
1962008287 1962008287 4184904035 4184904035 0 65535 1733 1733 6 6 0 
1962008287 1962008287 1248372191 1248372191 0 65535 6000 6000 6 6 0 
1962008287 1962008287 4184904035 4184904035 0 65535 1526 1526 6 6 3 
1962008287 1962008287 763364262 763364262 0 65535 5631 5631 6 6 3 
1962008295 1962008295 4184904035 4184904035 0 65535 14753 14753 6 6 1 
1962008295 1962008295 4184904035 4184904035 0 65535 5632 5632 6 6 1 
1962008290 1962008290 4184904035 4184904035 0 65535 30804 30804 6 6 3 
1962008290 1962008290 1248372191 1248372191 0 65535 6790 6790 6 6 0 
1962008308 1962008308 4184904035 4184904035 0 65535 1521 1521 6 6 4 
1962008308 1962008308 4184904035 4184904035 0 65535 1490 1490 6 6 1 
1962008308 1962008308 4184904035 4184904035 0 65535 1525 1525 6 6 3 
1962008308 1962008308 4184904035 4184904035 0 65535 14753 14753 6 6 3 
1962008306 1962008306 4184904035 4184904035 0 65535 135 135 6 6 0 
1962008306 1962008306 4184904035 4184904035 0 65535 1489 1489 6 6 1 
1962008306 1962008306 4184904035 4184904035 0 65535 1525 1525 6 6 0 
1962008313 1962008313 4184904035 4184904035 0 65535 1521 1521 6 6 1 
1962008313 1962008313 1248372191 1248372191 0 65535 1489 1489 6 6 4 
1962008314 1962008314 4184904035 4184904035 0 65535 1525 1525 6 6 1 
1962008314 1962008314 4184904035 4184904035 0 65535 1433 1433 6 6 3 
1962008314 1962008314 4184904035 4184904035 0 65535 1521 1521 6 6 4 
1962008314 1962008314 1248372191 1248372191 0 65535 1521 1521 6 6 3 
2015152314 2015152314 4184904035 4184904035 0 65535 1521 1521 6 6 1 
2015152307 2015152307 4184904035 4184904035 0 65535 30210 30210 6 6 0 
2015152304 2015152304 4184904035 4184904035 0 65535 1600 1600 6 6 3 
2015152283 2015152283 4184904035 4184904035 0 65535 1706 1706 6 6 0 
2015152283 2015152283 763364262 763364262 0 65535 14753 14753 6 6 0 
2015152281 2015152281 1248372191 1248372191 0 65535 1705 1705 6 6 2 
2015152263 2015152263 4184904035 4184904035 0 65535 1712 1712 6 6 1 
2015152370 2015152370 4184904035 4184904035 0 65535 1521 1521 6 6 0 
2015152370 2015152370 4184904035 4184904035 0 65535 5540 5540 6 6 4 
2015152370 2015152370 4184904035 4184904035 0 65535 5541 5541 6 6 4 
2015152370 2015152370 4184904035 4184904035 0 65535 135 135 6 6 2 
2015152361 2015152361 1248372191 1248372191 0 65535 1733 1733 6 6 3 
2015152359 2015152359 4184904035 4184904035 0 65535 1712 1712 6 6 0 
2015152357 2015152357 4184904035 4184904035 0 65535 1526 1526 6 6 0 
2015152357 2015152357 4184904035 4184904035 0 65535 1521 1521 6 6 2 
2015152320 2015152320 4184904035 4184904035 0 65535 15121 15121 6 6 3 
2015152322 2015152322 4184904035 4184904035 0 65535 14753 14753 6 6 0 
2015152325 2015152325 763364262 763364262 0 65535 1717 1717 6 6 2 
2015152331 2015152331 4184911075 4184911075 0 65535 5540 5540 6 6 1 
2015152332 2015152332 4184911075 4184911075 0 65535 1711 1711 6 6 1 
2015152333 2015152333 763364262 763364262 0 65535 1521 1521 6 6 1 
2015152335 2015152335 4184911075 4184911075 0 65535 1490 1490 6 6 1 
2015152336 2015152336 4184911075 4184911075 0 65535 1521 1521 6 6 2 
2015152349 2015152349 4184911075 4184911075 0 65535 5541 5541 6 6 0 
2015152346 2015152346 1248372191 1248372191 0 65535 1521 1521 6 6 1 
2015152344 2015152344 1248372191 1248372191 0 65535 21 21 6 6 1 
2051680686 2051680686 4184911075 4184911075 0 65535 5540 5540 6 6 1 
2051680683 2051680683 4184911075 4184911075 0 65535 1521 1521 6 6 1 
2051680643 2051680643 1248372191 1248372191 0 65535 1526 1526 6 6 3 
2051680720 2051680720 4184911075 4184911075 0 65535 1711 1711 6 6 0 
2051680728 2051680728 4184911075 4184911075 0 65535 135 135 6 6 4 
2051680746 2051680746 763364262 763364262 0 65535 1724 1724 6 6 3 
2051680754 2051680754 763364262 763364262 0 65535 1724 1724 6 6 2 
2051680757 2051680757 1248372191 1248372191 0 65535 1525 1525 6 6 1 
2051680757 2051680757 763364262 763364262 0 65535 1526 1526 6 6 3 
2051680623 2051680623 4184911075 4184911075 0 65535 5555 5555 6 6 3 
2051680586 2051680586 4184911075 4184911075 0 65535 1526 1526 6 6 3 
2051680589 2051680589 4184911075 4184911075 0 65535 1707 1707 6 6 3 
2051680578 2051680578 4184911075 4184911075 0 65535 443 443 6 6 2 
2051680594 2051680594 4184911075 4184911075 0 65535 1221 1221 6 6 0 
2051680605 2051680605 4184911075 4184911075 0 65535 1521 1521 6 6 2 
2051680539 2051680539 4184911075 4184911075 0 65535 1525 1525 6 6 3 
2051680536 2051680536 763364262 763364262 0 65535 1521 1521 17 17 4 
2051680541 2051680541 4184911075 4184911075 0 65535 1521 1521 6 6 0 
2051680529 2051680529 4184911075 4184911075 0 65535 1433 1433 6 6 4 
2051680529 2051680529 4184911075 4184911075 0 65535 20 20 6 6 1 
2051680529 2051680529 4184911075 4184911075 0 65535 1526 1526 6 6 1 
2051680532 2051680532 4184911075 4184911075 0 65535 135 135 6 6 3 
2051680534 2051680534 4184911075 4184911075 0 65535 2115 2115 6 6 2 
2051680534 2051680534 4184911075 4184911075 0 65535 135 135 6 6 2 
2051680517 2051680517 4184911075 4184911075 0 65535 1526 1526 6 6 2 
2051680517 2051680517 4184911075 4184911075 0 65535 1704 1704 6 6 2 
2051680517 2051680517 763364262 763364262 0 65535 1706 1706 6 6 4 
2051680517 2051680517 4184911075 4184911075 0 65535 1221 1221 6 6 1 
2051680517 2051680517 4184911075 4184911075 0 65535 1521 1521 6 6 1 
2051680525 2051680525 4184911075 4184911075 0 65535 1704 1704 6 6 1 
2051680525 2051680525 4184911075 4184911075 0 65535 1521 1521 6 6 4 
2051680520 2051680520 4184911075 4184911075 0 65535 1717 1717 6 6 2 
2051680520 2051680520 4184911075 4184911075 0 65535 1521 1521 17 17 4 
2051680522 2051680522 4184911075 4184911075 0 65535 1526 1526 6 6 2 
2051680522 2051680522 4184911075 4184911075 0 65535 1221 1221 6 6 2 
2051680522 2051680522 4184911075 4184911075 0 65535 1521 1521 6 6 4 
2051680522 2051680522 4184911075 4184911075 0 65535 1525 1525 6 6 0 
2134952527 2134952527 763364262 763364262 0 65535 1526 1526 6 6 1 
2134952525 2134952525 4184911075 4184911075 0 65535 1433 1433 6 6 4 
2134952521 2134952521 4184911075 4184911075 0 65535 21 21 6 6 2 
2134952513 2134952513 4184911075 4184911075 0 65535 1708 1708 6 6 3 
2134952513 2134952513 4184911075 4184911075 0 65535 1221 1221 6 6 1 
2134952518 2134952518 4184911075 4184911075 0 65535 1707 1707 6 6 3 
2134952543 2134952543 1248372191 1248372191 0 65535 5540 5540 6 6 2 
2134952543 2134952543 4184911075 4184911075 0 65535 1521 1521 17 17 1 
2134952537 2134952537 4184911075 4184911075 0 65535 1521 1521 6 6 3 
2134952537 2134952537 4184911075 4184911075 0 65535 6789 6789 6 6 3 
2134952537 2134952537 1248372191 1248372191 0 65535 1712 1712 6 6 0 
2134952565 2134952565 4184911075 4184911075 0 65535 1705 1705 6 6 2 
2134952575 2134952575 4184911075 4184911075 0 65535 1526 1526 6 6 1 
2134952572 2134952572 4184911075 4184911075 0 65535 14753 14753 6 6 0 
2134952572 2134952572 4184911075 4184911075 0 65535 1521 1521 17 17 2 
2134952568 2134952568 4184911075 4184911075 0 65535 30899 30899 6 6 4 
2134952571 2134952571 4184911075 4184911075 0 65535 1521 1521 6 6 1 
2134952545 2134952545 4184911075 4184911075 0 65535 1525 1525 17 17 3 
2134952545 2134952545 763364262 763364262 0 65535 21 21 6 6 0 
2134952545 2134952545 1248372191 1248372191 0 65535 1521 1521 17 17 0 
2134952545 2134952545 1248372191 1248372191 0 65535 5555 5555 6 6 2 
2134952551 2134952551 4184911075 4184911075 0 65535 1712 1712 6 6 2 
2134952551 2134952551 4184911075 4184911075 0 65535 1521 1521 6 6 0 
2134952551 2134952551 4184911075 4184911075 0 65535 1711 1711 6 6 4 
2134952549 2134952549 763364262 763364262 0 65535 1221 1221 6 6 2 
2134952549 2134952549 4184911075 4184911075 0 65535 1521 1521 6 6 1 
2134952549 2134952549 4184911075 4184911075 0 65535 1704 1704 6 6 3 
2089470597 2089470597 4184911075 4184911075 0 65535 30210 30210 6 6 4 
2089470611 2089470611 4184911075 4184911075 0 65535 1433 1433 6 6 4 
2089470639 2089470639 4184911075 4184911075 0 65535 1490 1490 6 6 3 
2089470643 2089470643 4184911075 4184911075 0 65535 1521 1521 6 6 3 
2089470519 2089470519 4184911075 4184911075 0 65535 1526 1526 6 6 3 
2089470519 2089470519 4184911075 4184911075 0 65535 5540 5540 6 6 4 
2089470512 2089470512 4184911075 4184911075 0 65535 1221 1221 6 6 3 
2089470512 2089470512 4184911075 4184911075 0 65535 2308 2308 6 6 2 
2089470512 2089470512 4184911075 4184911075 0 65535 1526 1526 17 17 0 
2089470512 2089470512 4184911075 4184911075 0 65535 65500 65500 6 6 4 
2089470497 2089470497 4184911075 4184911075 0 65535 1521 1521 6 6 2 
2089470497 2089470497 4184911075 4184911075 0 65535 6000 6000 6 6 4 
2089470497 2089470497 4184911075 4184911075 0 65535 1221 1221 6 6 4 
2089470497 2089470497 4184911075 4184911075 0 65535 1707 1707 6 6 0 
2089470503 2089470503 4184911075 4184911075 0 65535 1733 1733 6 6 0 
2089470503 2089470503 4184911075 4184911075 0 65535 1521 1521 6 6 2 
928143877 928143877 807936317 807936317 0 65535 1705 1705 6 6 0 
928143873 928143873 4184911075 4184911075 0 65535 5632 5632 6 6 1 
928143882 928143882 4184911075 4184911075 0 65535 1521 1521 6 6 4 
928143916 928143916 4184911075 4184911075 0 65535 1706 1706 6 6 3 
928143915 928143915 4184911075 4184911075 0 65535 1521 1521 6 6 3 
928143933 928143933 4184911075 4184911075 0 65535 1708 1708 6 6 4 
928143923 928143923 4184911075 4184911075 0 65535 1526 1526 17 17 0 
928143925 928143925 1248372191 1248372191 0 65535 1711 1711 6 6 2 
928143982 928143982 4184911075 4184911075 0 65535 1526 1526 6 6 0 
928143975 928143975 4184911075 4184911075 0 65535 1704 1704 6 6 1 
928143991 928143991 4184911075 4184911075 0 65535 1221 1221 6 6 1 
928143991 928143991 4184911075 4184911075 0 65535 1521 1521 6 6 3 
928143989 928143989 1248372191 1248372191 0 65535 3031 3031 6 6 3 
928143999 928143999 3133297634 3133297634 0 65535 1221 1221 6 6 2 
928143997 928143997 763364262 763364262 0 65535 1540 1540 6 6 1 
928143997 928143997 3133297634 3133297634 0 65535 1221 1221 6 6 2 
928143997 928143997 3133297634 3133297634 0 65535 1521 1521 6 6 2 
928143952 928143952 1248372191 1248372191 0 65535 1525 1525 6 6 0 
928143957 928143957 3133297634 3133297634 0 65535 1521 1521 6 6 2 
928143959 928143959 3133297634 3133297634 0 65535 1221 1221 6 6 0 
928143964 928143964 3133297634 3133297634 0 65535 1521 1521 6 6 0 
928143965 928143965 3133297634 3133297634 0 65535 2121 2121 6 6 4 
928143966 928143966 3133297634 3133297634 0 65535 1526 1526 6 6 1 
928143950 928143950 3133297634 3133297634 0 65535 5542 5542 17 17 0 
928143950 928143950 3133297634 3133297634 0 65535 1526 1526 6 6 0 
928143944 928143944 3133297634 3133297634 0 65535 1711 1711 6 6 2 
928143947 928143947 3133297634 3133297634 0 65535 1490 1490 6 6 2 
928143942 928143942 3133297634 3133297634 0 65535 2051 2051 6 6 0 
928143939 928143939 3133297634 3133297634 0 65535 6849 6849 6 6 2 
928143936 928143936 3133297634 3133297634 0 65535 1489 1489 6 6 1 
928143936 928143936 3133297634 3133297634 0 65535 1521 1521 6 6 4 
883113502 883113502 3133297634 3133297634 0 65535 5632 5632 6 6 3 
883113499 883113499 3133297634 3133297634 0 65535 1221 1221 6 6 4 
883113491 883113491 3133297634 3133297634 0 65535 1521 1521 6 6 1 
883113509 883113509 3133297634 3133297634 0 65535 1712 1712 6 6 1 
883113532 883113532 3133297634 3133297634 0 65535 1521 1521 6 6 4 
883113563 883113563 3133297634 3133297634 0 65535 3031 3031 6 6 3 
883113563 883113563 3133297634 3133297634 0 65535 65500 65500 6 6 2 
883113563 883113563 3133297634 3133297634 0 65535 1521 1521 6 6 1 
883113559 883113559 3133297634 3133297634 0 65535 1525 1525 17 17 0 
883113559 883113559 3133297634 3133297634 0 65535 1521 1521 6 6 3 
883113559 883113559 3133297634 3133297634 0 65535 1705 1705 6 6 0 
883113552 883113552 3133297634 3133297634 0 65535 5555 5555 6 6 2 
883113554 883113554 3133297634 3133297634 0 65535 1712 1712 6 6 2 
883113539 883113539 3133297634 3133297634 0 65535 5555 5555 6 6 2 
883113543 883113543 3133174622 3133174622 0 65535 1724 1724 6 6 3 
883113545 883113545 1248372191 1248372191 0 65535 5632 5632 6 6 3 
883113548 883113548 763364262 763364262 0 65535 1526 1526 6 6 1 
883113548 883113548 3133174622 3133174622 0 65535 1526 1526 6 6 4 
883113598 883113598 3133174622 3133174622 0 65535 1705 1705 6 6 0 
883113599 883113599 3133174622 3133174622 0 65535 65500 65500 6 6 3 
883113596 883113596 883112423 883112423 0 65535 1734 1734 6 6 2 
883113596 883113596 3133174622 3133174622 0 65535 1521 1521 6 6 1 
883113593 883113593 3133174622 3133174622 0 65535 135 135 6 6 0 
883113593 883113593 3133174622 3133174622 0 65535 1221 1221 6 6 0 
883113592 883113592 3133174622 3133174622 0 65535 1734 1734 6 6 1 
883113575 883113575 3133174622 3133174622 0 65535 1525 1525 6 6 3 
883113574 883113574 3133174622 3133174622 0 65535 1712 1712 6 6 1 
883113572 883113572 3133174622 3133174622 0 65535 1433 1433 6 6 1 
883113568 883113568 3133174622 3133174622 0 65535 5540 5540 6 6 3 
883113570 883113570 3133174622 3133174622 0 65535 1525 1525 6 6 2 
883113570 883113570 3133174622 3133174622 0 65535 1706 1706 6 6 1 
883113570 883113570 3133174622 3133174622 0 65535 1521 1521 6 6 3 
883113570 883113570 3133174622 3133174622 0 65535 1724 1724 6 6 1 
829756817 829756817 3133174622 3133174622 0 65535 1526 1526 6 6 3 
829756817 829756817 3133174622 3133174622 0 65535 1704 1704 6 6 3 
829756816 829756816 3133174622 3133174622 0 65535 1707 1707 6 6 3 
829756816 829756816 3133174622 3133174622 0 65535 32200 32200 6 6 2 
829756918 829756918 3133174622 3133174622 0 65535 1711 1711 6 6 2 
829756918 829756918 3133174622 3133174622 0 65535 1724 1724 6 6 2 
829756918 829756918 3133174622 3133174622 0 65535 5541 5541 6 6 0 
829756898 829756898 3133174622 3133174622 0 65535 6000 6000 6 6 0 
829756899 829756899 1248372191 1248372191 0 65535 1733 1733 6 6 4 
829756909 829756909 3133174622 3133174622 0 65535 1707 1707 6 6 2 
829756906 829756906 916977964 916977964 0 65535 1600 1600 6 6 4 
829756906 829756906 3133174622 3133174622 0 65535 1712 1712 6 6 1 
829756906 829756906 3133174622 3133174622 0 65535 1521 1521 6 6 4 
829756887 829756887 3133174622 3133174622 0 65535 1705 1705 6 6 1 
829756886 829756886 829755755 829755755 0 65535 6000 6000 6 6 0 
829756886 829756886 3133174622 3133174622 0 65535 1521 1521 6 6 1 
829756886 829756886 3133174622 3133174622 0 65535 1706 1706 6 6 1 
829756879 829756879 3133174622 3133174622 0 65535 3031 3031 6 6 1 
829756877 829756877 1248372191 1248372191 0 65535 135 135 6 6 3 
829756877 829756877 3133174622 3133174622 0 65535 1525 1525 6 6 3 
829756877 829756877 3133174622 3133174622 0 65535 1521 1521 6 6 2 
829756865 829756865 3133174622 3133174622 0 65535 1521 1521 6 6 1 
829756865 829756865 3133174622 3133174622 0 65535 2051 2051 17 17 4 
829756866 829756866 3133174622 3133174622 0 65535 15126 15126 6 6 0 
829756866 829756866 829755769 829755769 0 65535 1707 1707 6 6 4 
869386730 869386730 3133174622 3133174622 0 65535 1221 1221 6 6 1 
869386633 869386633 3133174622 3133174622 0 65535 20 20 6 6 2 
869386639 869386639 3133174622 3133174622 0 65535 1521 1521 6 6 4 
869386653 869386653 3133174622 3133174622 0 65535 20 20 6 6 4 
869386648 869386648 763364262 763364262 0 65535 1521 1521 6 6 4 
869386686 869386686 763364262 763364262 0 65535 1717 1717 6 6 4 
869386675 869386675 3133174622 3133174622 0 65535 1521 1521 6 6 0 
869386659 869386659 3133174622 3133174622 0 65535 1521 1521 6 6 4 
869386669 869386669 3133174622 3133174622 0 65535 1711 1711 6 6 4 
869386664 869386664 3133174622 3133174622 0 65535 1521 1521 6 6 2 
869386527 869386527 3133174622 3133174622 0 65535 1521 1521 6 6 3 
869386499 869386499 1248372191 1248372191 0 65535 1711 1711 6 6 0 
869386500 869386500 1248372191 1248372191 0 65535 1521 1521 6 6 4 
869386504 869386504 1248372191 1248372191 0 65535 5540 5540 6 6 0 
869386541 869386541 3133174622 3133174622 0 65535 1433 1433 6 6 4 
869386559 869386559 3133174622 3133174622 0 65535 1525 1525 6 6 4 
869386563 869386563 3133174622 3133174622 0 65535 1540 1540 6 6 2 
869386566 869386566 3133174622 3133174622 0 65535 5555 5555 6 6 1 
869386586 869386586 3133174622 3133174622 0 65535 2115 2115 6 6 2 
869386586 869386586 3133174622 3133174622 0 65535 55444 55444 6 6 2 
869386599 869386599 3133174622 3133174622 0 65535 1526 1526 6 6 3 
869386599 869386599 3133174622 3133174622 0 65535 6889 6889 6 6 2 
869386599 869386599 3133174622 3133174622 0 65535 1711 1711 6 6 4 
869386599 869386599 3133174622 3133174622 0 65535 1705 1705 6 6 0 
869386594 869386594 3133174622 3133174622 0 65535 1704 1704 6 6 3 
869386594 869386594 3133174622 3133174622 0 65535 1521 1521 6 6 1 
869386594 869386594 3133174622 3133174622 0 65535 14753 14753 6 6 2 
869386594 869386594 3133174622 3133174622 0 65535 1526 1526 6 6 0 
869386594 869386594 3133174622 3133174622 0 65535 135 135 6 6 1 
869386594 869386594 3133174622 3133174622 0 65535 5540 5540 6 6 3 
952914130 952914130 763364262 763364262 0 65535 5632 5632 6 6 1 
952914130 952914130 3133174622 3133174622 0 65535 1711 1711 6 6 4 
952914130 952914130 3133174622 3133174622 0 65535 1526 1526 6 6 3 
952914128 952914128 3133174622 3133174622 0 65535 1724 1724 6 6 2 
952914129 952914129 3133174622 3133174622 0 65535 1711 1711 6 6 1 
952914129 952914129 3133546259 3133546259 0 65535 1221 1221 6 6 0 
952914137 952914137 3133546259 3133546259 0 65535 1221 1221 6 6 3 
952914138 952914138 3133546259 3133546259 0 65535 1704 1704 6 6 3 
952914141 952914141 3133546259 3133546259 0 65535 14753 14753 6 6 4 
952914141 952914141 3133546259 3133546259 0 65535 21 21 6 6 1 
952914140 952914140 1248372191 1248372191 0 65535 6789 6789 6 6 3 
952914126 952914126 3133546259 3133546259 0 65535 1521 1521 6 6 4 
952914126 952914126 3133546259 3133546259 0 65535 1717 1717 6 6 2 
952914126 952914126 3133546259 3133546259 0 65535 19856 19856 6 6 2 
952914126 952914126 3133546259 3133546259 0 65535 27400 27400 6 6 2 
952914126 952914126 763364262 763364262 0 65535 5632 5632 6 6 3 
952914126 952914126 3133546259 3133546259 0 65535 5631 5631 6 6 4 
952914121 952914121 3133546259 3133546259 0 65535 1526 1526 6 6 0 
952914121 952914121 3133546259 3133546259 0 65535 30210 30210 6 6 4 
952914123 952914123 1248372191 1248372191 0 65535 1521 1521 6 6 3 
952914123 952914123 952915593 952915593 0 65535 1525 1525 6 6 2 
952914123 952914123 3133546259 3133546259 0 65535 1717 1717 6 6 3 
952914123 952914123 3133546259 3133546259 0 65535 1734 1734 6 6 0 
952914123 952914123 3133546259 3133546259 0 65535 1433 1433 6 6 3 
952914123 952914123 3133546259 3133546259 0 65535 1221 1221 6 6 1 
952914123 952914123 3133546259 3133546259 0 65535 30804 30804 6 6 2 
952914123 952914123 3133546259 3133546259 0 65535 30899 30899 6 6 3 
999296332 999296332 1248372191 1248372191 0 65535 5540 5540 6 6 2 
999296348 999296348 3133546259 3133546259 0 65535 2026 2026 6 6 2 
999296315 999296315 3133546259 3133546259 0 65535 1734 1734 6 6 2 
999296318 999296318 3133546259 3133546259 0 65535 1521 1521 6 6 2 
999296304 999296304 3133546259 3133546259 0 65535 2308 2308 6 6 4 
999296294 999296294 3133546259 3133546259 0 65535 1433 1433 6 6 1 
999296271 999296271 3133546259 3133546259 0 65535 1221 1221 6 6 4 
999296260 999296260 3133546259 3133546259 0 65535 1525 1525 6 6 0 
999296260 999296260 3133546259 3133546259 0 65535 5542 5542 6 6 1 
999296283 999296283 3133546259 3133546259 0 65535 1711 1711 6 6 1 
999296394 999296394 3133546259 3133546259 0 65535 1221 1221 6 6 0 
0 4294967295 0 4294967295 0 65535 0 65535 0 255 1 
