999296469 999296469 3133546259 3133546259 0 65535 1521 1521 6 6 3 
999296477 999296477 1035792189 1035792189 0 65535 443 443 6 6 3 
999296478 999296478 1248372191 1248372191 0 65535 21 21 6 6 2 
999296473 999296473 3133546259 3133546259 0 65535 1708 1708 6 6 3 
999296490 999296490 3133546259 3133546259 0 65535 1712 1712 6 6 0 
999296491 999296491 763364262 763364262 0 65535 1521 1521 6 6 2 
999296487 999296487 3133546259 3133546259 0 65535 1715 1715 6 6 1 
999296507 999296507 3133546259 3133546259 0 65535 135 135 6 6 0 
999296509 999296509 3133546259 3133546259 0 65535 1705 1705 6 6 2 
999296511 999296511 3133546259 3133546259 0 65535 5540 5540 6 6 3 
999296500 999296500 3133546259 3133546259 0 65535 5541 5541 6 6 1 
999296500 999296500 3133546259 3133546259 0 65535 14753 14753 6 6 2 
999296500 999296500 3133546259 3133546259 0 65535 1521 1521 6 6 0 
999296499 999296499 1248372191 1248372191 0 65535 1433 1433 6 6 0 
1062486465 1062486465 3133546259 3133546259 0 65535 1724 1724 6 6 2 
1062486465 1062486465 763364262 763364262 0 65535 6000 6000 6 6 1 
1062486469 1062486469 1248372191 1248372191 0 65535 5542 5542 6 6 0 
1062486468 1062486468 1062487160 1062487160 0 65535 1221 1221 6 6 4 
1062486505 1062486505 1248372191 1248372191 0 65535 6000 6000 6 6 1 
1062486499 1062486499 763364262 763364262 0 65535 1717 1717 6 6 1 
1062486527 1062486527 3133546259 3133546259 0 65535 1521 1521 6 6 4 
1062486450 1062486450 3133546259 3133546259 0 65535 1704 1704 6 6 1 
1062486449 1062486449 3133546259 3133546259 0 65535 1525 1525 6 6 1 
1062486449 1062486449 1248372191 1248372191 0 65535 1490 1490 6 6 4 
1062486454 1062486454 3133546259 3133546259 0 65535 19856 19856 6 6 1 
1062486454 1062486454 3133546259 3133546259 0 65535 1734 1734 6 6 1 
1062486460 1062486460 3133546259 3133546259 0 65535 5632 5632 6 6 0 
1062486461 1062486461 3133546259 3133546259 0 65535 1521 1521 6 6 0 
1062486457 1062486457 3133546259 3133546259 0 65535 2121 2121 6 6 1 
1062486415 1062486415 1062487164 1062487164 0 65535 5631 5631 6 6 4 
1062486415 1062486415 3133546259 3133546259 0 65535 1705 1705 6 6 0 
1062486415 1062486415 3133546259 3133546259 0 65535 1733 1733 6 6 1 
1062486415 1062486415 897533218 897533218 0 65535 1712 1712 6 6 4 
1062486415 1062486415 3133546259 3133546259 0 65535 1433 1433 6 6 0 
1062486415 1062486415 3133546259 3133546259 0 65535 1734 1734 17 17 2 
1062486415 1062486415 1062487164 1062487164 0 65535 1490 1490 6 6 0 
1062486415 1062486415 3133546259 3133546259 0 65535 30211 30211 6 6 4 
1062486415 1062486415 3133546259 3133546259 0 65535 1717 1717 6 6 4 
1062486415 1062486415 3133546259 3133546259 0 65535 31000 31000 6 6 1 
1062486415 1062486415 1248372191 1248372191 0 65535 5541 5541 6 6 2 
1010525883 1010525883 3133546259 3133546259 0 65535 1526 1526 6 6 3 
1010525873 1010525873 3133546259 3133546259 0 65535 5541 5541 6 6 4 
1010525861 1010525861 3133546259 3133546259 0 65535 1526 1526 6 6 3 
1010525867 1010525867 3133546259 3133546259 0 65535 1525 1525 6 6 1 
1010525841 1010525841 1248372191 1248372191 0 65535 1521 1521 6 6 2 
1010525847 1010525847 3133546259 3133546259 0 65535 1521 1521 6 6 2 
1010525839 1010525839 3133546259 3133546259 0 65535 55444 55444 6 6 4 
1010525829 1010525829 3133546259 3133546259 0 65535 1712 1712 6 6 2 
1010525905 1010525905 3133546259 3133546259 0 65535 1352 1352 6 6 1 
1010525905 1010525905 3133546259 3133546259 0 65535 1526 1526 6 6 1 
1010525907 1010525907 3133546259 3133546259 0 65535 1708 1708 6 6 2 
1010525910 1010525910 3133546259 3133546259 0 65535 1712 1712 6 6 1 
1010525918 1010525918 1248372191 1248372191 0 65535 512 512 6 6 4 
1010525918 1010525918 3133546259 3133546259 0 65535 1433 1433 6 6 3 
1010525918 1010525918 3133546259 3133546259 0 65535 1221 1221 6 6 4 
1010525915 1010525915 3133546259 3133546259 0 65535 55444 55444 6 6 1 
1010525915 1010525915 3133546259 3133546259 0 65535 1526 1526 6 6 3 
1010525915 1010525915 3133546259 3133546259 0 65535 1433 1433 6 6 4 
1010525934 1010525934 3133546259 3133546259 0 65535 1704 1704 6 6 3 
1010525934 1010525934 1248372191 1248372191 0 65535 1525 1525 6 6 2 
1010525921 1010525921 3133546259 3133546259 0 65535 1526 1526 6 6 0 
1010525924 1010525924 1248372191 1248372191 0 65535 6789 6789 6 6 1 
1010525927 1010525927 3133546259 3133546259 0 65535 5540 5540 6 6 2 
1010525938 1010525938 3133546259 3133546259 0 65535 1734 1734 6 6 1 
1010525939 1010525939 3133546259 3133546259 0 65535 1521 1521 6 6 4 
1010525944 1010525944 3133546259 3133546259 0 65535 1521 1521 6 6 2 
1010525944 1010525944 3133546259 3133546259 0 65535 32201 32201 6 6 0 
1010525944 1010525944 1248372191 1248372191 0 65535 7205 7205 6 6 0 
1010525948 1010525948 3133546259 3133546259 0 65535 1521 1521 6 6 4 
1010525948 1010525948 3133546259 3133546259 0 65535 1432 1432 6 6 2 
1010525948 1010525948 3133546259 3133546259 0 65535 1706 1706 6 6 4 
590928567 590928567 3133546259 3133546259 0 65535 1521 1521 6 6 4 
590928550 590928550 1248372191 1248372191 0 65535 1521 1521 6 6 0 
590928543 590928543 3133546259 3133546259 0 65535 1526 1526 6 6 1 
590928529 590928529 3133546259 3133546259 0 65535 1521 1521 6 6 2 
590928533 590928533 3133546259 3133546259 0 65535 1490 1490 6 6 4 
590928587 590928587 3133546259 3133546259 0 65535 2026 2026 6 6 4 
590928587 590928587 3133546259 3133546259 0 65535 1521 1521 6 6 4 
590928586 590928586 3133546259 3133546259 0 65535 5632 5632 6 6 3 
590928586 590928586 3133546259 3133546259 0 65535 1705 1705 6 6 3 
590928576 590928576 1248372191 1248372191 0 65535 1734 1734 6 6 0 
590928576 590928576 3133546259 3133546259 0 65535 135 135 6 6 4 
590928580 590928580 3133546259 3133546259 0 65535 1221 1221 6 6 2 
590928580 590928580 3133546259 3133546259 0 65535 14753 14753 6 6 3 
590928580 590928580 3133546259 3133546259 0 65535 1433 1433 6 6 2 
590928605 590928605 3133546259 3133546259 0 65535 1521 1521 6 6 2 
590928605 590928605 1248372191 1248372191 0 65535 1526 1526 6 6 0 
590928606 590928606 3133546259 3133546259 0 65535 1521 1521 6 6 4 
590928607 590928607 590929120 590929120 0 65535 1540 1540 6 6 2 
590928601 590928601 3133546259 3133546259 0 65535 1706 1706 6 6 1 
590928600 590928600 763364262 763364262 0 65535 5541 5541 6 6 0 
590928600 590928600 3133546259 3133546259 0 65535 5555 5555 6 6 3 
590928600 590928600 590929120 590929120 0 65535 1521 1521 6 6 2 
590928596 590928596 3133546259 3133546259 0 65535 5631 5631 6 6 2 
590928596 590928596 590929128 590929128 0 65535 1733 1733 6 6 2 
590928596 590928596 3133546259 3133546259 0 65535 21 21 6 6 0 
590928597 590928597 3133546259 3133546259 0 65535 1525 1525 6 6 0 
590928597 590928597 3133546259 3133546259 0 65535 5555 5555 6 6 2 
590928593 590928593 3133546259 3133546259 0 65535 20 20 6 6 1 
590928593 590928593 3133546259 3133546259 0 65535 1706 1706 6 6 3 
590928593 590928593 3133546259 3133546259 0 65535 1521 1521 6 6 4 
543423197 543423197 3133546259 3133546259 0 65535 1525 1525 6 6 2 
543423197 543423197 3133546259 3133546259 0 65535 1433 1433 6 6 3 
543423179 543423179 3133546259 3133546259 0 65535 1717 1717 6 6 3 
543423183 543423183 1248372191 1248372191 0 65535 2121 2121 6 6 3 
543423229 543423229 984944675 984944675 0 65535 1708 1708 6 6 1 
543423221 543423221 543424012 543424012 0 65535 1489 1489 6 6 0 
543423223 543423223 3133546259 3133546259 0 65535 1708 1708 17 17 1 
543423219 543423219 3133546259 3133546259 0 65535 1706 1706 6 6 3 
543423157 543423157 3133546259 3133546259 0 65535 6000 6000 6 6 0 
543423165 543423165 3133546259 3133546259 0 65535 1712 1712 6 6 2 
543423138 543423138 3133546259 3133546259 0 65535 1490 1490 6 6 1 
543423138 543423138 3133546259 3133546259 0 65535 1521 1521 6 6 4 
543423150 543423150 3133546259 3133546259 0 65535 5541 5541 6 6 2 
543423150 543423150 3133546259 3133546259 0 65535 1352 1352 6 6 0 
543423150 543423150 1248372191 1248372191 0 65535 30210 30210 6 6 4 
543423149 543423149 3133546259 3133546259 0 65535 1521 1521 6 6 4 
543423149 543423149 3133546259 3133546259 0 65535 5631 5631 6 6 4 
543423117 543423117 3133546259 3133546259 0 65535 1711 1711 6 6 3 
543423117 543423117 3133546259 3133546259 0 65535 1526 1526 6 6 1 
543423117 543423117 3133546259 3133546259 0 65535 21 21 6 6 2 
543423116 543423116 3133546259 3133546259 0 65535 5555 5555 6 6 1 
543423116 543423116 3133546259 3133546259 0 65535 30210 30210 6 6 0 
543423115 543423115 3133546259 3133546259 0 65535 1526 1526 6 6 2 
543423115 543423115 3133546259 3133546259 0 65535 5540 5540 6 6 4 
543423110 543423110 3133546259 3133546259 0 65535 65500 65500 6 6 0 
543423109 543423109 3133546259 3133546259 0 65535 5540 5540 6 6 0 
543423109 543423109 3133546259 3133546259 0 65535 6000 6000 6 6 3 
543423105 543423105 3133546259 3133546259 0 65535 1521 1521 6 6 0 
543423105 543423105 3133546259 3133546259 0 65535 5541 5541 6 6 1 
543423105 543423105 3133546259 3133546259 0 65535 5631 5631 6 6 2 
627458983 627458983 3133546259 3133546259 0 65535 1525 1525 6 6 4 
627458977 627458977 3133546259 3133546259 0 65535 27400 27400 6 6 1 
627458989 627458989 3133546259 3133546259 0 65535 1521 1521 6 6 1 
627458966 627458966 3133546259 3133546259 0 65535 2115 2115 6 6 2 
627458968 627458968 3133546259 3133546259 0 65535 1521 1521 6 6 0 
627458950 627458950 3133546259 3133546259 0 65535 1521 1521 6 6 1 
627458947 627458947 763364262 763364262 0 65535 135 135 6 6 3 
627458953 627458953 3133546259 3133546259 0 65535 1525 1525 6 6 0 
627459016 627459016 3133546259 3133546259 0 65535 30210 30210 6 6 0 
627459011 627459011 1248372191 1248372191 0 65535 1705 1705 6 6 0 
627459013 627459013 3133546259 3133546259 0 65535 5542 5542 6 6 1 
627459036 627459036 3133546259 3133546259 0 65535 1704 1704 6 6 0 
627459036 627459036 3133546259 3133546259 0 65535 1525 1525 6 6 2 
627459036 627459036 3133546259 3133546259 0 65535 6849 6849 6 6 3 
627459036 627459036 3133546259 3133546259 0 65535 1734 1734 6 6 4 
627459036 627459036 3133546259 3133546259 0 65535 1489 1489 6 6 1 
627459036 627459036 3133546259 3133546259 0 65535 1521 1521 6 6 1 
627459044 627459044 3133546259 3133546259 0 65535 1489 1489 6 6 1 
627459044 627459044 3133546259 3133546259 0 65535 1705 1705 6 6 4 
627459041 627459041 3133546259 3133546259 0 65535 27000 27000 6 6 2 
627459041 627459041 3133546259 3133546259 0 65535 1521 1521 6 6 4 
627459070 627459070 3133546259 3133546259 0 65535 1521 1521 6 6 4 
627459064 627459064 3133546259 3133546259 0 65535 27000 27000 6 6 1 
627459060 627459060 627459709 627459709 0 65535 1708 1708 6 6 3 
627459062 627459062 3133546259 3133546259 0 65535 1526 1526 6 6 3 
627459062 627459062 3133546259 3133546259 0 65535 14753 14753 6 6 2 
627459057 627459057 570842400 570842400 0 65535 1521 1521 6 6 2 
627459057 627459057 3133546259 3133546259 0 65535 1717 1717 6 6 0 
627459057 627459057 3133546259 3133546259 0 65535 5632 5632 6 6 2 
664573533 664573533 3133546259 3133546259 0 65535 1724 1724 6 6 1 
664573505 664573505 3133546259 3133546259 0 65535 5632 5632 6 6 1 
664573567 664573567 3133546259 3133546259 0 65535 1712 1712 6 6 3 
664573553 664573553 3133546259 3133546259 0 65535 6889 6889 6 6 0 
664573545 664573545 3133546259 3133546259 0 65535 1704 1704 6 6 0 
664573467 664573467 3133546259 3133546259 0 65535 1521 1521 6 6 3 
664573471 664573471 3133546259 3133546259 0 65535 6889 6889 6 6 0 
664573441 664573441 3133546259 3133546259 0 65535 1521 1521 6 6 2 
664573440 664573440 3133546259 3133546259 0 65535 135 135 6 6 1 
664573440 664573440 3133546259 3133546259 0 65535 1715 1715 6 6 4 
664573440 664573440 3133546259 3133546259 0 65535 1521 1521 6 6 0 
664573480 664573480 3133546259 3133546259 0 65535 1521 1521 6 6 1 
664573479 664573479 3133546259 3133546259 0 65535 14753 14753 6 6 2 
664573503 664573503 3133546259 3133546259 0 65535 1733 1733 6 6 3 
664573493 664573493 3133546259 3133546259 0 65535 1715 1715 6 6 4 
664573493 664573493 664572360 664572360 0 65535 1521 1521 6 6 2 
664573579 664573579 3133546259 3133546259 0 65535 1521 1521 6 6 3 
664573576 664573576 3133546259 3133546259 0 65535 1521 1521 6 6 3 
664573580 664573580 3133546259 3133546259 0 65535 1704 1704 6 6 1 
664573580 664573580 3133546259 3133546259 0 65535 135 135 6 6 0 
664573568 664573568 1248372191 1248372191 0 65535 30210 30210 6 6 4 
664573568 664573568 3133546259 3133546259 0 65535 512 512 6 6 2 
664573568 664573568 3133546259 3133546259 0 65535 1433 1433 6 6 4 
664573610 664573610 3133546259 3133546259 0 65535 1489 1489 6 6 4 
664573610 664573610 3133546259 3133546259 0 65535 1521 1521 6 6 1 
664573603 664573603 3133546259 3133546259 0 65535 1433 1433 6 6 0 
664573603 664573603 3133546259 3133546259 0 65535 5632 5632 6 6 4 
664573603 664573603 1248372191 1248372191 0 65535 1707 1707 6 6 3 
664573617 664573617 3133546259 3133546259 0 65535 1521 1521 6 6 2 
664573620 664573620 3133546259 3133546259 0 65535 1521 1521 6 6 4 
664573620 664573620 3133546259 3133546259 0 65535 1715 1715 6 6 2 
763364416 763364416 3133546259 3133546259 0 65535 1521 1521 6 6 4 
763364445 763364445 3133546259 3133546259 0 65535 1715 1715 6 6 1 
763364441 763364441 1248372191 1248372191 0 65535 21 21 6 6 1 
763364438 763364438 763364262 763364262 0 65535 1704 1704 6 6 4 
763364467 763364467 763364262 763364262 0 65535 31000 31000 6 6 1 
763364470 763364470 3133546259 3133546259 0 65535 1526 1526 6 6 4 
763364474 763364474 3133546259 3133546259 0 65535 5631 5631 6 6 3 
763364462 763364462 3133546259 3133546259 0 65535 12050 12050 6 6 4 
763364453 763364453 3133546259 3133546259 0 65535 1521 1521 6 6 2 
763364450 763364450 3133546259 3133546259 0 65535 6890 6890 6 6 0 
763364409 763364409 3133546259 3133546259 0 65535 1490 1490 6 6 2 
763364412 763364412 3133546259 3133546259 0 65535 1711 1711 6 6 1 
763364413 763364413 1248372191 1248372191 0 65535 1521 1521 6 6 4 
763364415 763364415 3133546259 3133546259 0 65535 20 20 6 6 0 
763364415 763364415 3133546259 3133546259 0 65535 1521 1521 6 6 0 
763364398 763364398 1248372191 1248372191 0 65535 1704 1704 6 6 4 
763364398 763364398 3133546259 3133546259 0 65535 6790 6790 6 6 1 
763364398 763364398 3133546259 3133546259 0 65535 1525 1525 6 6 2 
763364385 763364385 3133546259 3133546259 0 65535 5541 5541 6 6 1 
763364385 763364385 3133546259 3133546259 0 65535 6000 6000 6 6 2 
763364389 763364389 3133546259 3133546259 0 65535 1734 1734 6 6 1 
763364374 763364374 3133546259 3133546259 0 65535 5632 5632 6 6 4 
763364374 763364374 3133546259 3133546259 0 65535 1525 1525 6 6 4 
763364381 763364381 1248372191 1248372191 0 65535 2121 2121 6 6 4 
763364381 763364381 3133546259 3133546259 0 65535 1221 1221 6 6 4 
763364376 763364376 1248372191 1248372191 0 65535 1711 1711 6 6 0 
763364354 763364354 3133546259 3133546259 0 65535 2026 2026 6 6 2 
763364354 763364354 3133546259 3133546259 0 65535 1490 1490 6 6 0 
763364355 763364355 3133546259 3133546259 0 65535 1550 1550 6 6 3 
763364363 763364363 763364262 763364262 0 65535 1526 1526 6 6 2 
763364363 763364363 3133546259 3133546259 0 65535 1526 1526 6 6 3 
763364363 763364363 763364262 763364262 0 65535 1704 1704 6 6 4 
763364363 763364363 3133546259 3133546259 0 65535 1521 1521 6 6 3 
789938584 789938584 1248372191 1248372191 0 65535 135 135 6 6 4 
789938567 789938567 3133546259 3133546259 0 65535 1521 1521 6 6 4 
789938563 789938563 3133546259 3133546259 0 65535 1712 1712 6 6 3 
789938572 789938572 3133546259 3133546259 0 65535 1521 1521 6 6 4 
789938650 789938650 3133546259 3133546259 0 65535 1525 1525 6 6 4 
789938648 789938648 3133546259 3133546259 0 65535 4646 4646 6 6 1 
789938684 789938684 789939858 789939858 0 65535 1734 1734 6 6 3 
789938681 789938681 3133546259 3133546259 0 65535 5632 5632 6 6 1 
789938670 789938670 3120738594 3120738594 0 65535 1521 1521 6 6 1 
789938670 789938670 1248372191 1248372191 0 65535 5555 5555 6 6 4 
789938664 789938664 3120738594 3120738594 0 65535 1521 1521 6 6 0 
789938664 789938664 3120738594 3120738594 0 65535 6789 6789 6 6 2 
789938665 789938665 962535879 962535879 0 65535 21 21 6 6 0 
789938527 789938527 1027557456 1027557456 0 65535 1521 1521 6 6 3 
789938522 789938522 3120738594 3120738594 0 65535 1221 1221 6 6 3 
789938512 789938512 3120738594 3120738594 0 65535 1521 1521 6 6 3 
789938518 789938518 3120738594 3120738594 0 65535 1521 1521 6 6 3 
789938536 789938536 3120738594 3120738594 0 65535 1521 1521 6 6 3 
789938539 789938539 3120738595 3120738595 0 65535 1705 1705 6 6 3 
789938556 789938556 3120738595 3120738595 0 65535 14753 14753 6 6 0 
789938551 789938551 3120738595 3120738595 0 65535 1712 1712 6 6 0 
789938464 789938464 3120738595 3120738595 0 65535 1521 1521 6 6 1 
789938471 789938471 789939858 789939858 0 65535 1521 1521 6 6 1 
789938479 789938479 3120738595 3120738595 0 65535 1521 1521 6 6 4 
789938479 789938479 3120738595 3120738595 0 65535 30899 30899 6 6 1 
789938479 789938479 3120738595 3120738595 0 65535 1526 1526 6 6 4 
789938479 789938479 789939858 789939858 0 65535 14753 14753 6 6 2 
789938453 789938453 789939858 789939858 0 65535 1521 1521 6 6 0 
789938453 789938453 3120709224 3120709224 0 65535 135 135 6 6 2 
789938433 789938433 3120709224 3120709224 0 65535 1221 1221 6 6 4 
789938433 789938433 3120709224 3120709224 0 65535 6889 6889 6 6 4 
789938436 789938436 3120709224 3120709224 0 65535 1707 1707 6 6 3 
789938436 789938436 3120709224 3120709224 0 65535 1540 1540 6 6 1 
693047534 693047534 1248372191 1248372191 0 65535 1521 1521 6 6 2 
693047534 693047534 3120709224 3120709224 0 65535 512 512 6 6 1 
693047534 693047534 3120709224 3120709224 0 65535 21 21 6 6 0 
693047534 693047534 3120709224 3120709224 0 65535 135 135 6 6 2 
693047537 693047537 615786486 615786486 0 65535 1526 1526 6 6 4 
693047540 693047540 3120709224 3120709224 0 65535 20 20 6 6 0 
693047540 693047540 3120709224 3120709224 0 65535 1717 1717 6 6 1 
693047543 693047543 1248372191 1248372191 0 65535 1733 1733 6 6 3 
693047550 693047550 614818646 614818646 0 65535 1712 1712 6 6 1 
693047550 693047550 3120709224 3120709224 0 65535 1708 1708 6 6 1 
693047544 693047544 1248372191 1248372191 0 65535 1708 1708 6 6 0 
693047544 693047544 3120709224 3120709224 0 65535 135 135 6 6 3 
693047360 693047360 3120709224 3120709224 0 65535 5555 5555 6 6 0 
693047360 693047360 1248372191 1248372191 0 65535 20 20 6 6 2 
693047360 693047360 3120709224 3120709224 0 65535 1221 1221 6 6 2 
693047360 693047360 3120709224 3120709224 0 65535 1715 1715 6 6 0 
693047360 693047360 3120709224 3120709224 0 65535 1705 1705 6 6 2 
693047360 693047360 607124035 607124035 0 65535 1526 1526 6 6 2 
693047360 693047360 3120709224 3120709224 0 65535 14753 14753 6 6 2 
693047360 693047360 3120709224 3120709224 0 65535 1712 1712 6 6 2 
693047360 693047360 3120709224 3120709224 0 65535 1711 1711 6 6 3 
693047360 693047360 1248372191 1248372191 0 65535 1707 1707 6 6 1 
693047360 693047360 693048772 693048772 0 65535 1717 1717 6 6 2 
693047360 693047360 3120709224 3120709224 0 65535 1521 1521 6 6 2 
693047360 693047360 3120709224 3120709224 0 65535 1526 1526 6 6 2 
693047360 693047360 693049094 693049094 0 65535 21 21 6 6 2 
693047360 693047360 3120709224 3120709224 0 65535 1733 1733 6 6 0 
720142504 720142504 720143430 720143430 0 65535 1707 1707 6 6 2 
720142484 720142484 720143430 720143430 0 65535 32200 32200 6 6 2 
720142480 720142480 3120709224 3120709224 0 65535 1521 1521 6 6 3 
720142476 720142476 3120709224 3120709224 0 65535 1521 1521 6 6 0 
720142471 720142471 3120709224 3120709224 0 65535 14753 14753 6 6 0 
720142469 720142469 3120709224 3120709224 0 65535 1724 1724 6 6 4 
720142584 720142584 3120709224 3120709224 0 65535 55444 55444 6 6 3 
720142584 720142584 1248372191 1248372191 0 65535 1489 1489 6 6 3 
720142590 720142590 3120709224 3120709224 0 65535 27000 27000 6 6 2 
720142577 720142577 3120709224 3120709224 0 65535 1521 1521 6 6 0 
720142577 720142577 3120709224 3120709224 0 65535 1734 1734 6 6 2 
720142582 720142582 3120709224 3120709224 0 65535 1521 1521 6 6 4 
720142582 720142582 3120709224 3120709224 0 65535 1433 1433 6 6 4 
720142583 720142583 3120709224 3120709224 0 65535 80 80 6 6 4 
720142583 720142583 3120709224 3120709224 0 65535 27400 27400 6 6 0 
720142574 720142574 3120709224 3120709224 0 65535 1521 1521 6 6 0 
720142574 720142574 3120709224 3120709224 0 65535 1715 1715 6 6 4 
720142574 720142574 3120709224 3120709224 0 65535 1489 1489 6 6 1 
720142574 720142574 3120709224 3120709224 0 65535 6789 6789 6 6 0 
720142574 720142574 3120709224 3120709224 0 65535 5541 5541 6 6 4 
720142574 720142574 3120709224 3120709224 0 65535 1221 1221 6 6 0 
720142533 720142533 720143430 720143430 0 65535 1712 1712 6 6 1 
720142541 720142541 3120709224 3120709224 0 65535 30804 30804 6 6 3 
720142541 720142541 3120709224 3120709224 0 65535 1708 1708 6 6 0 
720142537 720142537 3120709224 3120709224 0 65535 1521 1521 6 6 3 
720142558 720142558 3120709224 3120709224 0 65535 6000 6000 6 6 1 
720142558 720142558 3120709224 3120709224 0 65535 1705 1705 6 6 3 
720142544 720142544 1248372191 1248372191 0 65535 1521 1521 6 6 1 
720142544 720142544 3120709224 3120709224 0 65535 1489 1489 6 6 0 
720142546 720142546 3120709224 3120709224 0 65535 1521 1521 6 6 3 
720142551 720142551 635096253 635096253 0 65535 1704 1704 6 6 0 
720142551 720142551 3120709224 3120709224 0 65535 1521 1521 6 6 3 
720142551 720142551 3120709224 3120709224 0 65535 1525 1525 6 6 4 
720142551 720142551 1248372191 1248372191 0 65535 1490 1490 6 6 4 
720142551 720142551 3120709224 3120709224 0 65535 135 135 6 6 2 
720142551 720142551 3120709224 3120709224 0 65535 5540 5540 6 6 4 
320963352 320963352 3120709224 3120709224 0 65535 1707 1707 6 6 4 
320963403 320963403 3120709224 3120709224 0 65535 1525 1525 6 6 1 
320963395 320963395 3120709224 3120709224 0 65535 1521 1521 6 6 4 
320963418 320963418 3120709224 3120709224 0 65535 1352 1352 6 6 3 
320963451 320963451 3120709224 3120709224 0 65535 20 20 6 6 2 
320963451 320963451 3120709224 3120709224 0 65535 1705 1705 6 6 2 
320963451 320963451 3120709224 3120709224 0 65535 6789 6789 6 6 1 
320963451 320963451 320963664 320963664 0 65535 135 135 6 6 0 
320963495 320963495 3120709224 3120709224 0 65535 1708 1708 6 6 1 
320963498 320963498 3120709224 3120709224 0 65535 1433 1433 6 6 4 
320963484 320963484 320963664 320963664 0 65535 1526 1526 6 6 3 
320963485 320963485 3120709224 3120709224 0 65535 1724 1724 6 6 2 
320963487 320963487 426384197 426384197 0 65535 1521 1521 6 6 3 
320963535 320963535 3120709224 3120709224 0 65535 1734 1734 6 6 1 
320963535 320963535 419380422 419380422 0 65535 1489 1489 6 6 2 
320963520 320963520 3120709224 3120709224 0 65535 14753 14753 6 6 2 
320963520 320963520 3120709224 3120709224 0 65535 5541 5541 6 6 2 
320963524 320963524 3120709224 3120709224 0 65535 1724 1724 6 6 0 
320963548 320963548 3120709224 3120709224 0 65535 1521 1521 6 6 0 
320963550 320963550 3120709224 3120709224 0 65535 5631 5631 6 6 1 
320963541 320963541 3120709224 3120709224 0 65535 1433 1433 6 6 0 
320963543 320963543 3120709224 3120709224 0 65535 1521 1521 6 6 0 
320963555 320963555 3120709224 3120709224 0 65535 1712 1712 6 6 3 
320963554 320963554 3120709224 3120709224 0 65535 5555 5555 6 6 1 
320963560 320963560 3120709224 3120709224 0 65535 14753 14753 6 6 2 
320963561 320963561 3120709224 3120709224 0 65535 443 443 6 6 1 
320963561 320963561 3120709224 3120709224 0 65535 1706 1706 6 6 4 
320963561 320963561 3120709224 3120709224 0 65535 5541 5541 6 6 2 
320963573 320963573 3120709224 3120709224 0 65535 1715 1715 6 6 0 
320963573 320963573 3120709224 3120709224 0 65535 2110 2110 6 6 2 
320963574 320963574 3120709224 3120709224 0 65535 1433 1433 6 6 1 
320963574 320963574 3120709224 3120709224 0 65535 1706 1706 6 6 0 
320963574 320963574 3120709224 3120709224 0 65535 1525 1525 6 6 1 
320963574 320963574 3120709224 3120709224 0 65535 32201 32201 6 6 3 
297716016 297716016 3120709224 3120709224 0 65535 135 135 17 17 4 
297716016 297716016 3120709224 3120709224 0 65535 1724 1724 17 17 2 
297716016 297716016 3120709224 3120709224 0 65535 1221 1221 6 6 0 
297716020 297716020 3120709224 3120709224 0 65535 1708 1708 6 6 0 
297716021 297716021 3120709224 3120709224 0 65535 1526 1526 6 6 0 
297716022 297716022 3120709224 3120709224 0 65535 5555 5555 6 6 0 
297716003 297716003 3120709224 3120709224 0 65535 21 21 6 6 4 
297716003 297716003 3120709224 3120709224 0 65535 1525 1525 6 6 0 
297716003 297716003 1248372191 1248372191 0 65535 1526 1526 6 6 4 
297716000 297716000 3120709224 3120709224 0 65535 2121 2121 6 6 0 
297716000 297716000 3120709224 3120709224 0 65535 3745 3745 6 6 2 
297716001 297716001 3120709224 3120709224 0 65535 6000 6000 6 6 0 
297716001 297716001 3120709224 3120709224 0 65535 1717 1717 6 6 2 
297716001 297716001 1248372191 1248372191 0 65535 14753 14753 6 6 4 
297716001 297716001 3120709224 3120709224 0 65535 1712 1712 6 6 1 
297715995 297715995 3120709224 3120709224 0 65535 1521 1521 6 6 0 
297715996 297715996 3120709224 3120709224 0 65535 3745 3745 6 6 3 
297715999 297715999 3120709224 3120709224 0 65535 1705 1705 6 6 1 
297715999 297715999 3120709224 3120709224 0 65535 32201 32201 6 6 0 
297715976 297715976 3120709224 3120709224 0 65535 1707 1707 6 6 0 
297715979 297715979 3120709224 3120709224 0 65535 14753 14753 6 6 1 
297715979 297715979 297716747 297716747 0 65535 1704 1704 6 6 3 
297715979 297715979 3120709224 3120709224 0 65535 1521 1521 6 6 1 
297715979 297715979 3120709224 3120709224 0 65535 1526 1526 6 6 4 
297715973 297715973 413769124 413769124 0 65535 6000 6000 6 6 0 
297715973 297715973 3120709224 3120709224 0 65535 30804 30804 6 6 1 
297715972 297715972 3120709224 3120709224 0 65535 1521 1521 6 6 3 
297715969 297715969 3120709224 3120709224 0 65535 1433 1433 6 6 3 
297715969 297715969 3120709224 3120709224 0 65535 135 135 6 6 2 
297715969 297715969 3120709224 3120709224 0 65535 12050 12050 6 6 0 
396159693 396159693 3120709224 3120709224 0 65535 1526 1526 6 6 0 
396159740 396159740 3120709224 3120709224 0 65535 1521 1521 6 6 4 
396159717 396159717 3120709224 3120709224 0 65535 1707 1707 6 6 3 
396159651 396159651 3120709224 3120709224 0 65535 1521 1521 6 6 1 
396159654 396159654 3120709224 3120709224 0 65535 1526 1526 6 6 2 
396159658 396159658 3120709224 3120709224 0 65535 21 21 6 6 0 
396159657 396159657 3120709224 3120709224 0 65535 1433 1433 6 6 4 
396159661 396159661 3120709224 3120709224 0 65535 1650 1650 6 6 0 
396159677 396159677 3120709224 3120709224 0 65535 1521 1521 6 6 3 
396159670 396159670 302503631 302503631 0 65535 1712 1712 6 6 4 
396159667 396159667 3120709224 3120709224 0 65535 1706 1706 6 6 4 
396159665 396159665 3120709224 3120709224 0 65535 1708 1708 6 6 3 
396159528 396159528 3120709224 3120709224 0 65535 21 21 6 6 0 
396159498 396159498 396160073 396160073 0 65535 5540 5540 6 6 1 
396159604 396159604 3120709224 3120709224 0 65535 1521 1521 6 6 2 
396159603 396159603 3120709224 3120709224 0 65535 27000 27000 6 6 0 
396159603 396159603 3120709224 3120709224 0 65535 1711 1711 6 6 1 
396159613 396159613 3120709224 3120709224 0 65535 5543 5543 6 6 4 
396159613 396159613 3120709224 3120709224 0 65535 1708 1708 6 6 3 
396159615 396159615 3120709224 3120709224 0 65535 1724 1724 6 6 2 
396159610 396159610 1248372191 1248372191 0 65535 1711 1711 6 6 0 
396159609 396159609 3120709224 3120709224 0 65535 1526 1526 6 6 2 
396159568 396159568 3120709224 3120709224 0 65535 1521 1521 6 6 0 
396159571 396159571 3120709224 3120709224 0 65535 1525 1525 6 6 1 
396159576 396159576 3120709224 3120709224 0 65535 5543 5543 6 6 4 
396159578 396159578 3120709224 3120709224 0 65535 1221 1221 6 6 3 
396159554 396159554 3120709224 3120709224 0 65535 5555 5555 6 6 3 
396159555 396159555 1248372191 1248372191 0 65535 2115 2115 6 6 3 
396159553 396159553 3120709224 3120709224 0 65535 6789 6789 6 6 1 
396159564 396159564 3120709224 3120709224 0 65535 1715 1715 6 6 3 
396159564 396159564 3120709224 3120709224 0 65535 1733 1733 6 6 2 
396159564 396159564 3120709224 3120709224 0 65535 1521 1521 6 6 4 
344580825 344580825 3120709224 3120709224 0 65535 1521 1521 6 6 4 
344580831 344580831 3120709224 3120709224 0 65535 1521 1521 6 6 0 
344580820 344580820 3120709224 3120709224 0 65535 1526 1526 17 17 4 
344580801 344580801 3120709224 3120709224 0 65535 1221 1221 17 17 0 
344580810 344580810 3120709224 3120709224 0 65535 1521 1521 6 6 3 
344580851 344580851 3120709224 3120709224 0 65535 1526 1526 6 6 0 
344580853 344580853 3120709224 3120709224 0 65535 2308 2308 6 6 4 
344580834 344580834 3120709224 3120709224 0 65535 20 20 6 6 3 
344580749 344580749 3120709224 3120709224 0 65535 27000 27000 6 6 3 
344580744 344580744 3120709224 3120709224 0 65535 32201 32201 6 6 2 
344580743 344580743 3120709224 3120709224 0 65535 1724 1724 6 6 3 
344580764 344580764 1248372191 1248372191 0 65535 20 20 6 6 2 
344580759 344580759 125524736 125524736 0 65535 6000 6000 17 17 0 
344580758 344580758 3120709224 3120709224 0 65535 1704 1704 6 6 4 
344580755 344580755 3120709224 3120709224 0 65535 6000 6000 6 6 2 
344580788 344580788 1248372191 1248372191 0 65535 1221 1221 6 6 1 
344580790 344580790 3120709224 3120709224 0 65535 1521 1521 6 6 3 
344580794 344580794 3120709224 3120709224 0 65535 5541 5541 6 6 1 
344580798 344580798 3120709224 3120709224 0 65535 1711 1711 6 6 4 
344580797 344580797 1248372191 1248372191 0 65535 1708 1708 6 6 2 
344580780 344580780 3120709224 3120709224 0 65535 1724 1724 6 6 2 
344580780 344580780 1248372191 1248372191 0 65535 6000 6000 6 6 4 
344580780 344580780 3120709224 3120709224 0 65535 65500 65500 6 6 2 
344580780 344580780 510953842 510953842 0 65535 1433 1433 6 6 4 
344580778 344580778 3120709224 3120709224 0 65535 1717 1717 6 6 4 
451738554 451738554 3120709224 3120709224 0 65535 19856 19856 6 6 3 
451738553 451738553 3120709224 3120709224 0 65535 1724 1724 6 6 2 
451738553 451738553 3120709224 3120709224 0 65535 1707 1707 6 6 0 
451738546 451738546 3120709224 3120709224 0 65535 6789 6789 6 6 1 
451738546 451738546 3120709224 3120709224 0 65535 5541 5541 6 6 2 
451738544 451738544 3120709224 3120709224 0 65535 1521 1521 6 6 1 
451738544 451738544 3120709224 3120709224 0 65535 1221 1221 6 6 1 
451738548 451738548 3120709224 3120709224 0 65535 5555 5555 6 6 3 
451738548 451738548 3120709224 3120709224 0 65535 1526 1526 6 6 2 
451738548 451738548 3120709224 3120709224 0 65535 1521 1521 6 6 0 
451738550 451738550 3120709224 3120709224 0 65535 1540 1540 6 6 2 
451738550 451738550 3120709224 3120709224 0 65535 1521 1521 6 6 1 
451738550 451738550 3120709224 3120709224 0 65535 1526 1526 6 6 2 
451738517 451738517 3120709224 3120709224 0 65535 1705 1705 6 6 2 
451738517 451738517 3120709224 3120709224 0 65535 5631 5631 6 6 0 
451738519 451738519 3120709224 3120709224 0 65535 1221 1221 6 6 3 
451738513 451738513 1248372191 1248372191 0 65535 1712 1712 6 6 0 
451738523 451738523 1248372191 1248372191 0 65535 1525 1525 6 6 0 
451738526 451738526 3120709224 3120709224 0 65535 1708 1708 6 6 1 
451738526 451738526 3120709224 3120709224 0 65535 1704 1704 6 6 4 
451738524 451738524 451739544 451739544 0 65535 6000 6000 6 6 0 
451738498 451738498 3120709224 3120709224 0 65535 5541 5541 6 6 0 
451738498 451738498 3120709224 3120709224 0 65535 5631 5631 6 6 4 
451738502 451738502 3120709224 3120709224 0 65535 1521 1521 6 6 0 
451738502 451738502 3120709224 3120709224 0 65535 1704 1704 6 6 3 
451738502 451738502 3120709224 3120709224 0 65535 1706 1706 6 6 0 
451738502 451738502 3120709224 3120709224 0 65535 2026 2026 6 6 1 
407791496 407791496 3120709224 3120709224 0 65535 32201 32201 6 6 0 
407791514 407791514 130741912 130741912 0 65535 1734 1734 6 6 4 
407791566 407791566 3120709224 3120709224 0 65535 5555 5555 6 6 0 
407791581 407791581 3121826250 3121826250 0 65535 5555 5555 6 6 1 
407791613 407791613 3121826250 3121826250 0 65535 1712 1712 6 6 4 
407791609 407791609 3121826250 3121826250 0 65535 1521 1521 6 6 3 
407791607 407791607 3121826250 3121826250 0 65535 6889 6889 6 6 1 
407791585 407791585 3121826250 3121826250 0 65535 1734 1734 6 6 4 
407791480 407791480 3121826250 3121826250 0 65535 1521 1521 6 6 4 
407791479 407791479 3121826250 3121826250 0 65535 6890 6890 6 6 2 
407791469 407791469 3121826250 3121826250 0 65535 1734 1734 6 6 1 
407791460 407791460 3121826250 3121826250 0 65535 1490 1490 6 6 2 
407791452 407791452 3121826250 3121826250 0 65535 14753 14753 6 6 4 
407791435 407791435 1248372191 1248372191 0 65535 1733 1733 6 6 1 
407791403 407791403 3121826250 3121826250 0 65535 19856 19856 6 6 2 
407791405 407791405 3121826250 3121826250 0 65535 135 135 6 6 3 
407791405 407791405 3121826250 3121826250 0 65535 1521 1521 6 6 4 
407791395 407791395 3121826250 3121826250 0 65535 1521 1521 6 6 2 
407791396 407791396 3121826250 3121826250 0 65535 1712 1712 6 6 4 
407791368 407791368 3121826250 3121826250 0 65535 1525 1525 6 6 1 
407791373 407791373 500491880 500491880 0 65535 2110 2110 6 6 1 
407791364 407791364 1248372191 1248372191 0 65535 1734 1734 6 6 4 
407791381 407791381 3121826250 3121826250 0 65535 2110 2110 6 6 0 
407791382 407791382 3121826250 3121826250 0 65535 5632 5632 6 6 2 
407791382 407791382 3121826250 3121826250 0 65535 1525 1525 6 6 1 
407791391 407791391 3121826250 3121826250 0 65535 1705 1705 6 6 2 
407791391 407791391 3121826250 3121826250 0 65535 1712 1712 6 6 0 
407791389 407791389 3121826250 3121826250 0 65535 6790 6790 6 6 0 
407791389 407791389 3121826250 3121826250 0 65535 1712 1712 6 6 1 
527086546 527086546 3121826250 3121826250 0 65535 1433 1433 6 6 0 
527086542 527086542 3121826250 3121826250 0 65535 1724 1724 6 6 1 
527086530 527086530 3121826250 3121826250 0 65535 1704 1704 6 6 0 
527086496 527086496 3121826250 3121826250 0 65535 5541 5541 6 6 2 
527086523 527086523 3121826250 3121826250 0 65535 1221 1221 6 6 1 
527086491 527086491 3121826250 3121826250 0 65535 14753 14753 6 6 2 
527086489 527086489 3121826250 3121826250 0 65535 1712 1712 6 6 1 
527086480 527086480 3121826250 3121826250 0 65535 6789 6789 6 6 2 
527086485 527086485 3121826250 3121826250 0 65535 1724 1724 6 6 0 
527086485 527086485 1248372191 1248372191 0 65535 19856 19856 6 6 2 
527086485 527086485 3121826250 3121826250 0 65535 1540 1540 6 6 4 
527086426 527086426 3121826250 3121826250 0 65535 1704 1704 6 6 1 
527086411 527086411 3121826250 3121826250 0 65535 1540 1540 6 6 1 
527086411 527086411 3121826250 3121826250 0 65535 1602 1602 6 6 4 
527086411 527086411 3121826250 3121826250 0 65535 14753 14753 6 6 3 
527086353 527086353 3121826250 3121826250 0 65535 6790 6790 6 6 0 
527086357 527086357 527087534 527087534 0 65535 1707 1707 6 6 4 
527086360 527086360 3121826250 3121826250 0 65535 5631 5631 6 6 1 
527086364 527086364 3121826250 3121826250 0 65535 6849 6849 6 6 4 
527086345 527086345 3121826250 3121826250 0 65535 55444 55444 6 6 0 
527086340 527086340 3121826250 3121826250 0 65535 1734 1734 6 6 0 
527086343 527086343 352990425 352990425 0 65535 1521 1521 6 6 3 
527086396 527086396 3121826250 3121826250 0 65535 5555 5555 6 6 0 
527086384 527086384 3121826250 3121826250 0 65535 1705 1705 6 6 1 
527086386 527086386 3121826250 3121826250 0 65535 1526 1526 6 6 1 
527086389 527086389 3121826250 3121826250 0 65535 30211 30211 6 6 2 
527086388 527086388 1248372191 1248372191 0 65535 20 20 6 6 2 
527086379 527086379 3121826250 3121826250 0 65535 1707 1707 6 6 0 
527086382 527086382 3121826250 3121826250 0 65535 135 135 6 6 0 
527086381 527086381 3121826250 3121826250 0 65535 21 21 6 6 3 
527086374 527086374 3121826250 3121826250 0 65535 6849 6849 6 6 2 
527086371 527086371 1248372191 1248372191 0 65535 1711 1711 6 6 3 
527086371 527086371 3121826250 3121826250 0 65535 1526 1526 6 6 1 
527086371 527086371 103360825 103360825 0 65535 30899 30899 6 6 3 
479769567 479769567 457706608 457706608 0 65535 1221 1221 6 6 0 
479769582 479769582 3121826250 3121826250 0 65535 1526 1526 6 6 2 
479769582 479769582 1248372191 1248372191 0 65535 1521 1521 6 6 1 
479769579 479769579 3121826250 3121826250 0 65535 4646 4646 6 6 4 
479769574 479769574 3121826250 3121826250 0 65535 1526 1526 6 6 2 
479769573 479769573 3121826250 3121826250 0 65535 1526 1526 6 6 1 
479769572 479769572 3121826250 3121826250 0 65535 1521 1521 6 6 1 
479769572 479769572 3121826250 3121826250 0 65535 135 135 6 6 3 
479769362 479769362 1248372191 1248372191 0 65535 1540 1540 6 6 3 
479769372 479769372 3121826250 3121826250 0 65535 2051 2051 6 6 2 
479769386 479769386 3121826250 3121826250 0 65535 1521 1521 6 6 2 
479769414 479769414 3121826250 3121826250 0 65535 1526 1526 6 6 4 
479769415 479769415 3121826250 3121826250 0 65535 5631 5631 6 6 0 
479769420 479769420 1248372191 1248372191 0 65535 1526 1526 6 6 3 
479769424 479769424 1248372191 1248372191 0 65535 20 20 6 6 3 
479769424 479769424 3121826250 3121826250 0 65535 1489 1489 6 6 0 
479769439 479769439 1248372191 1248372191 0 65535 1712 1712 6 6 1 
479769437 479769437 1248372191 1248372191 0 65535 1724 1724 6 6 1 
479769450 479769450 479769724 479769724 0 65535 1711 1711 6 6 0 
479769448 479769448 3121826250 3121826250 0 65535 1711 1711 6 6 2 
479769452 479769452 3121826250 3121826250 0 65535 1221 1221 6 6 4 
479769452 479769452 1248372191 1248372191 0 65535 19856 19856 6 6 3 
479769455 479769455 3121826250 3121826250 0 65535 30899 30899 6 6 4 
479769455 479769455 3121826250 3121826250 0 65535 1526 1526 6 6 1 
479769441 479769441 3121826250 3121826250 0 65535 1711 1711 6 6 2 
479769444 479769444 3121826250 3121826250 0 65535 21 21 6 6 4 
479769444 479769444 3121826250 3121826250 0 65535 15121 15121 6 6 0 
229261914 229261914 3121826250 3121826250 0 65535 1489 1489 6 6 0 
229261911 229261911 3121826250 3121826250 0 65535 1521 1521 6 6 0 
229261889 229261889 1248372191 1248372191 0 65535 14753 14753 6 6 4 
229261938 229261938 3121826250 3121826250 0 65535 5631 5631 6 6 3 
229261935 229261935 3121826250 3121826250 0 65535 1521 1521 6 6 4 
229261887 229261887 3121826250 3121826250 0 65535 1521 1521 6 6 2 
229261883 229261883 3121826250 3121826250 0 65535 1221 1221 6 6 0 
229261873 229261873 3121826250 3121826250 0 65535 14753 14753 6 6 4 
229261867 229261867 1248372191 1248372191 0 65535 21 21 6 6 1 
229261868 229261868 3121826250 3121826250 0 65535 1221 1221 6 6 1 
229261859 229261859 3121826250 3121826250 0 65535 2051 2051 6 6 2 
229261859 229261859 3121826250 3121826250 0 65535 1526 1526 6 6 4 
229261863 229261863 3121826250 3121826250 0 65535 1708 1708 6 6 0 
229261824 229261824 3121826250 3121826250 0 65535 20 20 6 6 1 
229261826 229261826 3121826250 3121826250 0 65535 5540 5540 6 6 2 
229261826 229261826 3121826250 3121826250 0 65535 1521 1521 6 6 3 
229261834 229261834 3121826250 3121826250 0 65535 1733 1733 6 6 1 
229261839 229261839 1248372191 1248372191 0 65535 5540 5540 6 6 1 
229261839 229261839 3121826250 3121826250 0 65535 1711 1711 6 6 4 
229261839 229261839 229262942 229262942 0 65535 1526 1526 6 6 2 
229261840 229261840 3121826250 3121826250 0 65535 5541 5541 6 6 1 
229261844 229261844 3121826250 3121826250 0 65535 1521 1521 6 6 0 
229261846 229261846 3121826250 3121826250 0 65535 1712 1712 6 6 0 
229261849 229261849 3121826250 3121826250 0 65535 1221 1221 6 6 4 
229261849 229261849 3121826250 3121826250 0 65535 27400 27400 6 6 2 
229261854 229261854 3121826250 3121826250 0 65535 1705 1705 6 6 4 
229261854 229261854 1248372191 1248372191 0 65535 512 512 6 6 0 
229261854 229261854 280700451 280700451 0 65535 1433 1433 6 6 1 
254432897 254432897 3121826250 3121826250 0 65535 1733 1733 6 6 2 
254432932 254432932 3121826250 3121826250 0 65535 14753 14753 6 6 2 
254433009 254433009 3121826250 3121826250 0 65535 31000 31000 6 6 3 
254433014 254433014 1248372191 1248372191 0 65535 1525 1525 6 6 1 
254432993 254432993 1248372191 1248372191 0 65535 5540 5540 6 6 1 
254433001 254433001 3121826250 3121826250 0 65535 1521 1521 6 6 4 
254432976 254432976 30010052 30010052 0 65535 1521 1521 6 6 1 
254432979 254432979 3121826250 3121826250 0 65535 1712 1712 6 6 1 
254432981 254432981 3121826250 3121826250 0 65535 20 20 6 6 3 
254432970 254432970 3121826250 3121826250 0 65535 1521 1521 6 6 4 
254432970 254432970 3121826250 3121826250 0 65535 31000 31000 6 6 0 
254432975 254432975 3121826250 3121826250 0 65535 5555 5555 6 6 1 
254432973 254432973 3121826250 3121826250 0 65535 5555 5555 6 6 3 
254432853 254432853 3121826250 3121826250 0 65535 1490 1490 6 6 1 
254432889 254432889 1248372191 1248372191 0 65535 1521 1521 6 6 3 
254432887 254432887 3121826250 3121826250 0 65535 6888 6888 6 6 1 
254432817 254432817 3121826250 3121826250 0 65535 1704 1704 6 6 2 
254432817 254432817 3121826250 3121826250 0 65535 14753 14753 6 6 4 
254432829 254432829 1248372191 1248372191 0 65535 5631 5631 6 6 0 
254432828 254432828 3121826250 3121826250 0 65535 2121 2121 6 6 0 
254432826 254432826 3121826250 3121826250 0 65535 1521 1521 6 6 4 
254432824 254432824 3121826250 3121826250 0 65535 5541 5541 6 6 0 
254432808 254432808 3121826250 3121826250 0 65535 5540 5540 6 6 0 
254432809 254432809 3121826250 3121826250 0 65535 14753 14753 6 6 4 
254432809 254432809 3121826250 3121826250 0 65535 512 512 6 6 0 
254432814 254432814 3121826250 3121826250 0 65535 21 21 6 6 1 
254432814 254432814 3121826250 3121826250 0 65535 1521 1521 6 6 3 
254432815 254432815 3121826250 3121826250 0 65535 1521 1521 6 6 2 
254432803 254432803 3121826250 3121826250 0 65535 1712 1712 6 6 4 
254432805 254432805 3121826250 3121826250 0 65535 135 135 6 6 3 
254432805 254432805 3121826250 3121826250 0 65535 1526 1526 6 6 2 
254432805 254432805 3121826250 3121826250 0 65535 21 21 6 6 4 
254432805 254432805 3121826250 3121826250 0 65535 1521 1521 6 6 4 
189951442 189951442 3121826250 3121826250 0 65535 1724 1724 6 6 2 
189951453 189951453 3121826250 3121826250 0 65535 19856 19856 6 6 4 
189951423 189951423 3121826250 3121826250 0 65535 1521 1521 6 6 1 
189951423 189951423 3121826250 3121826250 0 65535 30210 30210 6 6 4 
189951421 189951421 269819036 269819036 0 65535 1490 1490 6 6 4 
189951406 189951406 3121826250 3121826250 0 65535 135 135 17 17 3 
189951406 189951406 244717962 244717962 0 65535 1525 1525 6 6 4 
189951406 189951406 3121826250 3121826250 0 65535 1705 1705 6 6 1 
189951365 189951365 3121826250 3121826250 0 65535 135 135 6 6 3 
189951361 189951361 3121826250 3121826250 0 65535 1733 1733 6 6 2 
189951361 189951361 3121826250 3121826250 0 65535 27400 27400 6 6 2 
189951369 189951369 3121826250 3121826250 0 65535 1521 1521 6 6 2 
189951372 189951372 3121826250 3121826250 0 65535 5541 5541 6 6 2 
189951372 189951372 3121826250 3121826250 0 65535 1706 1706 17 17 3 
189951380 189951380 3121826250 3121826250 0 65535 1489 1489 6 6 0 
189951379 189951379 3121826250 3121826250 0 65535 1521 1521 6 6 0 
189951378 189951378 3121826250 3121826250 0 65535 1602 1602 6 6 2 
189951387 189951387 3121826250 3121826250 0 65535 1521 1521 6 6 0 
189951387 189951387 3121826250 3121826250 0 65535 1221 1221 6 6 4 
189951387 189951387 19419352 19419352 0 65535 1521 1521 6 6 1 
189951387 189951387 3121826250 3121826250 0 65535 1706 1706 6 6 0 
189951388 189951388 3121826250 3121826250 0 65535 20 20 6 6 2 
189951388 189951388 3121826250 3121826250 0 65535 2110 2110 6 6 2 
189951389 189951389 245343503 245343503 0 65535 30211 30211 6 6 3 
189951390 189951390 3121826250 3121826250 0 65535 20 20 6 6 0 
161334191 161334191 3121826250 3121826250 0 65535 1734 1734 6 6 1 
161334192 161334192 3121826250 3121826250 0 65535 1521 1521 6 6 4 
161334192 161334192 3121826250 3121826250 0 65535 14753 14753 6 6 4 
161334197 161334197 3121826250 3121826250 0 65535 5632 5632 6 6 3 
161334202 161334202 3121826250 3121826250 0 65535 1600 1600 6 6 2 
161334201 161334201 3121826250 3121826250 0 65535 20 20 6 6 1 
161334163 161334163 3121826250 3121826250 0 65535 21 21 6 6 0 
161334161 161334161 3121826250 3121826250 0 65535 135 135 6 6 3 
161334165 161334165 3121826250 3121826250 0 65535 6000 6000 6 6 1 
161334172 161334172 3121826250 3121826250 0 65535 20 20 6 6 2 
161334171 161334171 161233274 161233274 0 65535 20 20 6 6 4 
161334170 161334170 1248372191 1248372191 0 65535 1734 1734 6 6 1 
161334070 161334070 3121826250 3121826250 0 65535 1712 1712 6 6 2 
161334067 161334067 3121826250 3121826250 0 65535 2308 2308 6 6 1 
161334076 161334076 3121826250 3121826250 0 65535 1521 1521 6 6 0 
161334076 161334076 1248372191 1248372191 0 65535 1707 1707 6 6 4 
161334073 161334073 3121826250 3121826250 0 65535 6789 6789 6 6 3 
161334073 161334073 3121826250 3121826250 0 65535 1705 1705 6 6 0 
161334049 161334049 3121826250 3121826250 0 65535 1724 1724 6 6 1 
161334054 161334054 3121826250 3121826250 0 65535 6000 6000 6 6 3 
161334058 161334058 1248372191 1248372191 0 65535 5555 5555 6 6 4 
161334056 161334056 3121826250 3121826250 0 65535 1521 1521 6 6 4 
161334056 161334056 1248372191 1248372191 0 65535 1521 1521 6 6 4 
161334022 161334022 3121826250 3121826250 0 65535 1521 1521 6 6 1 
161334022 161334022 202543932 202543932 0 65535 1521 1521 6 6 0 
161334024 161334024 161233274 161233274 0 65535 1526 1526 6 6 4 
161334024 161334024 3121826250 3121826250 0 65535 14753 14753 6 6 1 
161334046 161334046 3121826250 3121826250 0 65535 1521 1521 6 6 4 
161334046 161334046 161233087 161233087 0 65535 1352 1352 6 6 4 
161334032 161334032 3121826250 3121826250 0 65535 135 135 6 6 1 
161334032 161334032 3121826250 3121826250 0 65535 1521 1521 6 6 1 
161334038 161334038 3121826250 3121826250 0 65535 1433 1433 6 6 1 
161334038 161334038 3121826250 3121826250 0 65535 1707 1707 6 6 2 
161334038 161334038 1248372191 1248372191 0 65535 20 20 6 6 0 
161334038 161334038 3121826250 3121826250 0 65535 2110 2110 6 6 4 
90101156 90101156 3121826250 3121826250 0 65535 1711 1711 6 6 0 
90101244 90101244 3121826250 3121826250 0 65535 1521 1521 6 6 4 
90101244 90101244 3121826250 3121826250 0 65535 1433 1433 6 6 0 
90101233 90101233 3121826250 3121826250 0 65535 1521 1521 6 6 1 
90101214 90101214 3121826250 3121826250 0 65535 1540 1540 6 6 3 
90101199 90101199 1248372191 1248372191 0 65535 1521 1521 6 6 3 
90101194 90101194 3121826250 3121826250 0 65535 1221 1221 6 6 4 
90101186 90101186 3121826250 3121826250 0 65535 1733 1733 6 6 4 
90101003 90101003 3121826250 3121826250 0 65535 6000 6000 6 6 2 
90101044 90101044 3121826250 3121826250 0 65535 1706 1706 6 6 4 
90101108 90101108 1248372191 1248372191 0 65535 1734 1734 6 6 2 
90101119 90101119 3121826250 3121826250 0 65535 1521 1521 6 6 3 
90101117 90101117 3121826250 3121826250 0 65535 1715 1715 6 6 1 
90101099 90101099 3121826250 3121826250 0 65535 1352 1352 6 6 1 
90101100 90101100 3121826250 3121826250 0 65535 1221 1221 6 6 0 
90101093 90101093 3121826250 3121826250 0 65535 1715 1715 6 6 4 
90101088 90101088 3121826250 3121826250 0 65535 1521 1521 17 17 4 
90101081 90101081 3121826250 3121826250 0 65535 1521 1521 17 17 1 
90101084 90101084 90100382 90100382 0 65535 443 443 17 17 1 
90101087 90101087 3121826250 3121826250 0 65535 27000 27000 6 6 4 
90101077 90101077 3121826250 3121826250 0 65535 1526 1526 6 6 0 
90101077 90101077 3121826250 3121826250 0 65535 2121 2121 6 6 3 
90101074 90101074 3121826250 3121826250 0 65535 5631 5631 6 6 2 
90101074 90101074 90100382 90100382 0 65535 1715 1715 6 6 4 
90101072 90101072 435502068 435502068 0 65535 1704 1704 6 6 4 
118252395 118252395 3121826250 3121826250 0 65535 1525 1525 6 6 1 
118252395 118252395 1248372191 1248372191 0 65535 1526 1526 6 6 3 
118252415 118252415 3121826250 3121826250 0 65535 1717 1717 6 6 1 
118252411 118252411 3121826250 3121826250 0 65535 1705 1705 6 6 3 
118252344 118252344 3121826250 3121826250 0 65535 1521 1521 6 6 0 
118252347 118252347 3121826250 3121826250 0 65535 1521 1521 6 6 2 
118252336 118252336 3121826250 3121826250 0 65535 1707 1707 6 6 3 
118252338 118252338 435194476 435194476 0 65535 5541 5541 6 6 0 
118252341 118252341 3121826250 3121826250 0 65535 20 20 6 6 4 
118252342 118252342 3121826250 3121826250 0 65535 1526 1526 6 6 3 
118252321 118252321 3121826250 3121826250 0 65535 1521 1521 6 6 1 
118252321 118252321 3121826250 3121826250 0 65535 5541 5541 6 6 1 
118252328 118252328 37126675 37126675 0 65535 2115 2115 6 6 3 
118252319 118252319 3121826250 3121826250 0 65535 1521 1521 6 6 0 
118252312 118252312 3121826250 3121826250 0 65535 1526 1526 6 6 2 
118252307 118252307 3121826250 3121826250 0 65535 1521 1521 6 6 1 
118252307 118252307 3121826250 3121826250 0 65535 1717 1717 6 6 4 
118252289 118252289 3121826250 3121826250 0 65535 2121 2121 6 6 1 
118252291 118252291 3121826250 3121826250 0 65535 1526 1526 6 6 1 
118252295 118252295 3121826250 3121826250 0 65535 1490 1490 6 6 3 
118252292 118252292 3121826250 3121826250 0 65535 14753 14753 6 6 1 
118252293 118252293 1248372191 1248372191 0 65535 19856 19856 6 6 1 
118252301 118252301 1248372191 1248372191 0 65535 1724 1724 6 6 0 
118252301 118252301 3121826250 3121826250 0 65535 5541 5541 6 6 1 
118252301 118252301 3121826250 3121826250 0 65535 1525 1525 6 6 4 
118252298 118252298 3121826250 3121826250 0 65535 1602 1602 6 6 1 
118252299 118252299 3121826250 3121826250 0 65535 5540 5540 6 6 4 
118252299 118252299 3121826250 3121826250 0 65535 1706 1706 6 6 1 
118252299 118252299 3121826250 3121826250 0 65535 1526 1526 6 6 0 
11710749 11710749 3121826250 3121826250 0 65535 5631 5631 6 6 0 
11710747 11710747 3121826250 3121826250 0 65535 1221 1221 6 6 3 
11710737 11710737 3121826250 3121826250 0 65535 1433 1433 6 6 1 
11710735 11710735 3121826250 3121826250 0 65535 1433 1433 17 17 0 
11710735 11710735 3121826250 3121826250 0 65535 1521 1521 6 6 2 
11710728 11710728 11711869 11711869 0 65535 1521 1521 6 6 3 
11710728 11710728 1248372191 1248372191 0 65535 1433 1433 6 6 0 
11710728 11710728 168004750 168004750 0 65535 5631 5631 6 6 2 
11710833 11710833 3121826250 3121826250 0 65535 27000 27000 6 6 1 
11710833 11710833 3121826250 3121826250 0 65535 6790 6790 6 6 4 
11710833 11710833 3121826250 3121826250 0 65535 1724 1724 6 6 0 
11710835 11710835 3121826250 3121826250 0 65535 1707 1707 6 6 3 
11710835 11710835 3121826250 3121826250 0 65535 3031 3031 6 6 0 
11710829 11710829 11711869 11711869 0 65535 1521 1521 6 6 2 
11710816 11710816 3121826250 3121826250 0 65535 1717 1717 6 6 2 
11710816 11710816 1248372191 1248372191 0 65535 1521 1521 6 6 3 
11710816 11710816 3121826250 3121826250 0 65535 5631 5631 6 6 1 
11710790 11710790 3121826250 3121826250 0 65535 1521 1521 6 6 0 
11710790 11710790 3121826250 3121826250 0 65535 2121 2121 6 6 2 
11710790 11710790 3121826250 3121826250 0 65535 80 80 6 6 1 
11710797 11710797 183211324 183211324 0 65535 6890 6890 6 6 4 
11710805 11710805 3121826250 3121826250 0 65535 27400 27400 6 6 2 
11710814 11710814 3121826250 3121826250 0 65535 1712 1712 6 6 2 
11710814 11710814 1248372191 1248372191 0 65535 1526 1526 6 6 0 
11710812 11710812 3121826250 3121826250 0 65535 30210 30210 6 6 4 
58978222 58978222 3121826250 3121826250 0 65535 5555 5555 6 6 2 
58978217 58978217 3121826250 3121826250 0 65535 1733 1733 6 6 2 
58978230 58978230 3121826250 3121826250 0 65535 1521 1521 6 6 1 
58978225 58978225 3121826250 3121826250 0 65535 1733 1733 6 6 3 
58978225 58978225 3121826250 3121826250 0 65535 1521 1521 6 6 0 
58978224 58978224 67134612 67134612 0 65535 80 80 6 6 2 
58978194 58978194 3121826250 3121826250 0 65535 1521 1521 6 6 4 
58978194 58978194 3121826250 3121826250 0 65535 5632 5632 6 6 1 
58978193 58978193 3121826250 3121826250 0 65535 1704 1704 6 6 1 
58978177 58978177 3121826250 3121826250 0 65535 6000 6000 6 6 1 
58978181 58978181 426384788 426384788 0 65535 5631 5631 6 6 2 
58978147 58978147 3121826250 3121826250 0 65535 1705 1705 6 6 4 
58978165 58978165 58977103 58977103 0 65535 1433 1433 6 6 1 
58978170 58978170 1248372191 1248372191 0 65535 1550 1550 6 6 4 
58978119 58978119 3121826250 3121826250 0 65535 2110 2110 6 6 1 
58978116 58978116 3121826250 3121826250 0 65535 135 135 6 6 1 
58978129 58978129 3121826250 3121826250 0 65535 1521 1521 17 17 2 
58978134 58978134 3121826250 3121826250 0 65535 135 135 6 6 2 
58978137 58978137 3121826250 3121826250 0 65535 1521 1521 6 6 4 
58978093 58978093 3121826250 3121826250 0 65535 5540 5540 6 6 1 
58978093 58978093 3121826250 3121826250 0 65535 5541 5541 6 6 1 
58978091 58978091 3121826250 3121826250 0 65535 135 135 6 6 3 
58978088 58978088 3121826250 3121826250 0 65535 1733 1733 6 6 3 
58978084 58978084 3121826250 3121826250 0 65535 21 21 6 6 1 
58978083 58978083 3121826250 3121826250 0 65535 5543 5543 6 6 2 
58978083 58978083 3121826250 3121826250 0 65535 1733 1733 6 6 2 
58978110 58978110 3121826250 3121826250 0 65535 1433 1433 6 6 3 
58978110 58978110 3121826250 3121826250 0 65535 20 20 6 6 1 
58978110 58978110 1248372191 1248372191 0 65535 5541 5541 6 6 3 
58978107 58978107 3121826250 3121826250 0 65535 1521 1521 6 6 2 
58978107 58978107 1248372191 1248372191 0 65535 32200 32200 6 6 2 
58978107 58978107 3121826250 3121826250 0 65535 5632 5632 6 6 3 
58978107 58978107 3121826250 3121826250 0 65535 1525 1525 6 6 1 
58978107 58978107 3121826250 3121826250 0 65535 30899 30899 6 6 4 
58978107 58978107 58977134 58977134 0 65535 1712 1712 6 6 3 
3117517819 3117517819 755038049 755038049 0 65535 5631 5631 6 6 1 
3117517811 3117517811 755038049 755038049 0 65535 1525 1525 6 6 2 
3117517765 3117517765 755038049 755038049 0 65535 5541 5541 6 6 4 
3117517765 3117517765 755038049 755038049 0 65535 1715 1715 6 6 3 
3117517765 3117517765 755038049 755038049 0 65535 1221 1221 6 6 0 
3117517771 3117517771 4184911075 4184911075 0 65535 1521 1521 6 6 3 
3117517587 3117517587 3117505776 3117505776 0 65535 1711 1711 6 6 2 
3117517608 3117517608 4184911075 4184911075 0 65535 1734 1734 6 6 1 
3117517619 3117517619 3117499395 3117499395 0 65535 1708 1708 6 6 4 
3117517684 3117517684 755038049 755038049 0 65535 1521 1521 6 6 0 
3117517684 3117517684 755038049 755038049 0 65535 5555 5555 6 6 1 
3117517687 3117517687 755038049 755038049 0 65535 1526 1526 6 6 4 
3117517682 3117517682 755038049 755038049 0 65535 135 135 6 6 3 
3117517682 3117517682 3164697886 3164697886 0 65535 1705 1705 6 6 0 
3117517681 3117517681 755038049 755038049 0 65535 1707 1707 6 6 2 
3117517681 3117517681 755038049 755038049 0 65535 19856 19856 6 6 3 
3117517632 3117517632 755038049 755038049 0 65535 19856 19856 17 17 1 
3117517634 3117517634 755038049 755038049 0 65535 21 21 6 6 0 
3117517642 3117517642 755038049 755038049 0 65535 30804 30804 6 6 0 
3117517646 3117517646 755038049 755038049 0 65535 5632 5632 6 6 4 
3117517661 3117517661 755038049 755038049 0 65535 20 20 6 6 4 
3117517659 3117517659 3117499395 3117499395 0 65535 1525 1525 6 6 1 
3117517657 3117517657 755038049 755038049 0 65535 5632 5632 6 6 1 
3117517650 3117517650 755038049 755038049 0 65535 1712 1712 6 6 4 
3117517650 3117517650 755038049 755038049 0 65535 1733 1733 6 6 2 
3117517651 3117517651 755038049 755038049 0 65535 2121 2121 6 6 4 
3117517654 3117517654 755038049 755038049 0 65535 5540 5540 6 6 1 
3117517654 3117517654 755038049 755038049 0 65535 1525 1525 6 6 0 
3121826026 3121826026 755038049 755038049 0 65535 1526 1526 17 17 2 
3121826026 3121826026 755038049 755038049 0 65535 1602 1602 6 6 2 
3121826040 3121826040 755038049 755038049 0 65535 1521 1521 6 6 2 
3121825958 3121825958 3121826250 3121826250 0 65535 14753 14753 6 6 4 
3121825970 3121825970 755038049 755038049 0 65535 1704 1704 6 6 0 
3121825972 3121825972 755038049 755038049 0 65535 1540 1540 6 6 2 
3121825931 3121825931 755038049 755038049 0 65535 1525 1525 6 6 3 
3121825923 3121825923 755038045 755038045 0 65535 1724 1724 6 6 4 
3121825927 3121825927 755038045 755038045 0 65535 5555 5555 6 6 0 
3121825836 3121825836 755038045 755038045 0 65535 5540 5540 6 6 2 
3121825847 3121825847 755038045 755038045 0 65535 4646 4646 6 6 3 
3121825797 3121825797 755038045 755038045 0 65535 5541 5541 6 6 0 
3121825909 3121825909 3121826250 3121826250 0 65535 2026 2026 6 6 0 
3121825914 3121825914 755038045 755038045 0 65535 1540 1540 6 6 4 
3121825914 3121825914 755038045 755038045 0 65535 1526 1526 6 6 1 
3121825916 3121825916 755038045 755038045 0 65535 1712 1712 6 6 2 
3121825916 3121825916 755038045 755038045 0 65535 1221 1221 6 6 2 
3121825916 3121825916 755038045 755038045 0 65535 1704 1704 6 6 4 
3121825917 3121825917 4184911075 4184911075 0 65535 1521 1521 6 6 2 
3121825917 3121825917 755038045 755038045 0 65535 6000 6000 6 6 2 
3121825884 3121825884 755038045 755038045 0 65535 1221 1221 6 6 2 
3121825878 3121825878 755038045 755038045 0 65535 1734 1734 6 6 1 
3121825863 3121825863 755038045 755038045 0 65535 1521 1521 6 6 4 
3121825863 3121825863 755038045 755038045 0 65535 1733 1733 6 6 2 
3121825860 3121825860 755038045 755038045 0 65535 1712 1712 6 6 2 
3121825860 3121825860 755038045 755038045 0 65535 30210 30210 6 6 0 
3121825860 3121825860 4184911075 4184911075 0 65535 1521 1521 6 6 3 
3121825860 3121825860 755038045 755038045 0 65535 1711 1711 6 6 4 
3178770001 3178770001 3178768913 3178768913 0 65535 5540 5540 6 6 3 
3178770003 3178770003 755038045 755038045 0 65535 1221 1221 6 6 3 
3178770007 3178770007 755038045 755038045 0 65535 1521 1521 6 6 3 
3178770045 3178770045 755038045 755038045 0 65535 1602 1602 6 6 0 
3178770032 3178770032 755038045 755038045 0 65535 1525 1525 6 6 4 
3178770037 3178770037 755038045 755038045 0 65535 1711 1711 17 17 3 
3178769958 3178769958 755038045 755038045 0 65535 1521 1521 6 6 3 
3178769952 3178769952 755038045 755038045 0 65535 12050 12050 6 6 0 
3178769963 3178769963 4184911075 4184911075 0 65535 443 443 6 6 0 
3178769963 3178769963 755038045 755038045 0 65535 1521 1521 6 6 4 
3178769976 3178769976 755038045 755038045 0 65535 1433 1433 6 6 4 
3178769976 3178769976 755038045 755038045 0 65535 3745 3745 17 17 0 
3178769979 3178769979 755038045 755038045 0 65535 14753 14753 6 6 3 
3178769979 3178769979 755038045 755038045 0 65535 20 20 6 6 4 
3178769978 3178769978 755038045 755038045 0 65535 1521 1521 6 6 1 
3178769975 3178769975 755038045 755038045 0 65535 6789 6789 6 6 3 
3178769968 3178769968 755038045 755038045 0 65535 1433 1433 6 6 3 
3178769971 3178769971 3178768913 3178768913 0 65535 1521 1521 6 6 2 
3178769927 3178769927 755038045 755038045 0 65535 135 135 6 6 4 
3178769931 3178769931 755038045 755038045 0 65535 1526 1526 6 6 3 
3178769950 3178769950 755038045 755038045 0 65535 1711 1711 6 6 3 
3178769950 3178769950 2954087421 2954087421 0 65535 1521 1521 6 6 2 
3178769944 3178769944 4184911075 4184911075 0 65535 1521 1521 6 6 1 
3178769944 3178769944 755038045 755038045 0 65535 1706 1706 6 6 2 
3178769947 3178769947 755038045 755038045 0 65535 1433 1433 6 6 3 
3178769947 3178769947 755038045 755038045 0 65535 1521 1521 6 6 0 
3178769937 3178769937 4184911075 4184911075 0 65535 1708 1708 6 6 2 
3178769937 3178769937 3178768913 3178768913 0 65535 1521 1521 6 6 1 
3178769936 3178769936 755038045 755038045 0 65535 6000 6000 6 6 4 
3178769940 3178769940 755038045 755038045 0 65535 1521 1521 6 6 1 
3178769940 3178769940 755038045 755038045 0 65535 55444 55444 6 6 3 
3178769943 3178769943 755038045 755038045 0 65535 30211 30211 17 17 0 
3203354480 3203354480 755038045 755038045 0 65535 1521 1521 6 6 3 
3203354400 3203354400 755038045 755038045 0 65535 6000 6000 6 6 3 
3203354415 3203354415 755038045 755038045 0 65535 27400 27400 6 6 2 
3203354420 3203354420 755038045 755038045 0 65535 21 21 6 6 3 
3203354423 3203354423 755038045 755038045 0 65535 1521 1521 6 6 3 
3203354425 3203354425 755038045 755038045 0 65535 1526 1526 6 6 3 
3203354425 3203354425 755038045 755038045 0 65535 1521 1521 6 6 2 
3203354428 3203354428 755038045 755038045 0 65535 1717 1717 6 6 0 
3203354508 3203354508 755038045 755038045 0 65535 1724 1724 17 17 1 
3203354502 3203354502 755038045 755038045 0 65535 1521 1521 6 6 1 
3203354503 3203354503 3203354137 3203354137 0 65535 5541 5541 6 6 1 
3203354501 3203354501 755038045 755038045 0 65535 1715 1715 6 6 2 
3203354527 3203354527 755038045 755038045 0 65535 1521 1521 6 6 1 
3203354525 3203354525 755038045 755038045 0 65535 1521 1521 6 6 0 
3203354519 3203354519 755038045 755038045 0 65535 1734 1734 6 6 3 
3203354517 3203354517 4184911075 4184911075 0 65535 1221 1221 6 6 3 
3203354514 3203354514 755038045 755038045 0 65535 1521 1521 6 6 1 
3203354592 3203354592 755038045 755038045 0 65535 1733 1733 6 6 2 
3203354602 3203354602 755038045 755038045 0 65535 1433 1433 6 6 1 
3203354623 3203354623 755038045 755038045 0 65535 1706 1706 6 6 1 
3203354623 3203354623 755038045 755038045 0 65535 1221 1221 6 6 3 
3203354615 3203354615 755038045 755038045 0 65535 1526 1526 6 6 0 
3203354615 3203354615 3190690422 3190690422 0 65535 1521 1521 6 6 1 
3203354576 3203354576 755038045 755038045 0 65535 6789 6789 6 6 1 
3203354577 3203354577 755038045 755038045 0 65535 2121 2121 6 6 1 
3203354577 3203354577 755038045 755038045 0 65535 1521 1521 6 6 3 
3203354577 3203354577 755038045 755038045 0 65535 1221 1221 6 6 4 
3203354577 3203354577 755038045 755038045 0 65535 1704 1704 6 6 2 
3203354574 3203354574 755038045 755038045 0 65535 5541 5541 6 6 2 
3203354570 3203354570 3203354136 3203354136 0 65535 20 20 6 6 3 
3203354564 3203354564 755038045 755038045 0 65535 1724 1724 6 6 3 
3203354564 3203354564 4184911075 4184911075 0 65535 1708 1708 17 17 3 
3203354564 3203354564 755038045 755038045 0 65535 1526 1526 6 6 4 
3203354564 3203354564 755038045 755038045 0 65535 27400 27400 6 6 0 
3203354564 3203354564 3121826250 3121826250 0 65535 21 21 6 6 2 
3203354564 3203354564 755027040 755027040 0 65535 1706 1706 6 6 0 
3058345105 3058345105 755027040 755027040 0 65535 1704 1704 6 6 2 
3058345143 3058345143 755027040 755027040 0 65535 1521 1521 6 6 0 
3058345136 3058345136 755027040 755027040 0 65535 1433 1433 6 6 2 
3058345197 3058345197 755027040 755027040 0 65535 1712 1712 6 6 3 
3058345191 3058345191 755027040 755027040 0 65535 20 20 6 6 2 
3058345191 3058345191 755027040 755027040 0 65535 1733 1733 6 6 2 
3058345184 3058345184 755027040 755027040 0 65535 21 21 6 6 2 
3058345187 3058345187 755027040 755027040 0 65535 14753 14753 6 6 0 
3058345209 3058345209 755027040 755027040 0 65535 135 135 6 6 0 
3058345210 3058345210 755027040 755027040 0 65535 31000 31000 6 6 0 
3058345215 3058345215 755027040 755027040 0 65535 20 20 6 6 3 
3058345213 3058345213 755027040 755027040 0 65535 21 21 6 6 2 
3058345200 3058345200 3058345838 3058345838 0 65535 2026 2026 6 6 2 
3058345200 3058345200 4184911075 4184911075 0 65535 1221 1221 6 6 2 
3058345174 3058345174 755027040 755027040 0 65535 21 21 6 6 4 
3058345174 3058345174 755027040 755027040 0 65535 2308 2308 6 6 4 
3058345171 3058345171 755027040 755027040 0 65535 1521 1521 6 6 4 
3058345171 3058345171 2962027030 2962027030 0 65535 1712 1712 6 6 2 
3058345177 3058345177 755027040 755027040 0 65535 1521 1521 6 6 1 
3058345178 3058345178 4184911075 4184911075 0 65535 5632 5632 6 6 3 
3058345178 3058345178 755027047 755027047 0 65535 30211 30211 6 6 2 
3058345178 3058345178 2689075638 2689075638 0 65535 1707 1707 6 6 4 
3058345166 3058345166 755027047 755027047 0 65535 1712 1712 6 6 0 
3058345165 3058345165 755027047 755027047 0 65535 1711 1711 6 6 3 
3058345161 3058345161 755027047 755027047 0 65535 1433 1433 6 6 3 
3058345161 3058345161 755027047 755027047 0 65535 1707 1707 6 6 4 
3058345152 3058345152 755027047 755027047 0 65535 1526 1526 6 6 4 
3058345158 3058345158 755027047 755027047 0 65535 5631 5631 6 6 1 
3058345159 3058345159 755027047 755027047 0 65535 512 512 6 6 0 
3058345156 3058345156 3058345792 3058345792 0 65535 1715 1715 6 6 3 
3058345156 3058345156 755027047 755027047 0 65535 2308 2308 6 6 4 
3058345156 3058345156 755027047 755027047 0 65535 27400 27400 6 6 1 
3040276386 3040276386 755027047 755027047 0 65535 5631 5631 6 6 2 
3040276391 3040276391 755027047 755027047 0 65535 1601 1601 6 6 1 
3040276394 3040276394 4184911075 4184911075 0 65535 1433 1433 6 6 3 
3040276395 3040276395 3040275330 3040275330 0 65535 32201 32201 6 6 3 
3040276399 3040276399 755027047 755027047 0 65535 1521 1521 6 6 1 
3040276410 3040276410 755027047 755027047 0 65535 1734 1734 6 6 0 
3040276412 3040276412 755027047 755027047 0 65535 1521 1521 6 6 4 
3040276412 3040276412 3040275330 3040275330 0 65535 1221 1221 6 6 2 
3040276404 3040276404 755027046 755027046 0 65535 1707 1707 6 6 1 
3040276404 3040276404 755027046 755027046 0 65535 1521 1521 6 6 4 
3040276400 3040276400 755027046 755027046 0 65535 1433 1433 6 6 4 
3040276366 3040276366 755027046 755027046 0 65535 1490 1490 6 6 4 
3040276363 3040276363 755027046 755027046 0 65535 1715 1715 6 6 2 
3040276361 3040276361 3040275330 3040275330 0 65535 1717 1717 6 6 0 
3040276356 3040276356 755027046 755027046 0 65535 135 135 6 6 1 
3040276353 3040276353 3040275330 3040275330 0 65535 1221 1221 6 6 2 
3040276353 3040276353 755027046 755027046 0 65535 1521 1521 6 6 0 
3040276373 3040276373 3040275330 3040275330 0 65535 1521 1521 6 6 3 
3040276373 3040276373 755027046 755027046 0 65535 1221 1221 6 6 1 
3040276372 3040276372 755027046 755027046 0 65535 1734 1734 6 6 2 
3040276372 3040276372 755027046 755027046 0 65535 1717 1717 6 6 4 
3040276372 3040276372 755027046 755027046 0 65535 1521 1521 6 6 0 
3040276374 3040276374 755027046 755027046 0 65535 1526 1526 6 6 4 
3040276374 3040276374 4184911075 4184911075 0 65535 32201 32201 6 6 3 
3040276374 3040276374 755027046 755027046 0 65535 1221 1221 6 6 1 
3040276374 3040276374 755027046 755027046 0 65535 1705 1705 6 6 4 
3040276374 3040276374 755027046 755027046 0 65535 14753 14753 6 6 1 
2986592075 2986592075 755031954 755031954 0 65535 1433 1433 6 6 4 
2986592075 2986592075 755031954 755031954 0 65535 1733 1733 6 6 2 
2986592079 2986592079 755031954 755031954 0 65535 1715 1715 6 6 3 
2986592120 2986592120 4184911075 4184911075 0 65535 1733 1733 17 17 2 
2986592126 2986592126 755031954 755031954 0 65535 1715 1715 6 6 1 
2986592115 2986592115 4184911075 4184911075 0 65535 1490 1490 6 6 0 
2986592023 2986592023 2704901841 2704901841 0 65535 20 20 6 6 1 
2986592027 2986592027 755031954 755031954 0 65535 20 20 6 6 3 
2986592024 2986592024 755031954 755031954 0 65535 32200 32200 6 6 2 
2986592031 2986592031 755031954 755031954 0 65535 5541 5541 6 6 4 
2986592030 2986592030 755031954 755031954 0 65535 1711 1711 6 6 1 
2986592008 2986592008 755031954 755031954 0 65535 1711 1711 6 6 4 
2986592004 2986592004 2986591731 2986591731 0 65535 1734 1734 6 6 2 
2986592007 2986592007 755031954 755031954 0 65535 1711 1711 6 6 1 
2986592002 2986592002 755031954 755031954 0 65535 6790 6790 6 6 2 
2986592036 2986592036 2986591731 2986591731 0 65535 1526 1526 6 6 3 
2986592043 2986592043 3121826250 3121826250 0 65535 1521 1521 6 6 1 
2986592043 2986592043 4184911075 4184911075 0 65535 1705 1705 6 6 0 
2986592043 2986592043 4184911075 4184911075 0 65535 1712 1712 6 6 4 
2986592060 2986592060 2986591728 2986591728 0 65535 5541 5541 6 6 0 
2986592063 2986592063 4184911075 4184911075 0 65535 1708 1708 6 6 2 
2986592057 2986592057 755031954 755031954 0 65535 1433 1433 6 6 0 
2986592054 2986592054 755031954 755031954 0 65535 1650 1650 6 6 3 
0 4294967295 0 4294967295 0 65535 0 65535 0 255 0 
