2986592054 2986592054 755031954 755031954 0 65535 5631 5631 6 6 3 
2986592049 2986592049 4184911075 4184911075 0 65535 135 135 6 6 4 
2986592051 2986592051 755031954 755031954 0 65535 1521 1521 6 6 3 
2986592050 2986592050 755031954 755031954 0 65535 1521 1521 6 6 1 
2985688585 2985688585 4184911075 4184911075 0 65535 12050 12050 6 6 2 
2985688580 2985688580 755031954 755031954 0 65535 1521 1521 6 6 2 
2985688611 2985688611 755031954 755031954 0 65535 1717 1717 6 6 4 
2985688621 2985688621 755031954 755031954 0 65535 19856 19856 6 6 4 
2985688630 2985688630 755031954 755031954 0 65535 1526 1526 6 6 2 
2985688634 2985688634 3121826250 3121826250 0 65535 2115 2115 6 6 4 
2985688633 2985688633 755031954 755031954 0 65535 1521 1521 6 6 0 
2985688638 2985688638 755031954 755031954 0 65535 1521 1521 6 6 4 
2985688669 2985688669 4184911075 4184911075 0 65535 1433 1433 6 6 2 
2985688669 2985688669 755031954 755031954 0 65535 1526 1526 6 6 1 
2985688667 2985688667 2841947544 2841947544 0 65535 135 135 17 17 3 
2985688663 2985688663 2840384037 2840384037 0 65535 1708 1708 6 6 4 
2985688661 2985688661 755031954 755031954 0 65535 1490 1490 6 6 3 
2985688661 2985688661 4184911075 4184911075 0 65535 1734 1734 6 6 0 
2985688659 2985688659 4184911075 4184911075 0 65535 1221 1221 6 6 3 
2985688659 2985688659 755031954 755031954 0 65535 1433 1433 6 6 1 
2985688658 2985688658 755031954 755031954 0 65535 1489 1489 6 6 0 
2985688656 2985688656 4184911075 4184911075 0 65535 6888 6888 6 6 1 
2985688656 2985688656 755031954 755031954 0 65535 1526 1526 6 6 0 
2985688643 2985688643 755031954 755031954 0 65535 32200 32200 6 6 0 
2985688640 2985688640 755031954 755031954 0 65535 1432 1432 6 6 0 
2985688645 2985688645 755031954 755031954 0 65535 27000 27000 6 6 0 
2985688645 2985688645 2985687445 2985687445 0 65535 1704 1704 6 6 2 
2985688645 2985688645 755031954 755031954 0 65535 1433 1433 6 6 1 
2985688653 2985688653 3121826250 3121826250 0 65535 1706 1706 6 6 4 
2985688653 2985688653 755031954 755031954 0 65535 1526 1526 6 6 1 
2985688653 2985688653 755031954 755031954 0 65535 1221 1221 6 6 2 
2985688648 2985688648 755031954 755031954 0 65535 20 20 6 6 2 
2985688648 2985688648 755031954 755031954 0 65535 1711 1711 6 6 2 
2985688648 2985688648 755031954 755031954 0 65535 1221 1221 6 6 4 
2985688648 2985688648 755031954 755031954 0 65535 1521 1521 6 6 0 
2985688648 2985688648 755031954 755031954 0 65535 135 135 6 6 2 
2985688649 2985688649 755031954 755031954 0 65535 14753 14753 6 6 1 
2985688649 2985688649 3121826250 3121826250 0 65535 5555 5555 6 6 1 
2985688649 2985688649 4184911075 4184911075 0 65535 135 135 6 6 2 
2985688649 2985688649 755031954 755031954 0 65535 1711 1711 6 6 3 
2985688649 2985688649 4184911075 4184911075 0 65535 1724 1724 6 6 3 
2985688649 2985688649 755031954 755031954 0 65535 1706 1706 6 6 4 
2926742571 2926742571 755031954 755031954 0 65535 14753 14753 6 6 0 
2926742602 2926742602 755031954 755031954 0 65535 20 20 6 6 2 
2926742606 2926742606 755031954 755031954 0 65535 1521 1521 6 6 2 
2926742619 2926742619 755031954 755031954 0 65535 1526 1526 6 6 0 
2926742620 2926742620 755031954 755031954 0 65535 5632 5632 6 6 4 
2926742613 2926742613 755031954 755031954 0 65535 1704 1704 6 6 3 
2926742655 2926742655 755031954 755031954 0 65535 1724 1724 6 6 0 
2926742655 2926742655 755031954 755031954 0 65535 27000 27000 6 6 4 
2926742655 2926742655 755031954 755031954 0 65535 135 135 6 6 4 
2926742741 2926742741 755031954 755031954 0 65535 5540 5540 6 6 1 
2926742745 2926742745 755031954 755031954 0 65535 1489 1489 6 6 3 
2926742724 2926742724 755031954 755031954 0 65535 1540 1540 6 6 2 
2926742728 2926742728 755031954 755031954 0 65535 1526 1526 6 6 1 
2926742771 2926742771 755031954 755031954 0 65535 1526 1526 6 6 3 
2926742776 2926742776 4184911075 4184911075 0 65535 5631 5631 6 6 2 
2926742759 2926742759 755031954 755031954 0 65535 30211 30211 17 17 3 
2926742716 2926742716 755031954 755031954 0 65535 6789 6789 6 6 0 
2926742718 2926742718 755031954 755031954 0 65535 1221 1221 6 6 0 
2926742705 2926742705 755031954 755031954 0 65535 1221 1221 6 6 3 
2926742707 2926742707 755031954 755031954 0 65535 1526 1526 6 6 4 
2926742679 2926742679 755031954 755031954 0 65535 1526 1526 6 6 2 
2926742675 2926742675 2858764660 2858764660 0 65535 14753 14753 6 6 3 
2926742674 2926742674 755031966 755031966 0 65535 1526 1526 6 6 1 
2926742673 2926742673 755031966 755031966 0 65535 6790 6790 6 6 3 
2926742656 2926742656 755031966 755031966 0 65535 1706 1706 6 6 4 
2926742660 2926742660 755031966 755031966 0 65535 1706 1706 6 6 0 
2926742671 2926742671 2778116225 2778116225 0 65535 1521 1521 6 6 1 
2926742671 2926742671 4184911075 4184911075 0 65535 6789 6789 6 6 1 
2926742669 2926742669 755031966 755031966 0 65535 1521 1521 17 17 1 
2926742669 2926742669 755031966 755031966 0 65535 65500 65500 6 6 2 
2926742668 2926742668 2926742332 2926742332 0 65535 1712 1712 6 6 4 
2898435063 2898435063 2898435574 2898435574 0 65535 1521 1521 6 6 1 
2898435057 2898435057 2898435574 2898435574 0 65535 1708 1708 6 6 0 
2898435057 2898435057 755031966 755031966 0 65535 1715 1715 6 6 0 
2898435058 2898435058 755031966 755031966 0 65535 6789 6789 6 6 2 
2898435058 2898435058 755031966 755031966 0 65535 1704 1704 6 6 2 
2898435044 2898435044 755031966 755031966 0 65535 1525 1525 6 6 1 
2898435040 2898435040 755031966 755031966 0 65535 1521 1521 6 6 4 
2898435042 2898435042 755031966 755031966 0 65535 1521 1521 6 6 4 
2898435055 2898435055 755031966 755031966 0 65535 1540 1540 6 6 4 
2898435055 2898435055 755031966 755031966 0 65535 1521 1521 6 6 1 
2898435053 2898435053 755031966 755031966 0 65535 1521 1521 6 6 0 
2898435053 2898435053 755031966 755031966 0 65535 1525 1525 6 6 0 
2898435049 2898435049 755031966 755031966 0 65535 1526 1526 6 6 4 
2898435049 2898435049 755031966 755031966 0 65535 5632 5632 6 6 1 
2898435025 2898435025 2898435578 2898435578 0 65535 2026 2026 6 6 3 
2898435024 2898435024 2898435578 2898435578 0 65535 1521 1521 6 6 4 
2898435026 2898435026 755031966 755031966 0 65535 1433 1433 6 6 2 
2898435030 2898435030 2898435578 2898435578 0 65535 5541 5541 6 6 3 
2898435030 2898435030 755031966 755031966 0 65535 1734 1734 6 6 3 
2898435030 2898435030 755031966 755031966 0 65535 21 21 6 6 2 
2898435039 2898435039 755031966 755031966 0 65535 2115 2115 6 6 4 
2898435039 2898435039 755031966 755031966 0 65535 5541 5541 6 6 1 
2898435039 2898435039 755031966 755031966 0 65535 1525 1525 6 6 1 
2898435039 2898435039 755031966 755031966 0 65535 1526 1526 6 6 3 
2898435039 2898435039 2898435578 2898435578 0 65535 1352 1352 6 6 0 
2898435039 2898435039 755031966 755031966 0 65535 1707 1707 6 6 3 
2898435039 2898435039 755031966 755031966 0 65535 1221 1221 6 6 4 
2898435039 2898435039 755031966 755031966 0 65535 1521 1521 6 6 2 
2898435039 2898435039 755031966 755031966 0 65535 1550 1550 6 6 1 
2822239657 2822239657 755031966 755031966 0 65535 1521 1521 17 17 1 
2822239650 2822239650 755031966 755031966 0 65535 1525 1525 6 6 4 
2822239673 2822239673 755031966 755031966 0 65535 80 80 6 6 2 
2822239631 2822239631 755031966 755031966 0 65535 1521 1521 6 6 1 
2822239616 2822239616 2822238431 2822238431 0 65535 14753 14753 6 6 4 
2822239737 2822239737 755031966 755031966 0 65535 2115 2115 6 6 1 
2822239731 2822239731 755031966 755031966 0 65535 1521 1521 6 6 4 
2822239712 2822239712 755031966 755031966 0 65535 1525 1525 17 17 2 
2822239725 2822239725 755031966 755031966 0 65535 1717 1717 6 6 2 
2822239704 2822239704 755031966 755031966 0 65535 14753 14753 6 6 3 
2822239688 2822239688 755031966 755031966 0 65535 2026 2026 6 6 1 
2822239694 2822239694 755031966 755031966 0 65535 1704 1704 6 6 3 
2822239683 2822239683 755031966 755031966 0 65535 1724 1724 6 6 4 
2822239501 2822239501 755031966 755031966 0 65535 1521 1521 6 6 0 
2822239502 2822239502 4184911075 4184911075 0 65535 1521 1521 6 6 4 
2822239498 2822239498 2822238431 2822238431 0 65535 1526 1526 6 6 4 
2822239498 2822239498 4184911075 4184911075 0 65535 1521 1521 6 6 1 
2822239506 2822239506 755031966 755031966 0 65535 6849 6849 6 6 2 
2822239513 2822239513 755031966 755031966 0 65535 1711 1711 6 6 4 
2822239513 2822239513 755031966 755031966 0 65535 1526 1526 6 6 1 
2822239513 2822239513 755031966 755031966 0 65535 5632 5632 6 6 0 
2822239513 2822239513 755031966 755031966 0 65535 20 20 6 6 0 
2822239513 2822239513 755031966 755031966 0 65535 1521 1521 6 6 4 
2822239545 2822239545 755031966 755031966 0 65535 21 21 6 6 3 
2822239545 2822239545 755031966 755031966 0 65535 5555 5555 6 6 1 
2822239541 2822239541 755031966 755031966 0 65535 1432 1432 6 6 3 
2822239543 2822239543 755031966 755031966 0 65535 1521 1521 6 6 1 
2822239523 2822239523 755031966 755031966 0 65535 5540 5540 6 6 2 
2822239523 2822239523 755031966 755031966 0 65535 2115 2115 6 6 3 
2822239523 2822239523 755031966 755031966 0 65535 1705 1705 6 6 3 
2822239523 2822239523 2822238431 2822238431 0 65535 1521 1521 6 6 4 
2877435697 2877435697 755031966 755031966 0 65535 1221 1221 6 6 0 
2877435701 2877435701 755031966 755031966 0 65535 20 20 6 6 0 
2877435695 2877435695 755031966 755031966 0 65535 1489 1489 6 6 4 
2877435688 2877435688 755031966 755031966 0 65535 1712 1712 6 6 1 
2877435670 2877435670 2767059795 2767059795 0 65535 5632 5632 6 6 3 
2877435668 2877435668 755031966 755031966 0 65535 21 21 6 6 4 
2877435761 2877435761 755031966 755031966 0 65535 1705 1705 6 6 3 
2877435770 2877435770 4184911075 4184911075 0 65535 1433 1433 6 6 2 
2877435770 2877435770 4184911075 4184911075 0 65535 1521 1521 6 6 1 
2877435770 2877435770 755031966 755031966 0 65535 1221 1221 6 6 3 
2877435770 2877435770 755031966 755031966 0 65535 1526 1526 6 6 3 
2877435751 2877435751 755031966 755031966 0 65535 5555 5555 6 6 3 
2877435751 2877435751 755031966 755031966 0 65535 1526 1526 6 6 4 
2877435751 2877435751 755031966 755031966 0 65535 1708 1708 6 6 0 
2877435716 2877435716 755031966 755031966 0 65535 1221 1221 6 6 3 
2877435716 2877435716 755031966 755031966 0 65535 6889 6889 6 6 3 
2877435713 2877435713 755031966 755031966 0 65535 1432 1432 6 6 1 
2877435714 2877435714 2877434717 2877434717 0 65535 1490 1490 6 6 4 
2877435720 2877435720 755031966 755031966 0 65535 1521 1521 6 6 3 
2877435725 2877435725 4184911075 4184911075 0 65535 1521 1521 6 6 4 
2877435730 2877435730 755031966 755031966 0 65535 2026 2026 6 6 1 
2877435730 2877435730 755031966 755031966 0 65535 31000 31000 6 6 0 
2877435732 2877435732 755031966 755031966 0 65535 1221 1221 6 6 0 
2877435732 2877435732 755031966 755031966 0 65535 135 135 6 6 4 
2877435734 2877435734 755031966 755031966 0 65535 32200 32200 6 6 0 
2877435742 2877435742 755031966 755031966 0 65535 1708 1708 6 6 4 
2877435742 2877435742 755031966 755031966 0 65535 1706 1706 6 6 3 
2877435742 2877435742 2872646321 2872646321 0 65535 1521 1521 6 6 0 
2877435742 2877435742 755031966 755031966 0 65535 14753 14753 6 6 3 
2800177918 2800177918 755031966 755031966 0 65535 6000 6000 6 6 4 
2800177918 2800177918 755031966 755031966 0 65535 1221 1221 6 6 1 
2800177912 2800177912 755031966 755031966 0 65535 1526 1526 6 6 3 
2800177912 2800177912 4184911075 4184911075 0 65535 1521 1521 6 6 0 
2800177904 2800177904 755031966 755031966 0 65535 21 21 6 6 0 
2800177904 2800177904 755031966 755031966 0 65535 1526 1526 6 6 0 
2800177907 2800177907 4184911075 4184911075 0 65535 1711 1711 6 6 3 
2800177907 2800177907 755031966 755031966 0 65535 6000 6000 6 6 3 
2800177906 2800177906 755031966 755031966 0 65535 5541 5541 6 6 0 
2800177906 2800177906 755031966 755031966 0 65535 6000 6000 6 6 1 
2800177906 2800177906 755031966 755031966 0 65535 1724 1724 6 6 3 
2800177892 2800177892 755031966 755031966 0 65535 1221 1221 6 6 2 
2800177892 2800177892 755031966 755031966 0 65535 6000 6000 6 6 4 
2800177892 2800177892 755031966 755031966 0 65535 1526 1526 17 17 2 
2800177890 2800177890 755031966 755031966 0 65535 1526 1526 6 6 1 
2800177890 2800177890 2800179061 2800179061 0 65535 1521 1521 6 6 1 
2800177890 2800177890 755031966 755031966 0 65535 20 20 6 6 0 
2800177890 2800177890 755031966 755031966 0 65535 1521 1521 6 6 4 
2800177903 2800177903 755031966 755031966 0 65535 1525 1525 6 6 0 
2800177903 2800177903 755031966 755031966 0 65535 32200 32200 6 6 1 
2800177903 2800177903 755031966 755031966 0 65535 1734 1734 6 6 4 
2800177903 2800177903 755031966 755031966 0 65535 20 20 6 6 0 
2800177903 2800177903 2800179061 2800179061 0 65535 1521 1521 6 6 2 
2800177899 2800177899 755031966 755031966 0 65535 1525 1525 6 6 2 
2800177899 2800177899 755031966 755031966 0 65535 1706 1706 6 6 3 
2800177899 2800177899 763945994 763945994 0 65535 1706 1706 6 6 0 
2800177899 2800177899 763945994 763945994 0 65535 1521 1521 6 6 3 
2800177896 2800177896 763945994 763945994 0 65535 1704 1704 6 6 3 
2800177897 2800177897 763945989 763945989 0 65535 1521 1521 6 6 2 
2800177897 2800177897 763945989 763945989 0 65535 1712 1712 6 6 4 
2800177897 2800177897 4184911075 4184911075 0 65535 30211 30211 6 6 0 
2754343009 2754343009 763946095 763946095 0 65535 1708 1708 6 6 4 
2754343035 2754343035 763946095 763946095 0 65535 5555 5555 6 6 3 
2754343036 2754343036 763946095 763946095 0 65535 1221 1221 6 6 3 
2754343029 2754343029 763946095 763946095 0 65535 5541 5541 6 6 3 
2754342998 2754342998 763946094 763946094 0 65535 135 135 6 6 3 
2754342993 2754342993 763946094 763946094 0 65535 1221 1221 6 6 0 
2754342991 2754342991 763946094 763946094 0 65535 2115 2115 6 6 0 
2754342990 2754342990 763946094 763946094 0 65535 2026 2026 6 6 2 
2754342936 2754342936 763946094 763946094 0 65535 2115 2115 6 6 1 
2754342936 2754342936 763946094 763946094 0 65535 1705 1705 6 6 0 
2754342939 2754342939 763893617 763893617 0 65535 1521 1521 6 6 2 
2754342939 2754342939 763893617 763893617 0 65535 2115 2115 6 6 3 
2754342931 2754342931 763893617 763893617 0 65535 1521 1521 17 17 1 
2754342931 2754342931 4184911075 4184911075 0 65535 1712 1712 6 6 0 
2754342931 2754342931 763893617 763893617 0 65535 5540 5540 6 6 4 
2754342933 2754342933 763893617 763893617 0 65535 32201 32201 6 6 1 
2754342934 2754342934 763893617 763893617 0 65535 5631 5631 6 6 4 
2754342934 2754342934 763893617 763893617 0 65535 1712 1712 6 6 1 
2754342915 2754342915 4184911075 4184911075 0 65535 1602 1602 6 6 3 
2754342914 2754342914 763893617 763893617 0 65535 1433 1433 6 6 0 
2754342913 2754342913 763893617 763893617 0 65535 1521 1521 6 6 3 
2754342917 2754342917 763893617 763893617 0 65535 1712 1712 6 6 1 
2754342917 2754342917 4184911075 4184911075 0 65535 135 135 6 6 2 
2754342918 2754342918 763893617 763893617 0 65535 4646 4646 6 6 3 
2754342924 2754342924 763893617 763893617 0 65535 1724 1724 6 6 0 
2754342924 2754342924 763893617 763893617 0 65535 1712 1712 6 6 0 
2754342924 2754342924 763893617 763893617 0 65535 512 512 6 6 1 
2754342924 2754342924 763893617 763893617 0 65535 1711 1711 6 6 2 
2754342927 2754342927 763893617 763893617 0 65535 1521 1521 6 6 0 
2754342927 2754342927 763893617 763893617 0 65535 14753 14753 17 17 3 
2754342927 2754342927 763893617 763893617 0 65535 443 443 6 6 4 
2754342927 2754342927 763893617 763893617 0 65535 1705 1705 6 6 2 
2754342927 2754342927 4184911075 4184911075 0 65535 27000 27000 6 6 4 
2754342927 2754342927 763893617 763893617 0 65535 135 135 6 6 4 
2754342927 2754342927 763893617 763893617 0 65535 1525 1525 6 6 4 
2715112117 2715112117 4184911075 4184911075 0 65535 1521 1521 6 6 0 
2715112113 2715112113 763893617 763893617 0 65535 2115 2115 6 6 3 
2715112127 2715112127 763893617 763893617 0 65535 6790 6790 6 6 3 
2715112122 2715112122 763893617 763893617 0 65535 1521 1521 6 6 3 
2715112122 2715112122 763893617 763893617 0 65535 135 135 6 6 4 
2715112081 2715112081 3121826250 3121826250 0 65535 1526 1526 6 6 1 
2715112081 2715112081 763893617 763893617 0 65535 27400 27400 6 6 3 
2715112080 2715112080 763893617 763893617 0 65535 14753 14753 6 6 3 
2715112088 2715112088 4184911075 4184911075 0 65535 1734 1734 6 6 1 
2715112088 2715112088 763893617 763893617 0 65535 5540 5540 6 6 3 
2715111998 2715111998 763893617 763893617 0 65535 1221 1221 6 6 3 
2715111981 2715111981 763893617 763893617 0 65535 5555 5555 6 6 3 
2715111977 2715111977 763893617 763893617 0 65535 6890 6890 6 6 0 
2715112004 2715112004 763893617 763893617 0 65535 5541 5541 6 6 4 
2715112004 2715112004 763893617 763893617 0 65535 5555 5555 6 6 1 
2715112004 2715112004 763893617 763893617 0 65535 1521 1521 6 6 2 
2715112025 2715112025 763893617 763893617 0 65535 1521 1521 6 6 1 
2715112025 2715112025 763893617 763893617 0 65535 80 80 6 6 3 
2715112022 2715112022 763893617 763893617 0 65535 135 135 6 6 4 
2715112054 2715112054 763893617 763893617 0 65535 1708 1708 6 6 0 
2715112063 2715112063 763893617 763893617 0 65535 1705 1705 6 6 3 
2715112063 2715112063 763893617 763893617 0 65535 1526 1526 6 6 4 
2715112060 2715112060 763893617 763893617 0 65535 1734 1734 6 6 2 
2715112044 2715112044 763893617 763893617 0 65535 5541 5541 6 6 1 
2715112043 2715112043 4184911075 4184911075 0 65535 135 135 6 6 3 
2715112037 2715112037 763893617 763893617 0 65535 21 21 6 6 3 
2715112037 2715112037 763893617 763893617 0 65535 1521 1521 6 6 4 
2715112038 2715112038 763893617 763893617 0 65535 21 21 6 6 0 
2715112039 2715112039 763893617 763893617 0 65535 6000 6000 6 6 1 
2750890633 2750890633 763893617 763893617 0 65535 20 20 6 6 4 
2750890625 2750890625 763893617 763893617 0 65535 1708 1708 6 6 2 
2750890646 2750890646 2736381575 2736381575 0 65535 30211 30211 6 6 3 
2750890652 2750890652 763893617 763893617 0 65535 1525 1525 6 6 3 
2750890683 2750890683 2750891332 2750891332 0 65535 1711 1711 6 6 3 
2750890687 2750890687 763893617 763893617 0 65535 5631 5631 6 6 4 
2750890671 2750890671 763893617 763893617 0 65535 1521 1521 6 6 3 
2750890723 2750890723 763893617 763893617 0 65535 1706 1706 6 6 3 
2750890723 2750890723 763893617 763893617 0 65535 1724 1724 6 6 3 
2750890727 2750890727 763893617 763893617 0 65535 20 20 6 6 0 
2750890724 2750890724 763893617 763893617 0 65535 1734 1734 6 6 3 
2750890738 2750890738 763893617 763893617 0 65535 1521 1521 6 6 0 
2750890738 2750890738 763893617 763893617 0 65535 1433 1433 6 6 1 
2750890748 2750890748 763893617 763893617 0 65535 1525 1525 6 6 4 
2750890748 2750890748 763893617 763893617 0 65535 1521 1521 6 6 1 
2750890748 2750890748 763893617 763893617 0 65535 1526 1526 6 6 0 
2750890748 2750890748 763893617 763893617 0 65535 1221 1221 6 6 3 
2750890748 2750890748 763893617 763893617 0 65535 5540 5540 6 6 0 
2750890708 2750890708 763893617 763893617 0 65535 1705 1705 6 6 4 
2750890708 2750890708 763893617 763893617 0 65535 21 21 6 6 3 
2750890711 2750890711 763893617 763893617 0 65535 1733 1733 6 6 1 
2750890714 2750890714 763893617 763893617 0 65535 1221 1221 6 6 2 
2750890714 2750890714 2750891373 2750891373 0 65535 5540 5540 6 6 4 
2750890714 2750890714 763893617 763893617 0 65535 1526 1526 6 6 3 
2750890718 2750890718 763893617 763893617 0 65535 1706 1706 6 6 4 
2750890719 2750890719 763893617 763893617 0 65535 135 135 6 6 0 
2750890688 2750890688 763893617 763893617 0 65535 1733 1733 6 6 0 
2750890692 2750890692 763893617 763893617 0 65535 2115 2115 6 6 2 
2750890692 2750890692 763893617 763893617 0 65535 1433 1433 6 6 4 
2750890692 2750890692 2750891370 2750891370 0 65535 1526 1526 6 6 3 
2750890701 2750890701 763893625 763893625 0 65535 1734 1734 6 6 3 
2750890701 2750890701 4184911075 4184911075 0 65535 1733 1733 6 6 4 
2750890701 2750890701 763893625 763893625 0 65535 5541 5541 17 17 0 
2750890701 2750890701 763893625 763893625 0 65535 20 20 6 6 1 
2750890701 2750890701 763893625 763893625 0 65535 1707 1707 6 6 2 
2750890699 2750890699 763893625 763893625 0 65535 1708 1708 6 6 1 
2750890698 2750890698 763893625 763893625 0 65535 1706 1706 6 6 4 
2566189469 2566189469 763893625 763893625 0 65535 6000 6000 6 6 1 
2566189461 2566189461 763893625 763893625 0 65535 1433 1433 6 6 1 
2566189563 2566189563 2620666255 2620666255 0 65535 6790 6790 6 6 0 
2566189565 2566189565 763893625 763893625 0 65535 135 135 6 6 1 
2566189546 2566189546 4184911075 4184911075 0 65535 27400 27400 6 6 3 
2566189549 2566189549 763893625 763893625 0 65535 19856 19856 6 6 1 
2566189539 2566189539 763893625 763893625 0 65535 1526 1526 6 6 2 
2566189539 2566189539 763893625 763893625 0 65535 5542 5542 6 6 3 
2566189542 2566189542 4184911075 4184911075 0 65535 1521 1521 6 6 1 
2566189434 2566189434 763893625 763893625 0 65535 6000 6000 6 6 4 
2566189434 2566189434 763893625 763893625 0 65535 20 20 6 6 1 
2566189431 2566189431 4184911075 4184911075 0 65535 1521 1521 6 6 4 
2566189424 2566189424 763893625 763893625 0 65535 5540 5540 6 6 3 
2566189416 2566189416 2620585687 2620585687 0 65535 1521 1521 6 6 3 
2566189416 2566189416 763893625 763893625 0 65535 1734 1734 6 6 2 
2566189419 2566189419 763893625 763893625 0 65535 1525 1525 6 6 1 
2566189413 2566189413 763893625 763893625 0 65535 1489 1489 6 6 4 
2566189413 2566189413 4184911075 4184911075 0 65535 1526 1526 6 6 0 
2566189415 2566189415 763893625 763893625 0 65535 1521 1521 6 6 2 
2566189410 2566189410 763893625 763893625 0 65535 27000 27000 6 6 4 
2566189387 2566189387 763893625 763893625 0 65535 1526 1526 6 6 4 
2566189385 2566189385 2566190692 2566190692 0 65535 1705 1705 6 6 2 
2566189385 2566189385 4184911075 4184911075 0 65535 1433 1433 6 6 0 
2566189381 2566189381 763893625 763893625 0 65535 2026 2026 6 6 3 
2566189381 2566189381 4184911075 4184911075 0 65535 30804 30804 6 6 3 
2566189381 2566189381 763893625 763893625 0 65535 1221 1221 6 6 4 
2566189392 2566189392 2402247204 2402247204 0 65535 1733 1733 6 6 1 
2566189399 2566189399 763893625 763893625 0 65535 1521 1521 6 6 0 
2566189396 2566189396 763893625 763893625 0 65535 19856 19856 6 6 3 
2566189406 2566189406 763893625 763893625 0 65535 1521 1521 6 6 0 
2566189406 2566189406 763893625 763893625 0 65535 2026 2026 6 6 0 
2566189405 2566189405 763893625 763893625 0 65535 20 20 6 6 4 
2566189405 2566189405 763893625 763893625 0 65535 1526 1526 6 6 4 
2566189400 2566189400 763893625 763893625 0 65535 1526 1526 6 6 1 
2566189400 2566189400 763893625 763893625 0 65535 1525 1525 6 6 4 
2566189403 2566189403 763893625 763893625 0 65535 135 135 6 6 4 
2597737537 2597737537 4184911075 4184911075 0 65535 1433 1433 6 6 4 
2597737596 2597737596 763893625 763893625 0 65535 135 135 6 6 0 
2597737484 2597737484 763893625 763893625 0 65535 1705 1705 6 6 4 
2597737483 2597737483 763893625 763893625 0 65535 1712 1712 6 6 1 
2597737495 2597737495 763893625 763893625 0 65535 6789 6789 6 6 4 
2597737500 2597737500 763893625 763893625 0 65535 1600 1600 6 6 1 
2597737497 2597737497 763893625 763893625 0 65535 21 21 6 6 1 
2597737607 2597737607 763893625 763893625 0 65535 5555 5555 6 6 2 
2597737621 2597737621 763893625 763893625 0 65535 1717 1717 6 6 2 
2597737653 2597737653 763893624 763893624 0 65535 1221 1221 6 6 2 
2597737697 2597737697 763893624 763893624 0 65535 3031 3031 17 17 3 
2597737699 2597737699 763893624 763893624 0 65535 5555 5555 6 6 4 
2597737725 2597737725 763893624 763893624 0 65535 1221 1221 6 6 0 
2597737718 2597737718 763893624 763893624 0 65535 1704 1704 6 6 4 
2597737719 2597737719 2590740185 2590740185 0 65535 1708 1708 6 6 3 
2597737668 2597737668 763893624 763893624 0 65535 1526 1526 6 6 3 
2597737694 2597737694 763893624 763893624 0 65535 1708 1708 6 6 0 
2597737692 2597737692 763893624 763893624 0 65535 14753 14753 6 6 2 
2597737692 2597737692 763893624 763893624 0 65535 6000 6000 6 6 1 
2597737685 2597737685 763893624 763893624 0 65535 6889 6889 6 6 3 
2597737685 2597737685 763893624 763893624 0 65535 1433 1433 6 6 2 
2597737685 2597737685 763893624 763893624 0 65535 1526 1526 6 6 0 
2597737686 2597737686 4184911075 4184911075 0 65535 1707 1707 6 6 3 
2646754259 2646754259 763893624 763893624 0 65535 1521 1521 6 6 1 
2646754268 2646754268 763893624 763893624 0 65535 5541 5541 6 6 1 
2646754241 2646754241 763893624 763893624 0 65535 1715 1715 6 6 2 
2646754298 2646754298 763893624 763893624 0 65535 1526 1526 6 6 4 
2646754273 2646754273 763893624 763893624 0 65535 5555 5555 6 6 0 
2646754198 2646754198 763893624 763893624 0 65535 5555 5555 6 6 1 
2646754191 2646754191 763893624 763893624 0 65535 5541 5541 6 6 0 
2646754180 2646754180 4184911075 4184911075 0 65535 1521 1521 6 6 3 
2646754217 2646754217 763893624 763893624 0 65535 6000 6000 6 6 3 
2646754235 2646754235 4184911075 4184911075 0 65535 1706 1706 6 6 1 
2646754231 2646754231 4184911075 4184911075 0 65535 1717 1717 6 6 1 
2646754098 2646754098 4184911075 4184911075 0 65535 5631 5631 6 6 3 
2646754098 2646754098 763893624 763893624 0 65535 1724 1724 6 6 3 
2646754100 2646754100 763893624 763893624 0 65535 14753 14753 6 6 3 
2646754126 2646754126 2387180752 2387180752 0 65535 1525 1525 6 6 1 
2646754124 2646754124 763893624 763893624 0 65535 1525 1525 6 6 4 
2646754132 2646754132 763893624 763893624 0 65535 135 135 6 6 1 
2646754129 2646754129 763893624 763893624 0 65535 1521 1521 6 6 4 
2646754129 2646754129 4184911075 4184911075 0 65535 1708 1708 6 6 2 
2646754170 2646754170 763893624 763893624 0 65535 1221 1221 6 6 1 
2646754170 2646754170 763893624 763893624 0 65535 4646 4646 6 6 3 
2646754168 2646754168 763893624 763893624 0 65535 1711 1711 6 6 0 
2646754156 2646754156 2646844375 2646844375 0 65535 6000 6000 6 6 2 
2646754144 2646754144 763893624 763893624 0 65535 6849 6849 6 6 0 
2646754144 2646754144 763893624 763893624 0 65535 1707 1707 6 6 1 
2646754151 2646754151 4184911075 4184911075 0 65535 1733 1733 6 6 0 
2646754151 2646754151 763893624 763893624 0 65535 1704 1704 6 6 1 
2664024448 2664024448 763893624 763893624 0 65535 1704 1704 6 6 3 
2664024453 2664024453 763893624 763893624 0 65535 5555 5555 6 6 1 
2664024537 2664024537 763893624 763893624 0 65535 1521 1521 6 6 0 
2664024534 2664024534 763893624 763893624 0 65535 14753 14753 6 6 1 
2664024528 2664024528 763893624 763893624 0 65535 1521 1521 6 6 3 
2664024518 2664024518 763893624 763893624 0 65535 443 443 6 6 0 
2664024515 2664024515 763893624 763893624 0 65535 1525 1525 6 6 1 
2664024513 2664024513 763893624 763893624 0 65535 1526 1526 6 6 3 
2664024571 2664024571 763893624 763893624 0 65535 1525 1525 6 6 2 
2664024572 2664024572 4184911075 4184911075 0 65535 1707 1707 6 6 4 
2664024549 2664024549 4184911075 4184911075 0 65535 5555 5555 6 6 4 
2664024549 2664024549 2664025400 2664025400 0 65535 14753 14753 6 6 0 
2664024549 2664024549 4184911075 4184911075 0 65535 1708 1708 6 6 2 
2664024323 2664024323 2336929436 2336929436 0 65535 135 135 6 6 0 
2664024323 2664024323 2594248760 2594248760 0 65535 1705 1705 6 6 3 
2664024322 2664024322 763893624 763893624 0 65535 135 135 6 6 2 
2664024335 2664024335 763893624 763893624 0 65535 1734 1734 6 6 3 
2664024334 2664024334 763893624 763893624 0 65535 21 21 6 6 2 
2664024336 2664024336 763893624 763893624 0 65535 1704 1704 6 6 0 
2664024346 2664024346 763893624 763893624 0 65535 1521 1521 6 6 3 
2664024346 2664024346 763893624 763893624 0 65535 1526 1526 6 6 1 
2664024348 2664024348 763893624 763893624 0 65535 1526 1526 6 6 0 
2664024348 2664024348 763893624 763893624 0 65535 1525 1525 6 6 2 
2664024351 2664024351 4184911075 4184911075 0 65535 5541 5541 6 6 2 
2664024359 2664024359 763893624 763893624 0 65535 1526 1526 6 6 4 
2664024360 2664024360 763893624 763893624 0 65535 14753 14753 6 6 4 
2664024360 2664024360 763893624 763893624 0 65535 1521 1521 6 6 3 
2664024364 2664024364 763893624 763893624 0 65535 1526 1526 6 6 3 
2664024368 2664024368 4184911075 4184911075 0 65535 5632 5632 6 6 1 
2664024371 2664024371 763893624 763893624 0 65535 1433 1433 6 6 1 
2664024371 2664024371 763893624 763893624 0 65535 1521 1521 6 6 4 
2664024380 2664024380 763893624 763893624 0 65535 1526 1526 6 6 4 
2664024380 2664024380 763893624 763893624 0 65535 1521 1521 6 6 1 
2664024379 2664024379 763893624 763893624 0 65535 1724 1724 6 6 3 
2664024378 2664024378 763893624 763893624 0 65535 1526 1526 6 6 2 
2478842393 2478842393 4184911075 4184911075 0 65535 1733 1733 6 6 1 
2478842399 2478842399 763893624 763893624 0 65535 1521 1521 6 6 2 
2478842375 2478842375 763893624 763893624 0 65535 1521 1521 6 6 2 
2478842370 2478842370 4184911075 4184911075 0 65535 1521 1521 6 6 1 
2478842419 2478842419 763893624 763893624 0 65535 14753 14753 6 6 3 
2478842418 2478842418 763893624 763893624 0 65535 14753 14753 6 6 1 
2478842410 2478842410 763893624 763893624 0 65535 1521 1521 6 6 3 
2478842412 2478842412 4184911075 4184911075 0 65535 21 21 6 6 0 
2478842407 2478842407 2478843091 2478843091 0 65535 1711 1711 6 6 0 
2478842403 2478842403 2485513105 2485513105 0 65535 1717 1717 6 6 4 
2478842623 2478842623 763400878 763400878 0 65535 1221 1221 6 6 4 
2478842609 2478842609 763400878 763400878 0 65535 32200 32200 6 6 2 
2478842582 2478842582 763400878 763400878 0 65535 1526 1526 6 6 1 
2478842569 2478842569 763400878 763400878 0 65535 1712 1712 6 6 4 
2478842534 2478842534 763400878 763400878 0 65535 1712 1712 6 6 4 
2478842531 2478842531 763400878 763400878 0 65535 1521 1521 6 6 3 
2478842542 2478842542 763400878 763400878 0 65535 1489 1489 6 6 1 
2478842542 2478842542 2501446134 2501446134 0 65535 1221 1221 6 6 0 
2478842548 2478842548 763400878 763400878 0 65535 1221 1221 6 6 3 
2478842547 2478842547 4184911075 4184911075 0 65535 1521 1521 6 6 0 
2478842547 2478842547 763400878 763400878 0 65535 1221 1221 6 6 1 
2478842547 2478842547 763400878 763400878 0 65535 1521 1521 6 6 4 
2478842552 2478842552 763400878 763400878 0 65535 5555 5555 6 6 4 
2478842552 2478842552 763400878 763400878 0 65535 6789 6789 6 6 4 
2478842554 2478842554 763400878 763400878 0 65535 6789 6789 6 6 4 
2478842554 2478842554 763400878 763400878 0 65535 1706 1706 6 6 1 
2478842557 2478842557 763400878 763400878 0 65535 1525 1525 6 6 1 
2478842557 2478842557 763400878 763400878 0 65535 2115 2115 6 6 2 
2478842556 2478842556 763400878 763400878 0 65535 1521 1521 6 6 3 
2478842556 2478842556 763400878 763400878 0 65535 1433 1433 6 6 1 
2443564438 2443564438 763400878 763400878 0 65535 1724 1724 6 6 0 
2443564463 2443564463 4184911075 4184911075 0 65535 1521 1521 6 6 4 
2443564491 2443564491 763400878 763400878 0 65535 1706 1706 6 6 3 
2443564481 2443564481 763400878 763400878 0 65535 5540 5540 6 6 3 
2443564484 2443564484 4184911075 4184911075 0 65535 6790 6790 6 6 3 
2443564506 2443564506 763400878 763400878 0 65535 1525 1525 6 6 1 
2443564496 2443564496 763400878 763400878 0 65535 1521 1521 6 6 1 
2443564530 2443564530 763400878 763400878 0 65535 5555 5555 6 6 2 
2443564531 2443564531 763400878 763400878 0 65535 5541 5541 6 6 4 
2443564533 2443564533 763400878 763400878 0 65535 3031 3031 6 6 4 
2443564533 2443564533 763400878 763400878 0 65535 30899 30899 6 6 0 
2443564364 2443564364 4184911075 4184911075 0 65535 1221 1221 6 6 1 
2443564353 2443564353 763388323 763388323 0 65535 80 80 6 6 1 
2443564381 2443564381 4184911075 4184911075 0 65535 1221 1221 6 6 2 
2443564378 2443564378 763388323 763388323 0 65535 1706 1706 6 6 0 
2443564375 2443564375 763388323 763388323 0 65535 1521 1521 6 6 1 
2443564375 2443564375 763388323 763388323 0 65535 1221 1221 6 6 0 
2443564375 2443564375 763388323 763388323 0 65535 30804 30804 6 6 1 
2443564414 2443564414 763388323 763388323 0 65535 135 135 6 6 2 
2443564414 2443564414 763388323 763388323 0 65535 5540 5540 6 6 3 
2443564400 2443564400 763388323 763388323 0 65535 1734 1734 6 6 1 
2443564400 2443564400 2443564076 2443564076 0 65535 31000 31000 6 6 1 
2443564403 2443564403 763388323 763388323 0 65535 1724 1724 6 6 1 
2443564384 2443564384 763388323 763388323 0 65535 1521 1521 6 6 3 
2443564384 2443564384 763388323 763388323 0 65535 6849 6849 6 6 4 
2443564389 2443564389 763388323 763388323 0 65535 1521 1521 6 6 4 
2443564388 2443564388 763388323 763388323 0 65535 1433 1433 6 6 0 
2443564390 2443564390 2443564073 2443564073 0 65535 1221 1221 6 6 1 
2511488016 2511488016 763388323 763388323 0 65535 1521 1521 6 6 3 
2511488007 2511488007 763388323 763388323 0 65535 21 21 6 6 2 
2511488004 2511488004 763388323 763388323 0 65535 1733 1733 6 6 2 
2511488014 2511488014 763388323 763388323 0 65535 6789 6789 6 6 3 
2511488011 2511488011 763388323 763388323 0 65535 1717 1717 6 6 4 
2511488060 2511488060 763388323 763388323 0 65535 1707 1707 6 6 1 
2511488048 2511488048 763388323 763388323 0 65535 1717 1717 6 6 2 
2511488048 2511488048 763388323 763388323 0 65535 1521 1521 6 6 1 
2511488238 2511488238 763388323 763388323 0 65535 1521 1521 6 6 0 
2511488227 2511488227 763388323 763388323 0 65535 1525 1525 6 6 3 
2511488229 2511488229 763388323 763388323 0 65535 1733 1733 6 6 2 
2511488223 2511488223 4184911075 4184911075 0 65535 2115 2115 6 6 2 
2511488170 2511488170 763388323 763388323 0 65535 65500 65500 6 6 1 
2511488170 2511488170 763388323 763388323 0 65535 1489 1489 6 6 2 
2511488170 2511488170 4184911075 4184911075 0 65535 2115 2115 6 6 2 
2511488189 2511488189 763388323 763388323 0 65535 1521 1521 6 6 3 
2511488187 2511488187 763388323 763388323 0 65535 1704 1704 6 6 2 
2511488180 2511488180 763388323 763388323 0 65535 27000 27000 6 6 1 
2511488151 2511488151 763388323 763388323 0 65535 1734 1734 6 6 2 
2511488147 2511488147 763388323 763388323 0 65535 1221 1221 6 6 2 
2511488154 2511488154 763388323 763388323 0 65535 1221 1221 6 6 2 
2511488157 2511488157 2608939112 2608939112 0 65535 1600 1600 6 6 4 
2511488157 2511488157 4184911075 4184911075 0 65535 1433 1433 6 6 2 
2511488141 2511488141 763388323 763388323 0 65535 1711 1711 6 6 2 
2511488129 2511488129 4184911075 4184911075 0 65535 5631 5631 6 6 0 
2511488128 2511488128 763388322 763388322 0 65535 1602 1602 6 6 2 
2511488130 2511488130 763388322 763388322 0 65535 5555 5555 6 6 3 
2511488130 2511488130 763388322 763388322 0 65535 6000 6000 6 6 1 
2540119392 2540119392 763388322 763388322 0 65535 1526 1526 6 6 1 
2540119392 2540119392 763388322 763388322 0 65535 2051 2051 6 6 1 
2540119408 2540119408 763388322 763388322 0 65535 1733 1733 6 6 4 
2540119422 2540119422 2540118034 2540118034 0 65535 1733 1733 6 6 2 
2540119420 2540119420 763388322 763388322 0 65535 5541 5541 6 6 1 
2540119368 2540119368 763388322 763388322 0 65535 135 135 6 6 0 
2540119367 2540119367 763388322 763388322 0 65535 1521 1521 6 6 4 
2540119382 2540119382 763388322 763388322 0 65535 1490 1490 6 6 2 
2540119378 2540119378 763388322 763388322 0 65535 1521 1521 6 6 3 
2540119378 2540119378 4184911075 4184911075 0 65535 6888 6888 17 17 1 
2540119497 2540119497 763388322 763388322 0 65535 1704 1704 6 6 3 
2540119497 2540119497 4184911075 4184911075 0 65535 1717 1717 6 6 3 
2540119497 2540119497 763388322 763388322 0 65535 1526 1526 6 6 3 
2540119497 2540119497 763388322 763388322 0 65535 1715 1715 6 6 3 
2540119497 2540119497 763388322 763388322 0 65535 1715 1715 17 17 2 
2540119497 2540119497 2540118034 2540118034 0 65535 80 80 6 6 1 
2540119497 2540119497 2674235095 2674235095 0 65535 1733 1733 6 6 4 
2540119497 2540119497 763388322 763388322 0 65535 1711 1711 6 6 2 
2540119497 2540119497 763388322 763388322 0 65535 1706 1706 6 6 1 
2540119497 2540119497 763388322 763388322 0 65535 1521 1521 6 6 2 
2540119497 2540119497 763388322 763388322 0 65535 1733 1733 6 6 2 
2540119497 2540119497 4184911075 4184911075 0 65535 1489 1489 6 6 4 
2540119497 2540119497 763388322 763388322 0 65535 5631 5631 6 6 3 
2540119533 2540119533 763388322 763388322 0 65535 1521 1521 6 6 3 
2540119533 2540119533 763388322 763388322 0 65535 1526 1526 6 6 1 
2540119532 2540119532 763388322 763388322 0 65535 1489 1489 6 6 3 
2540119532 2540119532 763388322 763388322 0 65535 6789 6789 6 6 1 
2540119531 2540119531 763388322 763388322 0 65535 1521 1521 6 6 3 
2540119531 2540119531 763388322 763388322 0 65535 32201 32201 6 6 1 
2540119531 2540119531 763388322 763388322 0 65535 14753 14753 6 6 2 
2540119521 2540119521 763388322 763388322 0 65535 30211 30211 6 6 2 
2540119521 2540119521 763388322 763388322 0 65535 1733 1733 6 6 4 
2540119526 2540119526 4184911075 4184911075 0 65535 1704 1704 6 6 1 
2540119526 2540119526 763388322 763388322 0 65535 6000 6000 6 6 0 
2540119526 2540119526 2540118034 2540118034 0 65535 1526 1526 6 6 2 
2540119527 2540119527 763388322 763388322 0 65535 14753 14753 6 6 2 
2540119527 2540119527 763388322 763388322 0 65535 6000 6000 6 6 3 
2392747081 2392747081 763388322 763388322 0 65535 1708 1708 6 6 2 
2392747081 2392747081 763388322 763388322 0 65535 5540 5540 6 6 3 
2392747081 2392747081 763388322 763388322 0 65535 1525 1525 6 6 0 
2392747081 2392747081 763388322 763388322 0 65535 135 135 6 6 2 
2392747081 2392747081 763388322 763388322 0 65535 1707 1707 6 6 3 
2392747081 2392747081 763388322 763388322 0 65535 1221 1221 6 6 2 
2392747081 2392747081 2392746867 2392746867 0 65535 6790 6790 6 6 4 
2392747081 2392747081 763388322 763388322 0 65535 1526 1526 6 6 4 
2392747081 2392747081 763388322 763388322 0 65535 20 20 6 6 3 
2392747081 2392747081 2392746867 2392746867 0 65535 5541 5541 6 6 3 
2392747081 2392747081 763388322 763388322 0 65535 1521 1521 6 6 2 
2392747110 2392747110 763388322 763388322 0 65535 1733 1733 6 6 4 
2392747110 2392747110 763388322 763388322 0 65535 1433 1433 6 6 0 
2392747110 2392747110 763388322 763388322 0 65535 14753 14753 6 6 4 
2392747109 2392747109 763388322 763388322 0 65535 1526 1526 6 6 2 
2392747109 2392747109 4184911075 4184911075 0 65535 14753 14753 6 6 1 
2392747109 2392747109 763388322 763388322 0 65535 1521 1521 6 6 0 
2392747109 2392747109 763388322 763388322 0 65535 1602 1602 6 6 1 
2392747109 2392747109 4184911075 4184911075 0 65535 1712 1712 17 17 0 
2392747113 2392747113 763388322 763388322 0 65535 1708 1708 6 6 3 
2392747113 2392747113 2570385558 2570385558 0 65535 3745 3745 6 6 4 
2392747113 2392747113 763388322 763388322 0 65535 1733 1733 6 6 2 
2392747112 2392747112 2317802050 2317802050 0 65535 6889 6889 6 6 4 
2392747112 2392747112 763388322 763388322 0 65535 6790 6790 6 6 1 
2392747112 2392747112 763388322 763388322 0 65535 5541 5541 6 6 3 
2392747112 2392747112 763388322 763388322 0 65535 1521 1521 6 6 0 
2392747112 2392747112 763388322 763388322 0 65535 2115 2115 6 6 0 
2360853043 2360853043 763388322 763388322 0 65535 14753 14753 6 6 3 
2360853046 2360853046 763388322 763388322 0 65535 1706 1706 6 6 2 
2360853017 2360853017 763388322 763388322 0 65535 1521 1521 6 6 1 
2360853022 2360853022 763388322 763388322 0 65535 1525 1525 6 6 2 
2360852992 2360852992 763388322 763388322 0 65535 1521 1521 6 6 1 
2360852994 2360852994 4184911075 4184911075 0 65535 1221 1221 6 6 1 
2360853078 2360853078 763388322 763388322 0 65535 1734 1734 6 6 2 
2360853078 2360853078 4184911075 4184911075 0 65535 32200 32200 6 6 0 
2360853078 2360853078 763388322 763388322 0 65535 1711 1711 6 6 4 
2360853078 2360853078 763388322 763388322 0 65535 1521 1521 6 6 0 
2360853078 2360853078 763388322 763388322 0 65535 5541 5541 6 6 4 
2360853061 2360853061 2360853606 2360853606 0 65535 1717 1717 6 6 3 
2360853063 2360853063 2360853617 2360853617 0 65535 1521 1521 6 6 2 
2360853065 2360853065 2360853617 2360853617 0 65535 1602 1602 6 6 4 
2360853065 2360853065 763388322 763388322 0 65535 21 21 6 6 2 
2360853065 2360853065 763388322 763388322 0 65535 1724 1724 6 6 4 
2360853116 2360853116 763388322 763388322 0 65535 135 135 6 6 4 
2360853116 2360853116 763388322 763388322 0 65535 2051 2051 6 6 2 
2360853116 2360853116 763388322 763388322 0 65535 1724 1724 6 6 1 
2360853119 2360853119 763388322 763388322 0 65535 1489 1489 6 6 2 
2360853118 2360853118 763364262 763364262 0 65535 1724 1724 6 6 3 
2360853118 2360853118 763364262 763364262 0 65535 5541 5541 6 6 3 
2360853118 2360853118 763364262 763364262 0 65535 1433 1433 6 6 2 
2360853104 2360853104 763364262 763364262 0 65535 1602 1602 6 6 3 
2360853104 2360853104 4184911075 4184911075 0 65535 31000 31000 6 6 3 
2360853104 2360853104 763364262 763364262 0 65535 1707 1707 6 6 3 
2360853108 2360853108 4184911075 4184911075 0 65535 2115 2115 6 6 1 
2360853108 2360853108 763364262 763364262 0 65535 1521 1521 6 6 2 
2360853108 2360853108 763364262 763364262 0 65535 1221 1221 6 6 1 
2360853109 2360853109 763364262 763364262 0 65535 5541 5541 6 6 3 
2360853109 2360853109 763364262 763364262 0 65535 6790 6790 6 6 1 
2360853109 2360853109 763364262 763364262 0 65535 1521 1521 6 6 1 
2360853109 2360853109 2360853617 2360853617 0 65535 4646 4646 6 6 3 
2309250873 2309250873 763364262 763364262 0 65535 1521 1521 6 6 3 
2309250855 2309250855 763364262 763364262 0 65535 1490 1490 6 6 2 
2309250853 2309250853 763364262 763364262 0 65535 1521 1521 6 6 0 
2309250853 2309250853 763364262 763364262 0 65535 1733 1733 6 6 4 
2309250850 2309250850 763364262 763364262 0 65535 1525 1525 6 6 4 
2309250851 2309250851 763364262 763364262 0 65535 5632 5632 6 6 3 
2309250851 2309250851 4184911075 4184911075 0 65535 1708 1708 6 6 3 
2309250851 2309250851 763364262 763364262 0 65535 1712 1712 6 6 4 
2309250816 2309250816 763364262 763364262 0 65535 27000 27000 6 6 4 
2309250819 2309250819 763364262 763364262 0 65535 6888 6888 6 6 0 
2309250822 2309250822 763364262 763364262 0 65535 1521 1521 6 6 3 
2309250824 2309250824 763364262 763364262 0 65535 65500 65500 6 6 2 
2309250841 2309250841 763364262 763364262 0 65535 27400 27400 6 6 2 
2309250837 2309250837 763364262 763364262 0 65535 443 443 6 6 0 
2309250837 2309250837 2309249584 2309249584 0 65535 1526 1526 6 6 0 
2309250838 2309250838 763364262 763364262 0 65535 135 135 6 6 3 
2309250834 2309250834 763364262 763364262 0 65535 1707 1707 6 6 3 
2309250834 2309250834 2309249584 2309249584 0 65535 2115 2115 6 6 3 
2309250834 2309250834 2309249584 2309249584 0 65535 6000 6000 6 6 4 
2328248731 2328248731 763364262 763364262 0 65535 1521 1521 6 6 4 
2328248726 2328248726 4184911075 4184911075 0 65535 30804 30804 6 6 3 
2328248715 2328248715 763364262 763364262 0 65535 5540 5540 6 6 1 
2328248757 2328248757 763364262 763364262 0 65535 135 135 6 6 4 
2328248799 2328248799 763364262 763364262 0 65535 1708 1708 6 6 1 
2328248798 2328248798 4184911075 4184911075 0 65535 5632 5632 6 6 4 
2328248798 2328248798 763364262 763364262 0 65535 65500 65500 6 6 4 
2328248821 2328248821 763364262 763364262 0 65535 7205 7205 6 6 4 
2328248831 2328248831 763364262 763364262 0 65535 1525 1525 6 6 2 
2328248814 2328248814 763364262 763364262 0 65535 5540 5540 6 6 3 
2328248815 2328248815 763364262 763364262 0 65535 1521 1521 6 6 3 
2328248811 2328248811 763364262 763364262 0 65535 1526 1526 6 6 0 
2328248685 2328248685 763364262 763364262 0 65535 135 135 17 17 0 
2328248700 2328248700 4184911075 4184911075 0 65535 1734 1734 6 6 0 
2328248697 2328248697 763364262 763364262 0 65535 1521 1521 6 6 4 
2328248688 2328248688 763364262 763364262 0 65535 6000 6000 6 6 2 
2328248691 2328248691 763364262 763364262 0 65535 1489 1489 6 6 4 
2328248695 2328248695 763364262 763364262 0 65535 6890 6890 6 6 1 
2328248589 2328248589 763364262 763364262 0 65535 1712 1712 6 6 4 
2328248589 2328248589 763364262 763364262 0 65535 1221 1221 6 6 0 
2328248596 2328248596 763364262 763364262 0 65535 1704 1704 6 6 0 
2328248605 2328248605 763364262 763364262 0 65535 1221 1221 6 6 4 
2328248630 2328248630 4184911075 4184911075 0 65535 1433 1433 6 6 2 
2328248630 2328248630 763364262 763364262 0 65535 1521 1521 6 6 0 
2328248630 2328248630 763364262 763364262 0 65535 1433 1433 6 6 3 
2328248634 2328248634 4184911075 4184911075 0 65535 12050 12050 6 6 2 
2328248634 2328248634 763364262 763364262 0 65535 1711 1711 6 6 0 
2328248618 2328248618 763364262 763364262 0 65535 1521 1521 6 6 0 
2328248612 2328248612 763364262 763364262 0 65535 1433 1433 6 6 2 
2328248612 2328248612 763364262 763364262 0 65535 1705 1705 6 6 2 
2328248610 2328248610 763364262 763364262 0 65535 1724 1724 6 6 2 
2209457077 2209457077 763364262 763364262 0 65535 1708 1708 6 6 2 
2209457034 2209457034 763364262 763364262 0 65535 1707 1707 6 6 4 
2209457116 2209457116 763364262 763364262 0 65535 1706 1706 6 6 4 
2209457118 2209457118 763364262 763364262 0 65535 1490 1490 6 6 2 
2209457104 2209457104 763364262 763364262 0 65535 1521 1521 6 6 1 
2209457105 2209457105 4184911075 4184911075 0 65535 6789 6789 17 17 4 
2209457109 2209457109 763364262 763364262 0 65535 1704 1704 6 6 4 
2209456925 2209456925 763364262 763364262 0 65535 1525 1525 6 6 3 
2209456925 2209456925 763364262 763364262 0 65535 21 21 6 6 4 
2209456921 2209456921 763364262 763364262 0 65535 14753 14753 6 6 1 
2209456897 2209456897 4184911075 4184911075 0 65535 32200 32200 6 6 0 
2209456902 2209456902 763364262 763364262 0 65535 5555 5555 6 6 3 
2209456900 2209456900 4184911075 4184911075 0 65535 1526 1526 6 6 1 
2209456905 2209456905 763364262 763364262 0 65535 6789 6789 6 6 3 
2209456905 2209456905 2218039629 2218039629 0 65535 1433 1433 6 6 0 
2209456905 2209456905 763364262 763364262 0 65535 1521 1521 6 6 4 
2209456911 2209456911 763364262 763364262 0 65535 1521 1521 6 6 3 
2209456954 2209456954 763364262 763364262 0 65535 65500 65500 6 6 1 
2209456958 2209456958 763364262 763364262 0 65535 6789 6789 6 6 4 
2209456949 2209456949 763364262 763364262 0 65535 5540 5540 6 6 2 
2209456949 2209456949 763364262 763364262 0 65535 27400 27400 6 6 0 
2209456950 2209456950 763364262 763364262 0 65535 1734 1734 6 6 3 
2209456950 2209456950 2209457385 2209457385 0 65535 1734 1734 6 6 1 
2209456938 2209456938 4184911075 4184911075 0 65535 1724 1724 6 6 1 
2209456938 2209456938 2209457390 2209457390 0 65535 21 21 6 6 4 
2209456938 2209456938 763364262 763364262 0 65535 20 20 6 6 2 
2209456936 2209456936 763364262 763364262 0 65535 5541 5541 6 6 0 
2209456941 2209456941 763364262 763364262 0 65535 5555 5555 6 6 3 
2209456941 2209456941 763364262 763364262 0 65535 19856 19856 6 6 0 
2209456941 2209456941 763364262 763364262 0 65535 1734 1734 6 6 2 
2180670604 2180670604 763364262 763364262 0 65535 1706 1706 6 6 4 
2180670604 2180670604 763364262 763364262 0 65535 2308 2308 6 6 2 
2180670607 2180670607 4184911075 4184911075 0 65535 6000 6000 6 6 0 
2180670607 2180670607 763364262 763364262 0 65535 1521 1521 6 6 2 
2180670596 2180670596 763364262 763364262 0 65535 1724 1724 17 17 4 
2180670598 2180670598 763364262 763364262 0 65535 1521 1521 6 6 0 
2180670598 2180670598 763364262 763364262 0 65535 3745 3745 6 6 0 
2180670594 2180670594 763364262 763364262 0 65535 443 443 6 6 0 
2180670594 2180670594 763364262 763364262 0 65535 1526 1526 6 6 0 
2180670594 2180670594 763364262 763364262 0 65535 2051 2051 6 6 0 
2180670594 2180670594 763364262 763364262 0 65535 1525 1525 6 6 0 
2180670594 2180670594 4184911075 4184911075 0 65535 2115 2115 6 6 2 
2180670594 2180670594 4184911075 4184911075 0 65535 1521 1521 6 6 1 
2180670594 2180670594 763364262 763364262 0 65535 1490 1490 6 6 3 
2180670641 2180670641 763364262 763364262 0 65535 1521 1521 6 6 2 
2180670641 2180670641 2180670438 2180670438 0 65535 1704 1704 6 6 4 
2180670644 2180670644 763364262 763364262 0 65535 1526 1526 6 6 1 
2180670646 2180670646 763364262 763364262 0 65535 1525 1525 6 6 0 
2180670651 2180670651 4184911075 4184911075 0 65535 1712 1712 6 6 2 
2180670649 2180670649 763364262 763364262 0 65535 1712 1712 6 6 3 
2180670649 2180670649 4184911075 4184911075 0 65535 1526 1526 6 6 4 
2180670634 2180670634 763364262 763364262 0 65535 1733 1733 6 6 4 
2180670634 2180670634 763364262 763364262 0 65535 1650 1650 17 17 0 
2180670630 2180670630 763364262 763364262 0 65535 20 20 6 6 2 
2180670630 2180670630 763364262 763364262 0 65535 5541 5541 6 6 0 
2180670630 2180670630 763364262 763364262 0 65535 3031 3031 6 6 1 
2180670630 2180670630 763364262 763364262 0 65535 27400 27400 6 6 2 
2180670630 2180670630 763364262 763364262 0 65535 443 443 6 6 3 
2180670630 2180670630 763364262 763364262 0 65535 1521 1521 6 6 3 
2180670630 2180670630 763364262 763364262 0 65535 1705 1705 6 6 3 
2257646351 2257646351 763364262 763364262 0 65535 7205 7205 6 6 4 
2257646362 2257646362 2346811982 2346811982 0 65535 1490 1490 6 6 4 
2257646353 2257646353 2257647413 2257647413 0 65535 1724 1724 6 6 4 
2257646358 2257646358 763364262 763364262 0 65535 14753 14753 6 6 2 
2257646358 2257646358 763364262 763364262 0 65535 1521 1521 6 6 1 
2257646460 2257646460 763364262 763364262 0 65535 1712 1712 6 6 4 
2257646462 2257646462 2257647198 2257647198 0 65535 1521 1521 6 6 1 
2257646457 2257646457 2257647192 2257647192 0 65535 14753 14753 6 6 1 
2257646457 2257646457 763364262 763364262 0 65535 1525 1525 6 6 2 
2257646459 2257646459 763364262 763364262 0 65535 1600 1600 6 6 2 
2257646459 2257646459 2346812372 2346812372 0 65535 1521 1521 6 6 4 
2257646459 2257646459 763364262 763364262 0 65535 1707 1707 6 6 1 
2257646449 2257646449 4184911075 4184911075 0 65535 80 80 6 6 0 
2257646449 2257646449 763364262 763364262 0 65535 5540 5540 6 6 4 
2257646449 2257646449 763364262 763364262 0 65535 1734 1734 6 6 4 
2257646449 2257646449 763364262 763364262 0 65535 1525 1525 6 6 2 
2257646449 2257646449 763364262 763364262 0 65535 80 80 6 6 2 
2257646449 2257646449 763364262 763364262 0 65535 1521 1521 6 6 0 
2257646449 2257646449 763364262 763364262 0 65535 1733 1733 6 6 0 
2257646453 2257646453 763364262 763364262 0 65535 1704 1704 6 6 2 
2257646453 2257646453 763364262 763364262 0 65535 1733 1733 17 17 1 
2257646453 2257646453 763364262 763364262 0 65535 1712 1712 6 6 0 
2257646453 2257646453 763364262 763364262 0 65535 1221 1221 6 6 2 
2257646453 2257646453 763364262 763364262 0 65535 1526 1526 6 6 0 
2237581060 2237581060 763364262 763364262 0 65535 1705 1705 6 6 0 
2237581059 2237581059 763364262 763364262 0 65535 1221 1221 6 6 2 
2237581058 2237581058 763364262 763364262 0 65535 2121 2121 6 6 4 
2237581056 2237581056 2237579958 2237579958 0 65535 1526 1526 6 6 1 
2237581078 2237581078 2237579967 2237579967 0 65535 1525 1525 6 6 3 
2237581077 2237581077 763364262 763364262 0 65535 5632 5632 6 6 4 
2237581077 2237581077 763364262 763364262 0 65535 1521 1521 6 6 2 
2237581082 2237581082 763364262 763364262 0 65535 1724 1724 6 6 3 
2237581082 2237581082 763364262 763364262 0 65535 1521 1521 6 6 4 
2237581087 2237581087 763364262 763364262 0 65535 1704 1704 6 6 4 
2237581087 2237581087 763364262 763364262 0 65535 1433 1433 6 6 2 
2237581087 2237581087 763364262 763364262 0 65535 1521 1521 6 6 2 
2237581089 2237581089 763364262 763364262 0 65535 1708 1708 6 6 1 
2237581088 2237581088 763364262 763364262 0 65535 20 20 6 6 0 
2237581088 2237581088 763364262 763364262 0 65535 1724 1724 6 6 1 
2237581088 2237581088 763364262 763364262 0 65535 1221 1221 17 17 3 
2237581100 2237581100 763364262 763364262 0 65535 1521 1521 6 6 2 
2237581100 2237581100 4184911075 4184911075 0 65535 6849 6849 6 6 0 
2237581103 2237581103 4184911075 4184911075 0 65535 15126 15126 6 6 0 
2237581103 2237581103 763364262 763364262 0 65535 14753 14753 17 17 4 
2237581103 2237581103 763364262 763364262 0 65535 20 20 6 6 4 
2237581103 2237581103 763364262 763364262 0 65535 1489 1489 6 6 1 
2237581107 2237581107 4184911075 4184911075 0 65535 1521 1521 6 6 4 
2237581107 2237581107 763364262 763364262 0 65535 1521 1521 6 6 1 
2237581111 2237581111 763364262 763364262 0 65535 1521 1521 6 6 0 
2237581111 2237581111 763364262 763364262 0 65535 1221 1221 6 6 0 
2237581111 2237581111 763364262 763364262 0 65535 2115 2115 6 6 4 
2237581111 2237581111 763364262 763364262 0 65535 14753 14753 6 6 3 
2237581111 2237581111 763364262 763364262 0 65535 1717 1717 6 6 0 
2237581111 2237581111 1239812465 1239812465 0 65535 65500 65500 6 6 0 
2237581111 2237581111 2602912479 2602912479 0 65535 1724 1724 6 6 1 
2237581111 2237581111 1239812465 1239812465 0 65535 20 20 6 6 1 
2237581111 2237581111 1239812465 1239812465 0 65535 5540 5540 6 6 4 
4252358240 4252358240 1239812465 1239812465 0 65535 20 20 6 6 2 
4252358225 4252358225 1239812465 1239812465 0 65535 1521 1521 6 6 4 
4252358197 4252358197 1239812465 1239812465 0 65535 1525 1525 6 6 0 
4252358195 4252358195 1239812465 1239812465 0 65535 20 20 6 6 4 
4252358189 4252358189 1239812465 1239812465 0 65535 2110 2110 6 6 0 
4252358149 4252358149 3121826250 3121826250 0 65535 5631 5631 6 6 0 
4252358156 4252358156 1239812465 1239812465 0 65535 6789 6789 6 6 3 
4252358166 4252358166 4252357473 4252357473 0 65535 1521 1521 6 6 0 
4252358163 4252358163 1239812465 1239812465 0 65535 3745 3745 6 6 4 
4252358376 4252358376 3121826250 3121826250 0 65535 1489 1489 6 6 2 
4252358369 4252358369 1239812465 1239812465 0 65535 14753 14753 6 6 0 
4252358343 4252358343 1239812465 1239812465 0 65535 19856 19856 6 6 4 
4252358357 4252358357 1239812465 1239812465 0 65535 80 80 6 6 4 
4252358359 4252358359 1239812465 1239812465 0 65535 1717 1717 6 6 1 
4252358314 4252358314 1239812465 1239812465 0 65535 1526 1526 6 6 3 
4252358315 4252358315 1239812465 1239812465 0 65535 1705 1705 6 6 4 
4252358313 4252358313 1239812465 1239812465 0 65535 5540 5540 6 6 4 
4252358325 4252358325 1239812465 1239812465 0 65535 5631 5631 6 6 2 
4252358320 4252358320 1239812465 1239812465 0 65535 1489 1489 6 6 4 
4252358320 4252358320 1239812465 1239812465 0 65535 1221 1221 6 6 3 
4252358320 4252358320 1239812465 1239812465 0 65535 27000 27000 6 6 3 
4252358278 4252358278 1239812465 1239812465 0 65535 32200 32200 6 6 0 
4252358274 4252358274 1239812465 1239812465 0 65535 1521 1521 6 6 2 
4252358303 4252358303 1239812465 1239812465 0 65535 5541 5541 6 6 3 
4252358293 4252358293 1239812465 1239812465 0 65535 512 512 6 6 3 
4252358293 4252358293 1239812465 1239812465 0 65535 2026 2026 6 6 4 
4252358294 4252358294 4252357536 4252357536 0 65535 1352 1352 6 6 2 
4252358291 4252358291 1239812465 1239812465 0 65535 1221 1221 6 6 3 
4252358291 4252358291 1239812465 1239812465 0 65535 5631 5631 6 6 1 
4273498150 4273498150 1239812465 1239812465 0 65535 1526 1526 6 6 2 
4273498150 4273498150 1239812465 1239812465 0 65535 1708 1708 6 6 1 
4273498149 4273498149 1239812465 1239812465 0 65535 30899 30899 6 6 3 
4273498153 4273498153 3121826250 3121826250 0 65535 1708 1708 6 6 0 
4273498154 4273498154 1239812465 1239812465 0 65535 1712 1712 6 6 1 
4273498159 4273498159 1239812465 1239812465 0 65535 1221 1221 6 6 3 
4273498159 4273498159 3121826250 3121826250 0 65535 1521 1521 6 6 4 
4273498138 4273498138 3121826250 3121826250 0 65535 1521 1521 6 6 4 
4273498131 4273498131 1239812465 1239812465 0 65535 135 135 6 6 4 
4273498122 4273498122 3920480053 3920480053 0 65535 1521 1521 6 6 0 
4273498118 4273498118 1239812465 1239812465 0 65535 1717 1717 6 6 3 
4273498342 4273498342 1239812465 1239812465 0 65535 6000 6000 6 6 0 
4273498342 4273498342 4273499776 4273499776 0 65535 1521 1521 6 6 0 
4273498339 4273498339 3121826250 3121826250 0 65535 1526 1526 6 6 3 
4273498339 4273498339 1239812465 1239812465 0 65535 1521 1521 6 6 2 
4273498337 4273498337 4273499776 4273499776 0 65535 1521 1521 6 6 2 
4273498337 4273498337 1239812465 1239812465 0 65535 1521 1521 6 6 0 
4273498337 4273498337 1239812465 1239812465 0 65535 1704 1704 17 17 4 
4273498337 4273498337 1239812465 1239812465 0 65535 5632 5632 6 6 0 
4273498361 4273498361 3920076903 3920076903 0 65535 5555 5555 6 6 2 
4273498361 4273498361 4157793106 4157793106 0 65535 6000 6000 6 6 0 
4273498361 4273498361 1239812465 1239812465 0 65535 1432 1432 6 6 2 
4273498367 4273498367 4149947347 4149947347 0 65535 1525 1525 6 6 1 
4273498367 4273498367 4273499776 4273499776 0 65535 2115 2115 6 6 1 
4273498367 4273498367 1239812465 1239812465 0 65535 1521 1521 6 6 0 
4273498367 4273498367 1239812465 1239812465 0 65535 1733 1733 6 6 3 
4273498354 4273498354 1239812465 1239812465 0 65535 1521 1521 6 6 2 
4273498354 4273498354 3121826250 3121826250 0 65535 1433 1433 6 6 2 
4273498354 4273498354 1239812465 1239812465 0 65535 5540 5540 6 6 4 
4273498354 4273498354 1239812465 1239812465 0 65535 1707 1707 6 6 3 
4273498354 4273498354 1239812465 1239812465 0 65535 1704 1704 6 6 0 
4273498354 4273498354 1239812465 1239812465 0 65535 1717 1717 6 6 2 
4184910296 4184910296 1239812465 1239812465 0 65535 2121 2121 6 6 1 
4184910296 4184910296 4184911075 4184911075 0 65535 1712 1712 6 6 0 
4184910296 4184910296 1239812465 1239812465 0 65535 1705 1705 6 6 1 
4184910298 4184910298 1239812465 1239812465 0 65535 135 135 6 6 0 
4184910299 4184910299 1239812465 1239812465 0 65535 1711 1711 6 6 2 
4184910288 4184910288 1239812465 1239812465 0 65535 1521 1521 6 6 0 
4184910290 4184910290 1239812465 1239812465 0 65535 1521 1521 6 6 2 
4184910295 4184910295 1239812465 1239812465 0 65535 1708 1708 6 6 4 
4184910237 4184910237 1239812465 1239812465 0 65535 1724 1724 6 6 0 
4184910232 4184910232 4184911075 4184911075 0 65535 1521 1521 6 6 3 
4184910232 4184910232 4184911075 4184911075 0 65535 5631 5631 6 6 1 
4184910235 4184910235 1239812465 1239812465 0 65535 1707 1707 6 6 2 
4184910231 4184910231 1239812465 1239812465 0 65535 1734 1734 6 6 1 
4184910230 4184910230 1239812465 1239812465 0 65535 3745 3745 6 6 0 
4184910228 4184910228 1239812465 1239812465 0 65535 1521 1521 6 6 4 
4184910228 4184910228 3121826250 3121826250 0 65535 1712 1712 6 6 1 
4184910227 4184910227 1239812465 1239812465 0 65535 1526 1526 6 6 1 
4184910227 4184910227 4184911075 4184911075 0 65535 21 21 6 6 4 
4184910224 4184910224 1239812465 1239812465 0 65535 5541 5541 6 6 2 
4184910224 4184910224 1239812465 1239812465 0 65535 20 20 6 6 1 
4184910224 4184910224 3121826250 3121826250 0 65535 1525 1525 6 6 3 
4184910263 4184910263 1239812465 1239812465 0 65535 21 21 6 6 2 
4184910265 4184910265 1239812465 1239812465 0 65535 1521 1521 6 6 4 
4184910270 4184910270 1239812465 1239812465 0 65535 1433 1433 6 6 2 
4184910270 4184910270 1239812465 1239812465 0 65535 1724 1724 6 6 1 
4184910246 4184910246 1239812465 1239812465 0 65535 5540 5540 6 6 1 
4184910246 4184910246 1239812465 1239812465 0 65535 6000 6000 6 6 4 
4184910244 4184910244 1239812465 1239812465 0 65535 1521 1521 6 6 0 
4184910254 4184910254 4184911075 4184911075 0 65535 1521 1521 6 6 0 
4184910252 4184910252 1239812465 1239812465 0 65535 1525 1525 6 6 1 
4184910252 4184910252 1239812465 1239812465 0 65535 1724 1724 6 6 1 
4215622643 4215622643 3121826250 3121826250 0 65535 1724 1724 6 6 0 
4215622646 4215622646 1239812465 1239812465 0 65535 21 21 6 6 1 
4215622652 4215622652 1239812465 1239812465 0 65535 6000 6000 6 6 4 
4215622639 4215622639 1239812465 1239812465 0 65535 1521 1521 6 6 2 
4215622633 4215622633 1239812465 1239812465 0 65535 1733 1733 6 6 3 
4215622619 4215622619 1239812465 1239812465 0 65535 1724 1724 6 6 3 
4215622622 4215622622 1239812465 1239812465 0 65535 5541 5541 6 6 0 
4215622623 4215622623 1239812465 1239812465 0 65535 1221 1221 6 6 4 
4215622608 4215622608 3121826250 3121826250 0 65535 1521 1521 6 6 2 
4215622610 4215622610 1239812465 1239812465 0 65535 6789 6789 6 6 1 
4215622612 4215622612 1239812465 1239812465 0 65535 1521 1521 6 6 4 
4215622612 4215622612 1239812465 1239812465 0 65535 30211 30211 6 6 2 
4215622481 4215622481 1239812465 1239812465 0 65535 2121 2121 6 6 2 
4215622519 4215622519 1239812465 1239812465 0 65535 1706 1706 6 6 0 
4215622497 4215622497 1239812465 1239812465 0 65535 1521 1521 6 6 2 
4215622440 4215622440 3121826250 3121826250 0 65535 1705 1705 6 6 2 
4215622444 4215622444 1239812465 1239812465 0 65535 5540 5540 6 6 1 
4215622444 4215622444 1239812465 1239812465 0 65535 1717 1717 6 6 0 
4215622446 4215622446 3121826250 3121826250 0 65535 1221 1221 6 6 3 
4215622436 4215622436 3121826250 3121826250 0 65535 135 135 6 6 3 
4215622436 4215622436 1239812465 1239812465 0 65535 1521 1521 6 6 3 
4215622438 4215622438 4215622711 4215622711 0 65535 1490 1490 6 6 1 
4215622439 4215622439 1239812465 1239812465 0 65535 135 135 6 6 2 
4215622439 4215622439 1239812465 1239812465 0 65535 5555 5555 6 6 3 
4215622400 4215622400 1239812465 1239812465 0 65535 1525 1525 6 6 4 
4215622417 4215622417 1239812465 1239812465 0 65535 5542 5542 6 6 1 
4215622416 4215622416 4215622708 4215622708 0 65535 1433 1433 6 6 1 
4083536127 4083536127 1239812465 1239812465 0 65535 1525 1525 6 6 3 
4083536109 4083536109 1239812465 1239812465 0 65535 1489 1489 6 6 4 
4083536066 4083536066 1239812465 1239812465 0 65535 135 135 6 6 3 
4083536025 4083536025 1239812465 1239812465 0 65535 1521 1521 6 6 0 
4083536028 4083536028 1239812465 1239812465 0 65535 2115 2115 6 6 4 
4083536020 4083536020 1239812465 1239812465 0 65535 20 20 6 6 2 
4083536001 4083536001 1239812465 1239812465 0 65535 1521 1521 6 6 2 
4083536005 4083536005 1239812465 1239812465 0 65535 20 20 6 6 3 
4083536035 4083536035 3927033345 3927033345 0 65535 135 135 6 6 4 
4083536044 4083536044 1239812465 1239812465 0 65535 1706 1706 6 6 4 
4083536041 4083536041 1239812465 1239812465 0 65535 1712 1712 6 6 4 
4083536053 4083536053 3121826250 3121826250 0 65535 1526 1526 6 6 2 
4083536048 4083536048 1239812465 1239812465 0 65535 1526 1526 6 6 3 
4083536056 4083536056 1239812465 1239812465 0 65535 1521 1521 17 17 0 
4083535901 4083535901 1239812465 1239812465 0 65535 1526 1526 6 6 3 
4083535902 4083535902 1239812465 1239812465 0 65535 6790 6790 6 6 2 
4083535881 4083535881 3121826250 3121826250 0 65535 1712 1712 6 6 0 
4083535873 4083535873 3121826250 3121826250 0 65535 1525 1525 6 6 4 
4083535873 4083535873 1239812465 1239812465 0 65535 135 135 6 6 2 
4083535935 4083535935 3121826250 3121826250 0 65535 1712 1712 6 6 4 
4083535928 4083535928 1239812465 1239812465 0 65535 1521 1521 6 6 3 
4083535927 4083535927 1239812465 1239812465 0 65535 1521 1521 6 6 3 
4083535922 4083535922 1239812465 1239812465 0 65535 1724 1724 6 6 1 
4083535918 4083535918 1239812465 1239812465 0 65535 6000 6000 6 6 2 
4083535918 4083535918 1239812465 1239812465 0 65535 1521 1521 6 6 2 
4083535905 4083535905 4083536911 4083536911 0 65535 1526 1526 6 6 3 
4083535905 4083535905 1239812465 1239812465 0 65535 1707 1707 6 6 4 
4083535905 4083535905 1239812465 1239812465 0 65535 6000 6000 6 6 2 
4083535905 4083535905 1239812465 1239812465 0 65535 1711 1711 6 6 4 
4044295838 4044295838 1239812465 1239812465 0 65535 1489 1489 6 6 3 
4044295808 4044295808 3121826250 3121826250 0 65535 1521 1521 6 6 1 
4044295808 4044295808 1239812465 1239812465 0 65535 19856 19856 6 6 2 
4044295809 4044295809 1239812465 1239812465 0 65535 1704 1704 6 6 1 
4044295809 4044295809 1239812465 1239812465 0 65535 1521 1521 6 6 0 
4044295848 4044295848 1239812465 1239812465 0 65535 1704 1704 6 6 1 
4044295849 4044295849 1239812465 1239812465 0 65535 1521 1521 6 6 2 
4044295843 4044295843 1239812465 1239812465 0 65535 1733 1733 6 6 4 
4044295869 4044295869 1239812465 1239812465 0 65535 135 135 6 6 2 
4044295860 4044295860 1239812465 1239812465 0 65535 5631 5631 6 6 0 
4044295860 4044295860 1239812465 1239812465 0 65535 1717 1717 6 6 3 
4044295792 4044295792 1239812465 1239812465 0 65535 1521 1521 6 6 2 
4044295803 4044295803 3869203829 3869203829 0 65535 5631 5631 6 6 1 
4044295807 4044295807 1239812465 1239812465 0 65535 1521 1521 6 6 1 
4044295782 4044295782 1239812465 1239812465 0 65535 1521 1521 6 6 0 
4044295781 4044295781 1239812465 1239812465 0 65535 5632 5632 6 6 1 
4044295791 4044295791 1239812465 1239812465 0 65535 1521 1521 17 17 2 
4044295789 4044295789 1239812465 1239812465 0 65535 21 21 6 6 1 
4044295787 4044295787 1239812465 1239812465 0 65535 27000 27000 6 6 2 
4044295729 4044295729 1239812465 1239812465 0 65535 21 21 6 6 0 
4044295731 4044295731 1239812465 1239812465 0 65535 1221 1221 6 6 3 
4044295739 4044295739 4184911075 4184911075 0 65535 1221 1221 6 6 3 
4044295739 4044295739 1239812465 1239812465 0 65535 1715 1715 6 6 4 
4044295727 4044295727 1239812465 1239812465 0 65535 1525 1525 6 6 2 
4044295717 4044295717 1239812465 1239812465 0 65535 1490 1490 6 6 0 
4044295717 4044295717 4044295006 4044295006 0 65535 6000 6000 6 6 4 
4044295689 4044295689 1239812465 1239812465 0 65535 32201 32201 6 6 4 
4044295689 4044295689 1239812465 1239812465 0 65535 1708 1708 6 6 0 
4044295687 4044295687 1239812465 1239812465 0 65535 1733 1733 6 6 4 
4044295687 4044295687 1239812465 1239812465 0 65535 1712 1712 6 6 0 
4044295706 4044295706 1239812465 1239812465 0 65535 27400 27400 6 6 3 
4044295709 4044295709 1239812465 1239812465 0 65535 5555 5555 6 6 0 
4044295709 4044295709 1239812465 1239812465 0 65535 135 135 6 6 3 
4044295699 4044295699 1239812465 1239812465 0 65535 21 21 6 6 4 
4044295699 4044295699 1239812465 1239812465 0 65535 30210 30210 6 6 1 
4044295696 4044295696 1239812465 1239812465 0 65535 5632 5632 6 6 2 
4044295696 4044295696 3121826250 3121826250 0 65535 1221 1221 6 6 1 
4117166368 4117166368 3121826250 3121826250 0 65535 1521 1521 6 6 4 
4117166377 4117166377 1239812465 1239812465 0 65535 1521 1521 6 6 0 
4117166381 4117166381 1239812465 1239812465 0 65535 6000 6000 6 6 1 
4117166387 4117166387 1239812465 1239812465 0 65535 1521 1521 6 6 3 
4117166391 4117166391 1239812465 1239812465 0 65535 1525 1525 6 6 4 
4117166391 4117166391 1239812465 1239812465 0 65535 1734 1734 6 6 2 
4117166391 4117166391 4117167736 4117167736 0 65535 1521 1521 6 6 3 
4117166391 4117166391 4117167736 4117167736 0 65535 1221 1221 6 6 1 
4117166391 4117166391 4071404289 4071404289 0 65535 6790 6790 6 6 1 
4117166340 4117166340 4117167736 4117167736 0 65535 5632 5632 6 6 4 
4117166340 4117166340 1239812465 1239812465 0 65535 1706 1706 6 6 3 
4117166343 4117166343 4117167736 4117167736 0 65535 5555 5555 6 6 1 
4117166343 4117166343 1239812465 1239812465 0 65535 1717 1717 6 6 4 
4117166343 4117166343 1239812465 1239812465 0 65535 6000 6000 6 6 0 
4117166343 4117166343 3121826250 3121826250 0 65535 1705 1705 6 6 2 
4117166343 4117166343 1239812465 1239812465 0 65535 20 20 6 6 0 
4117166344 4117166344 1239812465 1239812465 0 65535 1724 1724 6 6 2 
4117166344 4117166344 3121826250 3121826250 0 65535 14753 14753 6 6 0 
4117166344 4117166344 1239812465 1239812465 0 65535 1550 1550 6 6 2 
4117166344 4117166344 1239812465 1239812465 0 65535 5540 5540 6 6 2 
4117166350 4117166350 1239812465 1239812465 0 65535 1704 1704 6 6 1 
4117166350 4117166350 1239812465 1239812465 0 65535 1707 1707 6 6 4 
4117166350 4117166350 1239812465 1239812465 0 65535 1521 1521 6 6 4 
4117166350 4117166350 3860593721 3860593721 0 65535 1526 1526 6 6 2 
4117166350 4117166350 4117167736 4117167736 0 65535 1521 1521 6 6 3 
4132525324 4132525324 1239812465 1239812465 0 65535 2308 2308 6 6 0 
4132525315 4132525315 1239812465 1239812465 0 65535 1711 1711 6 6 4 
4132525343 4132525343 1239812465 1239812465 0 65535 1526 1526 6 6 3 
4132525364 4132525364 3121826250 3121826250 0 65535 6000 6000 6 6 3 
4132525345 4132525345 3121826250 3121826250 0 65535 1705 1705 6 6 2 
4132525426 4132525426 1229540333 1229540333 0 65535 1711 1711 6 6 0 
4132525422 4132525422 1229540333 1229540333 0 65535 1734 1734 6 6 4 
4132525416 4132525416 1229540333 1229540333 0 65535 30804 30804 6 6 0 
4132525413 4132525413 1229540333 1229540333 0 65535 2110 2110 6 6 3 
4132525404 4132525404 1229540333 1229540333 0 65535 1715 1715 6 6 3 
4132525407 4132525407 1229540333 1229540333 0 65535 1521 1521 6 6 2 
4132525391 4132525391 1229540333 1229540333 0 65535 1711 1711 6 6 4 
4132525557 4132525557 1229540333 1229540333 0 65535 1706 1706 6 6 4 
4132525557 4132525557 3121826250 3121826250 0 65535 1707 1707 6 6 0 
4132525554 4132525554 1229540333 1229540333 0 65535 14753 14753 6 6 2 
4132525554 4132525554 1229540333 1229540333 0 65535 21 21 6 6 2 
4132525554 4132525554 1229540333 1229540333 0 65535 135 135 6 6 3 
4132525552 4132525552 1229540333 1229540333 0 65535 1734 1734 6 6 2 
4132525552 4132525552 1229540333 1229540333 0 65535 1704 1704 6 6 1 
4132525552 4132525552 1229540333 1229540333 0 65535 6000 6000 6 6 3 
4132525552 4132525552 1229540333 1229540333 0 65535 1521 1521 6 6 0 
4132525552 4132525552 1229540333 1229540333 0 65535 6849 6849 6 6 0 
4132525536 4132525536 1229540333 1229540333 0 65535 1724 1724 6 6 4 
4132525536 4132525536 3121826250 3121826250 0 65535 31000 31000 6 6 3 
0 4294967295 0 4294967295 0 65535 0 65535 0 255 0 
