4132525550 4132525550 1229540333 1229540333 0 65535 1221 1221 6 6 3 
4132525550 4132525550 4132524413 4132524413 0 65535 1521 1521 6 6 1 
4132525550 4132525550 1229540333 1229540333 0 65535 1717 1717 6 6 3 
4132525548 4132525548 4132524413 4132524413 0 65535 1521 1521 6 6 2 
4132525548 4132525548 1229540333 1229540333 0 65535 1521 1521 6 6 3 
4132525548 4132525548 1229540333 1229540333 0 65535 1733 1733 6 6 4 
4132525546 4132525546 1229540333 1229540333 0 65535 5555 5555 6 6 3 
4132525546 4132525546 1229540333 1229540333 0 65535 1708 1708 6 6 3 
4132525545 4132525545 3121826250 3121826250 0 65535 5540 5540 6 6 3 
4132525545 4132525545 1229540333 1229540333 0 65535 1733 1733 6 6 0 
3907593938 3907593938 1229540333 1229540333 0 65535 1521 1521 6 6 1 
3907593938 3907593938 1229540333 1229540333 0 65535 55444 55444 6 6 2 
3907593924 3907593924 1229540333 1229540333 0 65535 1717 1717 6 6 0 
3907593958 3907593958 1229540333 1229540333 0 65535 1734 1734 6 6 3 
3907593957 3907593957 1229540333 1229540333 0 65535 20 20 6 6 0 
3907593953 3907593953 1229540333 1229540333 0 65535 6888 6888 6 6 1 
3907593964 3907593964 1229540333 1229540333 0 65535 1526 1526 6 6 0 
3907593964 3907593964 1229540333 1229540333 0 65535 1489 1489 6 6 0 
3907593906 3907593906 1229540333 1229540333 0 65535 1704 1704 6 6 2 
3907593906 3907593906 1229540333 1229540333 0 65535 1526 1526 6 6 4 
3907593908 3907593908 1229540333 1229540333 0 65535 6789 6789 6 6 3 
3907593911 3907593911 1229540333 1229540333 0 65535 1521 1521 6 6 1 
3907593916 3907593916 3121826250 3121826250 0 65535 1521 1521 6 6 3 
3907593916 3907593916 1229540333 1229540333 0 65535 20 20 6 6 1 
3907593898 3907593898 1229540333 1229540333 0 65535 1712 1712 6 6 0 
3907593898 3907593898 1229540333 1229540333 0 65535 14753 14753 6 6 2 
3907593893 3907593893 1229540333 1229540333 0 65535 5555 5555 6 6 2 
3907593892 3907593892 1229540333 1229540333 0 65535 1712 1712 17 17 0 
3907593888 3907593888 1229540333 1229540333 0 65535 1707 1707 6 6 4 
3907593888 3907593888 1229540333 1229540333 0 65535 1712 1712 6 6 2 
3907593891 3907593891 3907592626 3907592626 0 65535 1708 1708 6 6 0 
3907593867 3907593867 1229540333 1229540333 0 65535 19856 19856 6 6 0 
3907593867 3907593867 1229540333 1229540333 0 65535 1521 1521 6 6 1 
3907593864 3907593864 1229540333 1229540333 0 65535 1525 1525 6 6 4 
3907593864 3907593864 1229540333 1229540333 0 65535 512 512 6 6 3 
3907593868 3907593868 1229540333 1229540333 0 65535 1712 1712 6 6 3 
3907593868 3907593868 1229540333 1229540333 0 65535 1733 1733 6 6 4 
3907593868 3907593868 3907592284 3907592284 0 65535 1733 1733 17 17 1 
3907593880 3907593880 1229540333 1229540333 0 65535 1433 1433 6 6 2 
3907593873 3907593873 1229540333 1229540333 0 65535 1704 1704 6 6 4 
3907593874 3907593874 3121826250 3121826250 0 65535 1706 1706 17 17 0 
3907593874 3907593874 1229540333 1229540333 0 65535 20 20 6 6 0 
3907593874 3907593874 1229540333 1229540333 0 65535 12050 12050 6 6 2 
3907593874 3907593874 1229540333 1229540333 0 65535 14753 14753 6 6 4 
3956363102 3956363102 3121826250 3121826250 0 65535 30899 30899 6 6 4 
3956363097 3956363097 1229540333 1229540333 0 65535 1711 1711 6 6 1 
3956363095 3956363095 3121826250 3121826250 0 65535 1221 1221 6 6 0 
3956363088 3956363088 1229540333 1229540333 0 65535 1525 1525 6 6 1 
3956363120 3956363120 1229540333 1229540333 0 65535 1704 1704 6 6 4 
3956363113 3956363113 4184911075 4184911075 0 65535 1490 1490 6 6 1 
3956363114 3956363114 3956361422 3956361422 0 65535 5540 5540 6 6 2 
3956363117 3956363117 1229540333 1229540333 0 65535 5555 5555 6 6 0 
3956363109 3956363109 1229540333 1229540333 0 65535 1521 1521 6 6 1 
3956363064 3956363064 1229540333 1229540333 0 65535 1724 1724 6 6 2 
3956363070 3956363070 1229540333 1229540333 0 65535 1521 1521 6 6 1 
3956363059 3956363059 3121826250 3121826250 0 65535 1221 1221 6 6 4 
3956363054 3956363054 1229540333 1229540333 0 65535 1221 1221 6 6 2 
3956363054 3956363054 4184911075 4184911075 0 65535 1526 1526 6 6 4 
3956363054 3956363054 3121826250 3121826250 0 65535 1521 1521 6 6 4 
3956363047 3956363047 1229540333 1229540333 0 65535 2121 2121 6 6 1 
3956363046 3956363046 1229540333 1229540333 0 65535 135 135 6 6 0 
3956363044 3956363044 1229540333 1229540333 0 65535 1715 1715 6 6 1 
3956363042 3956363042 1229540333 1229540333 0 65535 5555 5555 6 6 2 
3956363042 3956363042 1229540333 1229540333 0 65535 1707 1707 6 6 1 
3956363011 3956363011 1229540333 1229540333 0 65535 1707 1707 6 6 3 
3956363012 3956363012 1229540333 1229540333 0 65535 1526 1526 17 17 0 
3956363015 3956363015 1229540333 1229540333 0 65535 1712 1712 6 6 4 
3956363015 3956363015 1229540333 1229540333 0 65535 1708 1708 6 6 3 
3956363015 3956363015 1229540333 1229540333 0 65535 5555 5555 6 6 4 
3956363015 3956363015 3956361391 3956361391 0 65535 1525 1525 6 6 3 
3956363021 3956363021 1229540333 1229540333 0 65535 1521 1521 6 6 1 
3956363021 3956363021 1229540333 1229540333 0 65535 1704 1704 6 6 0 
3956363021 3956363021 1229540333 1229540333 0 65535 31000 31000 6 6 0 
3956363019 3956363019 1229540333 1229540333 0 65535 1715 1715 6 6 1 
3956363019 3956363019 1229540333 1229540333 0 65535 1521 1521 6 6 1 
3956363019 3956363019 1229540333 1229540333 0 65535 1540 1540 6 6 3 
3956363019 3956363019 1229540333 1229540333 0 65535 30804 30804 6 6 3 
3956363019 3956363019 1229540333 1229540333 0 65535 14753 14753 6 6 0 
3996049540 3996049540 3996050466 3996050466 0 65535 1712 1712 17 17 1 
3996049546 3996049546 3121826250 3121826250 0 65535 1733 1733 6 6 3 
3996049558 3996049558 3996050466 3996050466 0 65535 1521 1521 6 6 2 
3996049555 3996049555 1229540333 1229540333 0 65535 1521 1521 6 6 3 
3996049594 3996049594 1229540333 1229540333 0 65535 19856 19856 6 6 1 
3996049591 3996049591 3121826250 3121826250 0 65535 1221 1221 6 6 4 
3996049580 3996049580 3121826250 3121826250 0 65535 1733 1733 6 6 4 
3996049576 3996049576 1229540333 1229540333 0 65535 1712 1712 6 6 4 
3996049571 3996049571 4184911075 4184911075 0 65535 6790 6790 6 6 1 
3996049487 3996049487 3121826250 3121826250 0 65535 1521 1521 6 6 1 
3996049487 3996049487 3996050466 3996050466 0 65535 12050 12050 6 6 1 
3996049479 3996049479 1229540333 1229540333 0 65535 1707 1707 6 6 1 
3996049478 3996049478 3121826250 3121826250 0 65535 1706 1706 6 6 1 
3996049478 3996049478 1229540333 1229540333 0 65535 30210 30210 6 6 4 
3996049478 3996049478 1229540333 1229540333 0 65535 6789 6789 6 6 4 
3996049478 3996049478 3996050466 3996050466 0 65535 1521 1521 6 6 4 
3996049497 3996049497 1229540333 1229540333 0 65535 1711 1711 6 6 3 
3996049497 3996049497 1229540333 1229540333 0 65535 14753 14753 6 6 4 
3996049496 3996049496 3121826250 3121826250 0 65535 1724 1724 6 6 1 
3996049496 3996049496 1229540333 1229540333 0 65535 1712 1712 6 6 1 
3996049502 3996049502 1229540333 1229540333 0 65535 1221 1221 6 6 1 
3996049502 3996049502 1229540333 1229540333 0 65535 30210 30210 6 6 0 
3996049494 3996049494 1229540333 1229540333 0 65535 1490 1490 6 6 3 
3996049494 3996049494 1229540333 1229540333 0 65535 20 20 6 6 4 
3996049494 3996049494 1229540333 1229540333 0 65535 27400 27400 6 6 4 
3996049494 3996049494 1229540333 1229540333 0 65535 1705 1705 6 6 4 
3996049494 3996049494 1229540333 1229540333 0 65535 1526 1526 6 6 2 
3996049494 3996049494 3996050466 3996050466 0 65535 1526 1526 6 6 4 
3996049494 3996049494 1229540333 1229540333 0 65535 1521 1521 6 6 1 
3967948309 3967948309 1229971258 1229971258 0 65535 20 20 6 6 0 
3967948307 3967948307 1229971258 1229971258 0 65535 6789 6789 6 6 0 
3967948305 3967948305 3121826250 3121826250 0 65535 14753 14753 6 6 1 
3967948305 3967948305 3967947011 3967947011 0 65535 14753 14753 6 6 0 
3967948301 3967948301 1229971258 1229971258 0 65535 5540 5540 6 6 0 
3967948301 3967948301 1229971258 1229971258 0 65535 1711 1711 6 6 1 
3967948298 3967948298 1229971258 1229971258 0 65535 1521 1521 6 6 4 
3967948288 3967948288 3792688115 3792688115 0 65535 1712 1712 6 6 0 
3967948291 3967948291 3967947011 3967947011 0 65535 1707 1707 6 6 3 
3967948295 3967948295 1229971258 1229971258 0 65535 1526 1526 6 6 2 
3967948295 3967948295 1229971258 1229971258 0 65535 1521 1521 6 6 1 
3967948295 3967948295 1229971258 1229971258 0 65535 1221 1221 6 6 2 
3967948292 3967948292 1229971258 1229971258 0 65535 1521 1521 6 6 3 
3967948293 3967948293 1229971258 1229971258 0 65535 1717 1717 6 6 2 
3967948341 3967948341 1229971258 1229971258 0 65535 1733 1733 6 6 4 
3967948341 3967948341 1229971258 1229971258 0 65535 5555 5555 6 6 4 
3967948341 3967948341 1229971258 1229971258 0 65535 1717 1717 6 6 0 
3967948341 3967948341 1229971258 1229971258 0 65535 2026 2026 6 6 1 
3967948341 3967948341 1229971258 1229971258 0 65535 1526 1526 6 6 1 
3967948341 3967948341 1229971258 1229971258 0 65535 1601 1601 6 6 2 
3967948341 3967948341 4184911075 4184911075 0 65535 1521 1521 6 6 1 
3967948341 3967948341 3121826250 3121826250 0 65535 1521 1521 6 6 3 
3967948326 3967948326 1229971258 1229971258 0 65535 1540 1540 6 6 1 
3967948334 3967948334 1229971258 1229971258 0 65535 1526 1526 6 6 1 
3967948334 3967948334 1229971258 1229971258 0 65535 1521 1521 6 6 4 
3967948334 3967948334 3967947012 3967947012 0 65535 1221 1221 6 6 1 
3967948334 3967948334 4184911075 4184911075 0 65535 1707 1707 6 6 3 
3967948335 3967948335 1229971258 1229971258 0 65535 1489 1489 6 6 4 
3967948335 3967948335 4184911075 4184911075 0 65535 1521 1521 6 6 0 
3967948335 3967948335 1229971258 1229971258 0 65535 80 80 6 6 3 
3847303966 3847303966 3762529481 3762529481 0 65535 1490 1490 6 6 4 
3847303946 3847303946 1229971249 1229971249 0 65535 1521 1521 6 6 0 
3847304011 3847304011 1229971249 1229971249 0 65535 6789 6789 6 6 2 
3847304011 3847304011 1229971249 1229971249 0 65535 1706 1706 6 6 0 
3847304011 3847304011 1229971249 1229971249 0 65535 1704 1704 6 6 3 
3847304011 3847304011 1229971249 1229971249 0 65535 1707 1707 6 6 1 
3847304011 3847304011 3121826250 3121826250 0 65535 1708 1708 6 6 2 
3847304011 3847304011 1229971249 1229971249 0 65535 1715 1715 6 6 3 
3847304011 3847304011 1229971249 1229971249 0 65535 135 135 6 6 1 
3847304011 3847304011 3121826250 3121826250 0 65535 1526 1526 6 6 1 
3847304011 3847304011 1229971249 1229971249 0 65535 14753 14753 6 6 3 
3847304011 3847304011 3847304817 3847304817 0 65535 21 21 6 6 2 
3879328552 3879328552 3879329324 3879329324 0 65535 1521 1521 17 17 4 
3879328556 3879328556 1229971249 1229971249 0 65535 2026 2026 6 6 2 
3879328550 3879328550 1229971249 1229971249 0 65535 1734 1734 6 6 4 
3879328600 3879328600 1229971249 1229971249 0 65535 20 20 6 6 0 
3879328581 3879328581 1229971249 1229971249 0 65535 135 135 6 6 4 
3879328619 3879328619 1229971249 1229971249 0 65535 1704 1704 6 6 2 
3879328614 3879328614 1229971249 1229971249 0 65535 135 135 6 6 4 
3879328639 3879328639 1229971249 1229971249 0 65535 6790 6790 6 6 1 
3879328656 3879328656 3121826250 3121826250 0 65535 19856 19856 6 6 2 
3879328663 3879328663 3121826250 3121826250 0 65535 1704 1704 6 6 4 
3879328677 3879328677 3121826250 3121826250 0 65535 1724 1724 6 6 0 
3879328685 3879328685 1229971249 1229971249 0 65535 1521 1521 6 6 3 
3879328699 3879328699 3121826250 3121826250 0 65535 4646 4646 6 6 2 
3879328709 3879328709 1229971249 1229971249 0 65535 1724 1724 6 6 4 
3879328716 3879328716 1229971249 1229971249 0 65535 6790 6790 6 6 0 
3879328718 3879328718 1229971249 1229971249 0 65535 1521 1521 6 6 0 
3879328715 3879328715 1229971249 1229971249 0 65535 1521 1521 6 6 1 
3879328735 3879328735 1229971249 1229971249 0 65535 1724 1724 6 6 0 
3879328732 3879328732 1229971249 1229971249 0 65535 1521 1521 6 6 0 
3879328728 3879328728 1229971249 1229971249 0 65535 135 135 6 6 0 
3879328736 3879328736 3121826250 3121826250 0 65535 5632 5632 6 6 2 
3879328736 3879328736 1229971210 1229971210 0 65535 1717 1717 6 6 1 
3879328743 3879328743 1229971210 1229971210 0 65535 1704 1704 6 6 4 
3879328747 3879328747 1229971210 1229971210 0 65535 21 21 17 17 4 
3879328746 3879328746 1229971210 1229971210 0 65535 1521 1521 6 6 0 
3879328749 3879328749 1229971210 1229971210 0 65535 55444 55444 6 6 3 
3879328749 3879328749 1229971210 1229971210 0 65535 14753 14753 6 6 1 
3879328749 3879328749 1229971210 1229971210 0 65535 1526 1526 6 6 0 
3879328749 3879328749 1229971210 1229971210 0 65535 1704 1704 6 6 4 
3777217240 3777217240 1229971210 1229971210 0 65535 1521 1521 6 6 2 
3777217199 3777217199 1229971210 1229971210 0 65535 6000 6000 6 6 4 
3777217184 3777217184 3121826250 3121826250 0 65535 30804 30804 6 6 1 
3777217203 3777217203 1229971210 1229971210 0 65535 5540 5540 17 17 0 
3777217176 3777217176 1229971210 1229971210 0 65535 1733 1733 6 6 1 
3777217157 3777217157 1229971210 1229971210 0 65535 1490 1490 6 6 0 
3777217152 3777217152 1229971210 1229971210 0 65535 5632 5632 6 6 4 
3777217161 3777217161 1229971210 1229971210 0 65535 1521 1521 6 6 1 
3777217080 3777217080 1229971210 1229971210 0 65535 1221 1221 17 17 0 
3777217087 3777217087 1229971210 1229971210 0 65535 2121 2121 6 6 3 
3777217087 3777217087 1229971210 1229971210 0 65535 1521 1521 6 6 0 
3777217056 3777217056 3777218275 3777218275 0 65535 30899 30899 6 6 0 
3777217068 3777217068 1229971210 1229971210 0 65535 19856 19856 6 6 2 
3777217067 3777217067 1229971210 1229971210 0 65535 135 135 6 6 2 
3777217067 3777217067 1229971210 1229971210 0 65535 6790 6790 6 6 0 
3777217040 3777217040 1229971210 1229971210 0 65535 443 443 6 6 4 
3777217040 3777217040 3121826250 3121826250 0 65535 135 135 6 6 1 
3777217044 3777217044 1229971210 1229971210 0 65535 80 80 6 6 4 
3777217046 3777217046 1229971210 1229971210 0 65535 1724 1724 6 6 1 
3777217046 3777217046 3830393260 3830393260 0 65535 6790 6790 6 6 0 
3777217028 3777217028 3121826250 3121826250 0 65535 1715 1715 6 6 4 
3777217028 3777217028 1229971210 1229971210 0 65535 15121 15121 6 6 3 
3777217028 3777217028 1229971210 1229971210 0 65535 1711 1711 6 6 4 
3777217025 3777217025 1229971210 1229971210 0 65535 1526 1526 6 6 3 
3777217026 3777217026 1229971210 1229971210 0 65535 14753 14753 6 6 2 
3777217026 3777217026 1229971210 1229971210 0 65535 27400 27400 6 6 4 
3777217026 3777217026 3777218275 3777218275 0 65535 1712 1712 6 6 1 
3811015445 3811015445 3121826250 3121826250 0 65535 1715 1715 17 17 0 
3811015461 3811015461 3811016596 3811016596 0 65535 1708 1708 6 6 0 
3811015503 3811015503 1229971210 1229971210 0 65535 1521 1521 17 17 4 
3811015510 3811015510 1229971210 1229971210 0 65535 6000 6000 6 6 4 
3811015516 3811015516 1229971210 1229971210 0 65535 1526 1526 6 6 4 
3811015527 3811015527 3121826250 3121826250 0 65535 1724 1724 6 6 4 
3811015520 3811015520 3121826250 3121826250 0 65535 6000 6000 6 6 0 
3811015533 3811015533 3121826250 3121826250 0 65535 1525 1525 6 6 3 
3811015535 3811015535 1229971210 1229971210 0 65535 1711 1711 6 6 3 
3811015542 3811015542 1229971210 1229971210 0 65535 1734 1734 6 6 0 
3811015540 3811015540 3811016596 3811016596 0 65535 5632 5632 6 6 2 
3811015540 3811015540 1229971210 1229971210 0 65535 1521 1521 17 17 4 
3811015540 3811015540 1229971210 1229971210 0 65535 1221 1221 6 6 1 
3811015655 3811015655 1229971210 1229971210 0 65535 20 20 6 6 3 
3811015648 3811015648 3841912447 3841912447 0 65535 1706 1706 6 6 3 
3811015662 3811015662 1229971210 1229971210 0 65535 55444 55444 6 6 0 
3811015616 3811015616 1229971210 1229971210 0 65535 1715 1715 6 6 2 
3811015625 3811015625 1229971210 1229971210 0 65535 1711 1711 6 6 3 
3811015634 3811015634 3121826250 3121826250 0 65535 1704 1704 6 6 4 
3811015612 3811015612 1229971210 1229971210 0 65535 20 20 6 6 2 
3811015612 3811015612 1229971210 1229971210 0 65535 1600 1600 17 17 4 
3811015606 3811015606 1229971210 1229971210 0 65535 14753 14753 6 6 1 
3811015605 3811015605 3121826250 3121826250 0 65535 20 20 6 6 0 
3811015601 3811015601 1229971210 1229971210 0 65535 6789 6789 6 6 1 
3811015601 3811015601 1229971210 1229971210 0 65535 1724 1724 6 6 3 
3811015603 3811015603 1229971210 1229971210 0 65535 1521 1521 6 6 1 
3811015602 3811015602 1229971210 1229971210 0 65535 1489 1489 6 6 0 
3811015574 3811015574 4184911075 4184911075 0 65535 5631 5631 6 6 2 
3811015578 3811015578 3811016596 3811016596 0 65535 1433 1433 6 6 0 
3811015578 3811015578 1229971210 1229971210 0 65535 135 135 6 6 2 
3811015576 3811015576 3121826250 3121826250 0 65535 1521 1521 6 6 3 
3811015556 3811015556 1229971210 1229971210 0 65535 27000 27000 6 6 0 
3811015559 3811015559 3121826250 3121826250 0 65535 5541 5541 6 6 3 
3811015555 3811015555 1229971210 1229971210 0 65535 1433 1433 6 6 0 
3811015555 3811015555 3121826250 3121826250 0 65535 5543 5543 6 6 1 
3811015563 3811015563 1229971210 1229971210 0 65535 21 21 6 6 2 
3407298094 3407298094 1229971210 1229971210 0 65535 5541 5541 6 6 1 
3407298059 3407298059 1229971210 1229971210 0 65535 1221 1221 6 6 4 
3407298054 3407298054 1229971210 1229971210 0 65535 1704 1704 6 6 4 
3407298048 3407298048 3407297475 3407297475 0 65535 2121 2121 6 6 2 
3407298051 3407298051 1229971210 1229971210 0 65535 6789 6789 6 6 0 
3407298129 3407298129 1229971210 1229971210 0 65535 1525 1525 6 6 1 
3407298129 3407298129 1229971210 1229971210 0 65535 1715 1715 6 6 1 
3407298129 3407298129 1229971210 1229971210 0 65535 6789 6789 6 6 2 
3407298129 3407298129 1229971210 1229971210 0 65535 32200 32200 6 6 1 
3407298129 3407298129 1229971210 1229971210 0 65535 1521 1521 6 6 3 
3407298112 3407298112 1229971210 1229971210 0 65535 6000 6000 6 6 4 
3407298126 3407298126 1229971210 1229971210 0 65535 5555 5555 6 6 3 
3407298124 3407298124 1229971210 1229971210 0 65535 443 443 6 6 3 
3407298160 3407298160 1229971210 1229971210 0 65535 5540 5540 6 6 4 
3407298163 3407298163 3423253305 3423253305 0 65535 20 20 6 6 3 
3407298163 3407298163 3121826250 3121826250 0 65535 1724 1724 6 6 4 
3407298146 3407298146 1229971210 1229971210 0 65535 1724 1724 6 6 2 
3407298151 3407298151 1229971210 1229971210 0 65535 1704 1704 6 6 4 
3407298150 3407298150 3121826250 3121826250 0 65535 1526 1526 6 6 1 
3407298155 3407298155 3121826250 3121826250 0 65535 1521 1521 6 6 0 
3407298152 3407298152 1229971210 1229971210 0 65535 1712 1712 6 6 4 
3407298156 3407298156 1229971210 1229971210 0 65535 1521 1521 6 6 4 
3386639546 3386639546 1229971210 1229971210 0 65535 1526 1526 6 6 4 
3386639541 3386639541 3121826250 3121826250 0 65535 135 135 6 6 0 
3386639534 3386639534 1229971210 1229971210 0 65535 32201 32201 6 6 4 
3386639529 3386639529 1229971210 1229971210 0 65535 6790 6790 6 6 4 
3386639495 3386639495 1229971210 1229971210 0 65535 6789 6789 6 6 4 
3386639489 3386639489 1229971210 1229971210 0 65535 1521 1521 6 6 0 
3386639496 3386639496 1229971210 1229971210 0 65535 1521 1521 6 6 4 
3386639501 3386639501 1229971210 1229971210 0 65535 1525 1525 17 17 2 
3386639504 3386639504 1229971210 1229971210 0 65535 1525 1525 6 6 1 
3386639504 3386639504 1229971210 1229971210 0 65535 1706 1706 6 6 1 
3386639574 3386639574 3386639155 3386639155 0 65535 3745 3745 6 6 0 
3386639572 3386639572 1229971210 1229971210 0 65535 6789 6789 6 6 0 
3386639569 3386639569 1229971210 1229971210 0 65535 80 80 6 6 4 
3386639569 3386639569 1229971210 1229971210 0 65535 1521 1521 6 6 2 
3386639569 3386639569 1229971210 1229971210 0 65535 5555 5555 6 6 2 
3386639582 3386639582 1229971210 1229971210 0 65535 443 443 6 6 1 
3386639582 3386639582 1229971210 1229971210 0 65535 5540 5540 6 6 2 
3386639582 3386639582 1229971210 1229971210 0 65535 20 20 6 6 3 
3386639582 3386639582 1229971210 1229971210 0 65535 1433 1433 6 6 1 
3386639577 3386639577 3261824607 3261824607 0 65535 27000 27000 6 6 3 
3386639577 3386639577 1229971210 1229971210 0 65535 1521 1521 6 6 2 
3386639567 3386639567 1229971210 1229971210 0 65535 21 21 6 6 4 
3386639567 3386639567 1229971210 1229971210 0 65535 1712 1712 6 6 1 
3386639567 3386639567 1229971210 1229971210 0 65535 1707 1707 6 6 2 
3386639564 3386639564 1229971210 1229971210 0 65535 1521 1521 6 6 4 
3386639564 3386639564 1229971210 1229971210 0 65535 1734 1734 6 6 4 
3386639563 3386639563 3386639155 3386639155 0 65535 1521 1521 6 6 3 
3386639563 3386639563 1229971210 1229971210 0 65535 1490 1490 6 6 2 
3386639561 3386639561 3121826250 3121826250 0 65535 1521 1521 6 6 1 
3386639561 3386639561 1229971210 1229971210 0 65535 1711 1711 6 6 1 
3386639554 3386639554 1229971210 1229971210 0 65535 20 20 6 6 4 
3386639554 3386639554 3386639155 3386639155 0 65535 1708 1708 6 6 3 
3386639554 3386639554 1229971210 1229971210 0 65535 1705 1705 6 6 1 
3386639554 3386639554 3623856110 3623856110 0 65535 65500 65500 6 6 4 
3386639554 3386639554 1229971210 1229971210 0 65535 2026 2026 6 6 3 
3386639554 3386639554 3386639155 3386639155 0 65535 1521 1521 6 6 3 
3386639554 3386639554 3121826250 3121826250 0 65535 1712 1712 6 6 1 
3386639554 3386639554 3121826250 3121826250 0 65535 1521 1521 6 6 0 
3386639554 3386639554 1229971210 1229971210 0 65535 1733 1733 6 6 1 
3386639554 3386639554 1229971210 1229971210 0 65535 1712 1712 6 6 3 
3473570545 3473570545 1229971210 1229971210 0 65535 3745 3745 6 6 1 
3473570474 3473570474 1229971210 1229971210 0 65535 1521 1521 6 6 2 
3473570456 3473570456 3473571384 3473571384 0 65535 7205 7205 6 6 3 
3473570456 3473570456 1229971210 1229971210 0 65535 1602 1602 6 6 4 
3473570456 3473570456 3121826250 3121826250 0 65535 1707 1707 17 17 1 
3473570438 3473570438 1229971210 1229971210 0 65535 1521 1521 6 6 4 
3473570444 3473570444 3121826250 3121826250 0 65535 1521 1521 6 6 3 
3473570357 3473570357 1229971210 1229971210 0 65535 2121 2121 6 6 1 
3473570354 3473570354 1229971210 1229971210 0 65535 1521 1521 6 6 3 
3473570363 3473570363 1229971210 1229971210 0 65535 1521 1521 6 6 4 
3473570339 3473570339 1229971210 1229971210 0 65535 2121 2121 6 6 4 
3473570339 3473570339 3121826250 3121826250 0 65535 21 21 6 6 3 
3473570342 3473570342 1229971210 1229971210 0 65535 1705 1705 6 6 4 
3473570423 3473570423 1229971210 1229971210 0 65535 1526 1526 6 6 2 
3473570429 3473570429 1229971210 1229971210 0 65535 1521 1521 6 6 3 
3473570408 3473570408 1229971210 1229971210 0 65535 1526 1526 6 6 3 
3473570408 3473570408 1229971210 1229971210 0 65535 1733 1733 6 6 4 
3473570401 3473570401 1229971210 1229971210 0 65535 1521 1521 6 6 2 
3473570405 3473570405 3121826250 3121826250 0 65535 3031 3031 6 6 3 
3473570394 3473570394 1229971210 1229971210 0 65535 1600 1600 6 6 0 
3473570386 3473570386 1229971210 1229971210 0 65535 20 20 6 6 2 
3473570386 3473570386 1229971210 1229971210 0 65535 1707 1707 6 6 0 
3473570372 3473570372 1229971210 1229971210 0 65535 1733 1733 6 6 1 
3473570368 3473570368 1229971210 1229971210 0 65535 1526 1526 6 6 1 
3473570369 3473570369 1229971210 1229971210 0 65535 1521 1521 6 6 1 
3473570370 3473570370 1229971210 1229971210 0 65535 1221 1221 6 6 0 
3473570370 3473570370 1229971210 1229971210 0 65535 1717 1717 6 6 3 
3442720787 3442720787 1229971210 1229971210 0 65535 1708 1708 17 17 3 
3442720775 3442720775 1229971210 1229971210 0 65535 5631 5631 6 6 1 
3442720817 3442720817 1229971210 1229971210 0 65535 1712 1712 6 6 1 
3442720804 3442720804 1229971210 1229971210 0 65535 21 21 6 6 0 
3442720848 3442720848 1229971210 1229971210 0 65535 20 20 6 6 0 
3442720850 3442720850 3121826250 3121826250 0 65535 1521 1521 6 6 0 
3442720855 3442720855 1229971210 1229971210 0 65535 5540 5540 6 6 1 
3442720865 3442720865 1229971210 1229971210 0 65535 1521 1521 6 6 3 
3442720890 3442720890 1229971210 1229971210 0 65535 1490 1490 6 6 3 
3442720894 3442720894 3121826250 3121826250 0 65535 1521 1521 6 6 2 
3442720880 3442720880 1229971210 1229971210 0 65535 1521 1521 6 6 1 
3442720909 3442720909 3121826250 3121826250 0 65535 1717 1717 6 6 0 
3442720909 3442720909 3389506709 3389506709 0 65535 1521 1521 6 6 1 
3442720909 3442720909 1229971210 1229971210 0 65535 1526 1526 6 6 0 
3442720905 3442720905 1229971210 1229971210 0 65535 1733 1733 6 6 3 
3442720905 3442720905 1229971210 1229971210 0 65535 1717 1717 6 6 0 
3442720907 3442720907 1229971210 1229971210 0 65535 31000 31000 6 6 3 
3442720912 3442720912 1229971210 1229971210 0 65535 2121 2121 6 6 0 
3442720920 3442720920 1229971210 1229971210 0 65535 1521 1521 6 6 2 
3442720920 3442720920 1229971210 1229971210 0 65535 135 135 6 6 4 
3442720950 3442720950 1229971210 1229971210 0 65535 1521 1521 6 6 2 
3442720950 3442720950 1229971210 1229971210 0 65535 1717 1717 6 6 3 
3442720954 3442720954 1229971210 1229971210 0 65535 5631 5631 6 6 2 
3442720958 3442720958 1229971210 1229971210 0 65535 1521 1521 6 6 1 
3442720958 3442720958 3121826250 3121826250 0 65535 1490 1490 6 6 2 
3442720937 3442720937 3121826250 3121826250 0 65535 1526 1526 6 6 1 
3442720939 3442720939 1229971210 1229971210 0 65535 5631 5631 6 6 1 
3442720939 3442720939 1229971210 1229971210 0 65535 1708 1708 6 6 3 
3442720939 3442720939 1229971210 1229971210 0 65535 1521 1521 6 6 0 
3442720943 3442720943 1229971210 1229971210 0 65535 1521 1521 6 6 4 
3442720943 3442720943 1229971210 1229971210 0 65535 135 135 6 6 1 
3442720943 3442720943 1229971210 1229971210 0 65535 1526 1526 6 6 3 
3271855434 3271855434 1229971210 1229971210 0 65535 1540 1540 6 6 4 
3271855437 3271855437 1229971210 1229971210 0 65535 1715 1715 6 6 3 
3271855429 3271855429 1229971210 1229971210 0 65535 1704 1704 6 6 3 
3271855454 3271855454 1229971210 1229971210 0 65535 5541 5541 6 6 4 
3271855474 3271855474 1229971210 1229971210 0 65535 1711 1711 6 6 4 
3271855473 3271855473 1229971210 1229971210 0 65535 1521 1521 6 6 1 
3271855477 3271855477 1229971210 1229971210 0 65535 5632 5632 6 6 0 
3271855480 3271855480 1229971210 1229971210 0 65535 1525 1525 6 6 1 
3271855485 3271855485 1229971210 1229971210 0 65535 5541 5541 6 6 4 
3271855607 3271855607 1229971210 1229971210 0 65535 1521 1521 6 6 4 
3271855607 3271855607 3121826250 3121826250 0 65535 2308 2308 6 6 2 
3271855604 3271855604 1229971210 1229971210 0 65535 1521 1521 6 6 4 
3271855602 3271855602 1254059327 1254059327 0 65535 1525 1525 6 6 2 
3271855602 3271855602 1254059327 1254059327 0 65535 1521 1521 6 6 2 
3271855613 3271855613 3121826250 3121826250 0 65535 21 21 6 6 0 
3271855615 3271855615 1254059327 1254059327 0 65535 32200 32200 6 6 1 
3271855609 3271855609 1254059327 1254059327 0 65535 5631 5631 6 6 3 
3271855608 3271855608 1254059327 1254059327 0 65535 1521 1521 6 6 1 
3271855608 3271855608 1254059327 1254059327 0 65535 1724 1724 6 6 0 
3271855557 3271855557 1254059327 1254059327 0 65535 14753 14753 6 6 3 
3271855556 3271855556 1254059327 1254059327 0 65535 1711 1711 6 6 1 
3271855552 3271855552 1254059327 1254059327 0 65535 1433 1433 6 6 3 
3271855552 3271855552 1254059327 1254059327 0 65535 32200 32200 6 6 1 
3271855552 3271855552 1254059327 1254059327 0 65535 1221 1221 6 6 4 
3271855564 3271855564 1254059327 1254059327 0 65535 1717 1717 6 6 1 
3271855564 3271855564 1254059327 1254059327 0 65535 1221 1221 6 6 0 
3271855564 3271855564 1254059327 1254059327 0 65535 1526 1526 6 6 0 
3271855563 3271855563 3309654416 3309654416 0 65535 1521 1521 6 6 3 
3271855563 3271855563 3271855086 3271855086 0 65535 1521 1521 6 6 0 
3239847575 3239847575 1254059327 1254059327 0 65535 1712 1712 6 6 0 
3239847582 3239847582 3121826250 3121826250 0 65535 135 135 6 6 0 
3239847581 3239847581 1254059327 1254059327 0 65535 1526 1526 6 6 1 
3239847581 3239847581 1254059327 1254059327 0 65535 1521 1521 6 6 0 
3239847581 3239847581 1254059326 1254059326 0 65535 6000 6000 6 6 0 
3239847556 3239847556 1254059326 1254059326 0 65535 1706 1706 6 6 4 
3239847556 3239847556 1254059326 1254059326 0 65535 30211 30211 6 6 3 
3239847555 3239847555 1254059326 1254059326 0 65535 1526 1526 6 6 3 
3239847555 3239847555 1254059326 1254059326 0 65535 1433 1433 6 6 4 
3239847553 3239847553 1254059326 1254059326 0 65535 1221 1221 6 6 3 
3239847566 3239847566 1254059326 1254059326 0 65535 135 135 6 6 2 
3239847566 3239847566 3239846499 3239846499 0 65535 1712 1712 6 6 4 
3239847563 3239847563 3239846506 3239846506 0 65535 1526 1526 6 6 2 
3239847563 3239847563 1254059326 1254059326 0 65535 1711 1711 6 6 1 
3239847563 3239847563 1254059326 1254059326 0 65535 19856 19856 6 6 4 
3239847561 3239847561 1254059326 1254059326 0 65535 1433 1433 6 6 0 
3239847476 3239847476 1254059326 1254059326 0 65535 1734 1734 6 6 1 
3239847461 3239847461 1254059326 1254059326 0 65535 32200 32200 6 6 1 
3239847431 3239847431 1254059326 1254059326 0 65535 5540 5540 6 6 3 
3239847424 3239847424 1254059326 1254059326 0 65535 1705 1705 6 6 2 
3239847435 3239847435 3121826250 3121826250 0 65535 20 20 6 6 4 
3239847448 3239847448 3121826250 3121826250 0 65535 1521 1521 6 6 0 
3239847548 3239847548 1254059326 1254059326 0 65535 1433 1433 6 6 2 
3239847548 3239847548 3121826250 3121826250 0 65535 2026 2026 6 6 4 
3239847547 3239847547 1254059326 1254059326 0 65535 1733 1733 6 6 1 
3239847540 3239847540 1254059326 1254059326 0 65535 1221 1221 6 6 1 
3239847543 3239847543 1254059326 1254059326 0 65535 5631 5631 6 6 2 
3239847521 3239847521 1254059326 1254059326 0 65535 21 21 6 6 3 
3239847522 3239847522 3121826250 3121826250 0 65535 1521 1521 6 6 3 
3239847522 3239847522 1254059326 1254059326 0 65535 1521 1521 6 6 1 
3239847516 3239847516 1254059326 1254059326 0 65535 1521 1521 6 6 0 
3239847519 3239847519 1254059326 1254059326 0 65535 1707 1707 6 6 0 
3239847519 3239847519 1254059326 1254059326 0 65535 1706 1706 6 6 1 
3239847512 3239847512 1254059326 1254059326 0 65535 1717 1717 6 6 0 
3239847515 3239847515 1254059326 1254059326 0 65535 20 20 6 6 4 
3239847515 3239847515 1254059326 1254059326 0 65535 1706 1706 6 6 4 
3299938190 3299938190 1254059326 1254059326 0 65535 1712 1712 6 6 0 
3299938191 3299938191 1254059326 1254059326 0 65535 1521 1521 6 6 2 
3299938223 3299938223 3121826250 3121826250 0 65535 1602 1602 6 6 0 
3299938217 3299938217 3299936475 3299936475 0 65535 1521 1521 6 6 0 
3299938217 3299938217 1254059326 1254059326 0 65535 1526 1526 6 6 3 
3299938214 3299938214 1254059326 1254059326 0 65535 1221 1221 6 6 4 
3299938211 3299938211 1254059326 1254059326 0 65535 1704 1704 6 6 4 
3299938211 3299938211 1254059326 1254059326 0 65535 2121 2121 6 6 3 
3299938109 3299938109 1254059326 1254059326 0 65535 5631 5631 6 6 0 
3299938088 3299938088 1254059326 1254059326 0 65535 21 21 6 6 3 
3299938125 3299938125 3299936474 3299936474 0 65535 1712 1712 6 6 0 
3299938127 3299938127 3121826250 3121826250 0 65535 1521 1521 6 6 1 
3299938119 3299938119 1253270095 1253270095 0 65535 1521 1521 6 6 2 
3299938115 3299938115 1253270095 1253270095 0 65535 1521 1521 6 6 0 
3299938133 3299938133 1253270095 1253270095 0 65535 1712 1712 6 6 3 
3299938135 3299938135 1253270095 1253270095 0 65535 2115 2115 6 6 1 
3299938140 3299938140 3121826250 3121826250 0 65535 32201 32201 6 6 1 
3299938140 3299938140 3299936473 3299936473 0 65535 1708 1708 6 6 2 
3299938136 3299938136 1253270095 1253270095 0 65535 21 21 6 6 4 
3299938139 3299938139 1253270095 1253270095 0 65535 1521 1521 6 6 0 
3299938169 3299938169 3121826250 3121826250 0 65535 1706 1706 17 17 4 
3299938171 3299938171 1253270095 1253270095 0 65535 1715 1715 6 6 3 
3299938164 3299938164 1253270095 1253270095 0 65535 1433 1433 6 6 3 
3299938160 3299938160 1253270095 1253270095 0 65535 1712 1712 6 6 3 
3299938149 3299938149 3121826250 3121826250 0 65535 1489 1489 6 6 2 
3299938150 3299938150 3299936473 3299936473 0 65535 2026 2026 6 6 3 
3299938147 3299938147 1253270095 1253270095 0 65535 1705 1705 6 6 1 
3299938147 3299938147 3423914404 3423914404 0 65535 21 21 6 6 1 
3299938154 3299938154 1253270095 1253270095 0 65535 14753 14753 6 6 0 
3299938154 3299938154 1253270095 1253270095 0 65535 1433 1433 6 6 4 
3299938154 3299938154 1253270095 1253270095 0 65535 1521 1521 6 6 1 
3352683853 3352683853 1253270095 1253270095 0 65535 1705 1705 6 6 2 
3352683817 3352683817 1253270095 1253270095 0 65535 4646 4646 6 6 4 
3352683817 3352683817 3121826250 3121826250 0 65535 1526 1526 6 6 0 
3352683837 3352683837 1253270095 1253270095 0 65535 1717 1717 6 6 3 
3352683825 3352683825 1253270095 1253270095 0 65535 1705 1705 6 6 1 
3352683800 3352683800 1253270095 1253270095 0 65535 1601 1601 6 6 1 
3352683792 3352683792 3352682875 3352682875 0 65535 1712 1712 6 6 4 
3352683778 3352683778 1253270095 1253270095 0 65535 1526 1526 6 6 3 
3352683778 3352683778 1253270095 1253270095 0 65535 5555 5555 6 6 1 
3352683790 3352683790 1253270095 1253270095 0 65535 1521 1521 6 6 1 
3352683788 3352683788 1253270095 1253270095 0 65535 1521 1521 6 6 4 
3352683928 3352683928 1253270095 1253270095 0 65535 1705 1705 6 6 4 
3352683920 3352683920 1253270095 1253270095 0 65535 1724 1724 6 6 4 
3352683921 3352683921 1253270095 1253270095 0 65535 5632 5632 6 6 2 
3352683924 3352683924 1253270095 1253270095 0 65535 1525 1525 6 6 0 
3352683950 3352683950 3121826250 3121826250 0 65535 5540 5540 6 6 0 
3352683964 3352683964 1253270095 1253270095 0 65535 1521 1521 6 6 1 
3352683962 3352683962 3121826250 3121826250 0 65535 1733 1733 6 6 1 
3352683959 3352683959 1253270095 1253270095 0 65535 21 21 6 6 3 
3352683982 3352683982 1253270095 1253270095 0 65535 1521 1521 6 6 4 
3352683977 3352683977 1253270095 1253270095 0 65535 1540 1540 6 6 0 
3352683988 3352683988 1253270095 1253270095 0 65535 1717 1717 6 6 2 
3352683988 3352683988 1253270095 1253270095 0 65535 1708 1708 6 6 1 
3352683988 3352683988 1253270095 1253270095 0 65535 1526 1526 6 6 3 
3352683986 3352683986 1253270095 1253270095 0 65535 1525 1525 6 6 1 
3352683986 3352683986 3121826250 3121826250 0 65535 5632 5632 17 17 0 
3352683986 3352683986 1253270095 1253270095 0 65535 1704 1704 6 6 1 
3352684000 3352684000 3121826250 3121826250 0 65535 1707 1707 6 6 1 
3352684000 3352684000 1253270095 1253270095 0 65535 6889 6889 6 6 4 
3352684007 3352684007 3352682875 3352682875 0 65535 1706 1706 6 6 1 
3352684030 3352684030 1253270095 1253270095 0 65535 1711 1711 6 6 4 
3352684031 3352684031 1253270095 1253270095 0 65535 5555 5555 6 6 2 
3352684029 3352684029 1253270095 1253270095 0 65535 1734 1734 6 6 3 
3352684029 3352684029 3121826250 3121826250 0 65535 5632 5632 6 6 4 
3588128665 3588128665 1253270095 1253270095 0 65535 21 21 6 6 0 
3588128659 3588128659 1253270095 1253270095 0 65535 1704 1704 6 6 0 
3588128662 3588128662 1253270095 1253270095 0 65535 80 80 6 6 3 
3588128660 3588128660 1253270095 1253270095 0 65535 1521 1521 6 6 4 
3588128643 3588128643 1253270095 1253270095 0 65535 6789 6789 6 6 0 
3588128647 3588128647 3588127165 3588127165 0 65535 1521 1521 6 6 1 
3588128648 3588128648 3121826250 3121826250 0 65535 135 135 6 6 3 
3588128648 3588128648 3588127165 3588127165 0 65535 135 135 6 6 1 
3588128637 3588128637 3588127164 3588127164 0 65535 135 135 6 6 1 
3588128624 3588128624 1253270095 1253270095 0 65535 1490 1490 6 6 1 
3588128617 3588128617 1253270095 1253270095 0 65535 1734 1734 6 6 1 
3588128617 3588128617 1253270095 1253270095 0 65535 1704 1704 6 6 0 
3588128576 3588128576 3588127164 3588127164 0 65535 1521 1521 6 6 4 
3588128581 3588128581 1253270095 1253270095 0 65535 30211 30211 6 6 4 
3588128569 3588128569 1253270095 1253270095 0 65535 20 20 6 6 1 
3588128569 3588128569 1253270095 1253270095 0 65535 21 21 6 6 0 
3588128569 3588128569 1253270095 1253270095 0 65535 5555 5555 6 6 3 
3588128569 3588128569 1253270095 1253270095 0 65535 5632 5632 6 6 2 
3588128569 3588128569 1253270095 1253270095 0 65535 1490 1490 6 6 1 
3588128572 3588128572 1253270095 1253270095 0 65535 1704 1704 6 6 0 
3588128574 3588128574 3456817004 3456817004 0 65535 5555 5555 6 6 2 
3588128574 3588128574 1253270095 1253270095 0 65535 1525 1525 17 17 1 
3588128561 3588128561 1253270095 1253270095 0 65535 32201 32201 6 6 4 
3588128561 3588128561 1253270095 1253270095 0 65535 65500 65500 17 17 1 
3588128561 3588128561 1253270095 1253270095 0 65535 1525 1525 6 6 1 
3588128561 3588128561 1253270095 1253270095 0 65535 5555 5555 6 6 4 
3588128561 3588128561 1253270095 1253270095 0 65535 1717 1717 6 6 0 
3588128561 3588128561 1253270095 1253270095 0 65535 1489 1489 6 6 3 
3588128560 3588128560 3121826250 3121826250 0 65535 65500 65500 6 6 1 
3588128560 3588128560 1253270095 1253270095 0 65535 1712 1712 6 6 4 
3588128560 3588128560 1253270095 1253270095 0 65535 6789 6789 6 6 1 
3588128560 3588128560 1253270095 1253270095 0 65535 14753 14753 6 6 3 
3588128560 3588128560 1253270095 1253270095 0 65535 1717 1717 6 6 3 
3596557420 3596557420 1253270095 1253270095 0 65535 31000 31000 6 6 3 
3596557424 3596557424 1253270095 1253270095 0 65535 1521 1521 6 6 3 
3596557360 3596557360 1253270095 1253270095 0 65535 20 20 6 6 0 
3596557360 3596557360 3121826250 3121826250 0 65535 1724 1724 6 6 4 
3596557363 3596557363 1253270095 1253270095 0 65535 1526 1526 6 6 0 
3596557364 3596557364 1253270095 1253270095 0 65535 1221 1221 6 6 3 
3596557366 3596557366 3601585347 3601585347 0 65535 1521 1521 6 6 3 
3596557374 3596557374 1253270095 1253270095 0 65535 1705 1705 6 6 1 
3596557373 3596557373 3456802505 3456802505 0 65535 5631 5631 6 6 4 
3596557369 3596557369 1253270095 1253270095 0 65535 1525 1525 6 6 2 
3596557369 3596557369 1253270095 1253270095 0 65535 1526 1526 6 6 0 
3596557531 3596557531 1253270095 1253270095 0 65535 6789 6789 6 6 3 
3596557531 3596557531 1253270095 1253270095 0 65535 1221 1221 6 6 3 
3596557517 3596557517 1253270095 1253270095 0 65535 1490 1490 6 6 1 
3596557485 3596557485 3121826250 3121826250 0 65535 1706 1706 6 6 2 
3596557481 3596557481 1253270095 1253270095 0 65535 1521 1521 6 6 3 
3596557475 3596557475 3468120812 3468120812 0 65535 5540 5540 6 6 0 
3596557475 3596557475 1253270095 1253270095 0 65535 1521 1521 6 6 4 
3596557478 3596557478 1253270095 1253270095 0 65535 1521 1521 6 6 1 
3596557476 3596557476 1253270095 1253270095 0 65535 1433 1433 6 6 4 
3596557489 3596557489 1253270095 1253270095 0 65535 5543 5543 6 6 3 
3596557494 3596557494 3121826250 3121826250 0 65535 27000 27000 6 6 0 
3596557493 3596557493 3467942088 3467942088 0 65535 1705 1705 6 6 3 
3596557501 3596557501 1253270095 1253270095 0 65535 1521 1521 6 6 4 
3596557497 3596557497 1253270095 1253270095 0 65535 1526 1526 6 6 0 
3596557496 3596557496 3121826250 3121826250 0 65535 1712 1712 6 6 0 
3596557459 3596557459 1253270095 1253270095 0 65535 1707 1707 6 6 0 
3596557459 3596557459 1253270095 1253270095 0 65535 1734 1734 6 6 4 
3596557469 3596557469 1253270095 1253270095 0 65535 32201 32201 6 6 1 
3596557469 3596557469 1253270095 1253270095 0 65535 1733 1733 6 6 2 
3596557466 3596557466 1253270095 1253270095 0 65535 1221 1221 6 6 3 
3596557452 3596557452 1253270095 1253270095 0 65535 1521 1521 6 6 0 
3596557450 3596557450 3121826250 3121826250 0 65535 1490 1490 6 6 4 
3596557451 3596557451 1253270095 1253270095 0 65535 1650 1650 6 6 3 
3596557448 3596557448 3489525357 3489525357 0 65535 1521 1521 6 6 2 
3596557446 3596557446 1253270095 1253270095 0 65535 4646 4646 6 6 2 
3596557447 3596557447 1253270095 1253270095 0 65535 2026 2026 6 6 4 
3596557447 3596557447 1253270095 1253270095 0 65535 1521 1521 6 6 3 
3596557441 3596557441 1253270095 1253270095 0 65535 1733 1733 6 6 3 
3596557441 3596557441 1253270095 1253270095 0 65535 1221 1221 6 6 4 
3596557442 3596557442 1253270095 1253270095 0 65535 1525 1525 6 6 4 
3522218232 3522218232 1253270095 1253270095 0 65535 1221 1221 6 6 3 
3522218227 3522218227 1253270095 1253270095 0 65535 30899 30899 6 6 4 
3522218213 3522218213 1253270095 1253270095 0 65535 14753 14753 6 6 3 
3522218192 3522218192 1253270095 1253270095 0 65535 1221 1221 6 6 1 
3522218165 3522218165 3121826250 3121826250 0 65535 135 135 6 6 1 
3522218161 3522218161 1253270095 1253270095 0 65535 1526 1526 6 6 3 
3522218154 3522218154 1253270095 1253270095 0 65535 1221 1221 6 6 3 
3522218159 3522218159 1253270095 1253270095 0 65535 1521 1521 6 6 4 
3522218149 3522218149 1253270095 1253270095 0 65535 1521 1521 6 6 4 
3522218148 3522218148 1253270095 1253270095 0 65535 1525 1525 6 6 0 
3522218115 3522218115 1253270095 1253270095 0 65535 5540 5540 6 6 1 
3522218029 3522218029 3121826250 3121826250 0 65535 1715 1715 6 6 4 
3522218003 3522218003 3121826250 3121826250 0 65535 6789 6789 6 6 4 
3522217985 3522217985 1253270095 1253270095 0 65535 2026 2026 17 17 0 
3522218107 3522218107 3522220008 3522220008 0 65535 20 20 6 6 3 
3522218107 3522218107 1253270095 1253270095 0 65535 1733 1733 6 6 1 
3522218108 3522218108 3121826250 3121826250 0 65535 3031 3031 6 6 2 
3522218108 3522218108 1253270095 1253270095 0 65535 1521 1521 6 6 0 
3522218111 3522218111 1253270095 1253270095 0 65535 1704 1704 6 6 3 
3522218111 3522218111 1253270095 1253270095 0 65535 1705 1705 6 6 4 
3522218097 3522218097 1253270095 1253270095 0 65535 21 21 6 6 3 
3522218097 3522218097 1253270095 1253270095 0 65535 1733 1733 6 6 2 
3522218097 3522218097 1253270095 1253270095 0 65535 1526 1526 6 6 2 
3522218098 3522218098 3121826250 3121826250 0 65535 1525 1525 6 6 0 
3522218098 3522218098 1253270095 1253270095 0 65535 1521 1521 6 6 2 
3522218098 3522218098 1253270095 1253270095 0 65535 1601 1601 6 6 0 
3522218098 3522218098 1253270095 1253270095 0 65535 30899 30899 6 6 0 
3522218098 3522218098 1253270095 1253270095 0 65535 5555 5555 6 6 0 
3522218098 3522218098 1253270095 1253270095 0 65535 21 21 6 6 3 
3522218098 3522218098 3121826250 3121826250 0 65535 1433 1433 6 6 4 
3522218098 3522218098 1253270095 1253270095 0 65535 5540 5540 6 6 1 
3552781996 3552781996 3552781188 3552781188 0 65535 1221 1221 6 6 3 
3552781998 3552781998 1253270095 1253270095 0 65535 5555 5555 6 6 3 
3552781968 3552781968 3121826250 3121826250 0 65535 6000 6000 6 6 3 
3552782064 3552782064 3121826250 3121826250 0 65535 1221 1221 6 6 2 
3552782052 3552782052 3121826250 3121826250 0 65535 1525 1525 6 6 2 
3552782052 3552782052 3121826250 3121826250 0 65535 2110 2110 6 6 1 
3552782024 3552782024 1253270095 1253270095 0 65535 1433 1433 6 6 2 
3552782019 3552782019 1253270095 1253270095 0 65535 1221 1221 6 6 4 
3552782045 3552782045 3121826250 3121826250 0 65535 1706 1706 6 6 4 
3552782043 3552782043 1253270095 1253270095 0 65535 1526 1526 6 6 1 
3552782034 3552782034 1253270095 1253270095 0 65535 27000 27000 6 6 2 
3552782034 3552782034 1253270095 1253270095 0 65535 5555 5555 6 6 0 
3552782032 3552782032 1253270095 1253270095 0 65535 6000 6000 6 6 4 
3552781929 3552781929 1242776369 1242776369 0 65535 1521 1521 6 6 2 
3552781930 3552781930 1242776369 1242776369 0 65535 1706 1706 6 6 4 
3552781924 3552781924 1242776374 1242776374 0 65535 1715 1715 6 6 0 
3552781951 3552781951 1242779446 1242779446 0 65535 5543 5543 6 6 2 
3552781951 3552781951 1242779446 1242779446 0 65535 1711 1711 6 6 1 
3552781949 3552781949 1242779446 1242779446 0 65535 1521 1521 6 6 2 
3552781940 3552781940 1242779446 1242779446 0 65535 6000 6000 6 6 4 
3552781942 3552781942 1242779446 1242779446 0 65535 5632 5632 6 6 0 
3552781942 3552781942 1242779446 1242779446 0 65535 1433 1433 6 6 1 
3552781936 3552781936 1242779443 1242779443 0 65535 5555 5555 6 6 1 
3552781908 3552781908 1242779443 1242779443 0 65535 1433 1433 6 6 4 
3552781909 3552781909 1242779443 1242779443 0 65535 2115 2115 6 6 1 
3552781909 3552781909 3121826250 3121826250 0 65535 6789 6789 6 6 1 
3552781916 3552781916 1242779443 1242779443 0 65535 1707 1707 6 6 2 
3552781915 3552781915 1242779443 1242779443 0 65535 1521 1521 6 6 1 
3552781897 3552781897 1242779443 1242779443 0 65535 5541 5541 6 6 0 
3552781899 3552781899 1247569117 1247569117 0 65535 1526 1526 6 6 1 
3552781899 3552781899 1247569117 1247569117 0 65535 5541 5541 6 6 1 
3552781902 3552781902 1247569117 1247569117 0 65535 6000 6000 6 6 3 
3552781902 3552781902 3552781194 3552781194 0 65535 1221 1221 6 6 4 
3552781902 3552781902 1247569117 1247569117 0 65535 3031 3031 6 6 1 
3552781900 3552781900 1247569117 1247569117 0 65535 1526 1526 6 6 2 
3552781900 3552781900 1247569117 1247569117 0 65535 1707 1707 6 6 3 
3552781900 3552781900 3121826250 3121826250 0 65535 1526 1526 6 6 3 
3552781900 3552781900 1247569117 1247569117 0 65535 3031 3031 6 6 3 
3552781900 3552781900 1247569117 1247569117 0 65535 30899 30899 6 6 4 
3552781900 3552781900 1247569117 1247569117 0 65535 5541 5541 6 6 2 
3725821147 3725821147 1247569117 1247569117 0 65535 1724 1724 6 6 2 
3725821151 3725821151 3725820585 3725820585 0 65535 1525 1525 6 6 2 
3725821148 3725821148 1247569101 1247569101 0 65535 1733 1733 6 6 1 
3725821143 3725821143 1247569101 1247569101 0 65535 20 20 6 6 4 
3725821143 3725821143 3725820585 3725820585 0 65535 6000 6000 6 6 2 
3725821140 3725821140 3725820589 3725820589 0 65535 4646 4646 6 6 2 
3725821136 3725821136 3121826250 3121826250 0 65535 5541 5541 6 6 3 
3725821136 3725821136 1247569101 1247569101 0 65535 1433 1433 6 6 4 
3725821136 3725821136 1247569101 1247569101 0 65535 1521 1521 6 6 2 
3725821136 3725821136 1247569101 1247569101 0 65535 2115 2115 6 6 0 
3725821182 3725821182 3121826250 3121826250 0 65535 6000 6000 6 6 3 
3725821178 3725821178 1247569101 1247569101 0 65535 1708 1708 6 6 1 
3725821171 3725821171 1247569101 1247569101 0 65535 2121 2121 6 6 1 
3725821171 3725821171 1247569101 1247569101 0 65535 135 135 6 6 0 
3725821171 3725821171 1247569101 1247569101 0 65535 1712 1712 6 6 0 
3725821171 3725821171 1247569101 1247569101 0 65535 6889 6889 6 6 2 
3725821167 3725821167 1247569101 1247569101 0 65535 1717 1717 6 6 0 
3725821167 3725821167 1247569101 1247569101 0 65535 6849 6849 6 6 0 
3725821167 3725821167 3644630741 3644630741 0 65535 1708 1708 6 6 4 
3725821165 3725821165 1247569101 1247569101 0 65535 1521 1521 6 6 4 
3725821165 3725821165 1247569101 1247569101 0 65535 21 21 6 6 0 
3725821165 3725821165 1247291814 1247291814 0 65535 1526 1526 6 6 2 
3725821165 3725821165 1247291814 1247291814 0 65535 1521 1521 6 6 1 
3725821165 3725821165 1247291814 1247291814 0 65535 1221 1221 6 6 2 
3725821165 3725821165 3121826250 3121826250 0 65535 1221 1221 6 6 2 
3725821165 3725821165 1247291814 1247291814 0 65535 1708 1708 6 6 2 
3716283497 3716283497 1247291814 1247291814 0 65535 1706 1706 6 6 3 
3716283474 3716283474 3121826250 3121826250 0 65535 1521 1521 6 6 4 
3716283438 3716283438 1247291814 1247291814 0 65535 1706 1706 6 6 0 
3716283435 3716283435 1247291814 1247291814 0 65535 1715 1715 6 6 4 
3716283428 3716283428 1247291814 1247291814 0 65535 1712 1712 6 6 0 
3716283424 3716283424 1247291814 1247291814 0 65535 135 135 6 6 1 
3716283442 3716283442 3666929460 3666929460 0 65535 5540 5540 6 6 2 
3716283444 3716283444 1247291814 1247291814 0 65535 1221 1221 6 6 0 
3716283455 3716283455 1247291814 1247291814 0 65535 1521 1521 6 6 2 
3716283396 3716283396 3121826250 3121826250 0 65535 1521 1521 6 6 1 
3716283394 3716283394 3121826250 3121826250 0 65535 6789 6789 6 6 2 
3716283404 3716283404 1247291814 1247291814 0 65535 1221 1221 6 6 1 
3716283413 3716283413 3121826250 3121826250 0 65535 1734 1734 6 6 3 
3716283412 3716283412 1247291814 1247291814 0 65535 1724 1724 6 6 1 
3716283417 3716283417 1247291814 1247291814 0 65535 1526 1526 6 6 1 
3716283418 3716283418 1247291814 1247291814 0 65535 5555 5555 6 6 0 
3716283418 3716283418 3716282552 3716282552 0 65535 1526 1526 6 6 0 
3716283549 3716283549 1247291814 1247291814 0 65535 1521 1521 6 6 0 
3716283548 3716283548 1247291814 1247291814 0 65535 1433 1433 6 6 2 
3716283547 3716283547 3121826250 3121826250 0 65535 1526 1526 6 6 0 
3716283568 3716283568 1247291814 1247291814 0 65535 135 135 6 6 2 
3716283572 3716283572 1247291814 1247291814 0 65535 1221 1221 6 6 4 
3716283577 3716283577 1247291807 1247291807 0 65535 1521 1521 6 6 2 
3716283562 3716283562 1247291807 1247291807 0 65535 14753 14753 6 6 0 
3716283630 3716283630 1247291807 1247291807 0 65535 1711 1711 6 6 2 
3716283616 3716283616 1247291807 1247291807 0 65535 1489 1489 6 6 1 
3716283646 3716283646 1247291807 1247291807 0 65535 5540 5540 6 6 1 
3716283643 3716283643 1247291807 1247291807 0 65535 1734 1734 6 6 4 
3716283637 3716283637 1247291807 1247291807 0 65535 5540 5540 6 6 0 
3716283638 3716283638 1247291807 1247291807 0 65535 1734 1734 6 6 3 
3716283634 3716283634 1247291807 1247291807 0 65535 80 80 6 6 1 
3716283634 3716283634 1247291807 1247291807 0 65535 1521 1521 6 6 3 
3716283634 3716283634 1247291807 1247291807 0 65535 1704 1704 6 6 1 
3716283612 3716283612 1247291807 1247291807 0 65535 21 21 6 6 3 
3716283612 3716283612 1247291807 1247291807 0 65535 1525 1525 6 6 2 
3716283600 3716283600 1247291807 1247291807 0 65535 1521 1521 6 6 3 
3716283587 3716283587 3716282689 3716282689 0 65535 1521 1521 6 6 1 
3716283584 3716283584 1247291807 1247291807 0 65535 1521 1521 6 6 3 
3716283597 3716283597 1247291807 1247291807 0 65535 1521 1521 6 6 1 
3716283593 3716283593 1247291807 1247291807 0 65535 1711 1711 6 6 4 
3716283592 3716283592 1247291807 1247291807 0 65535 1521 1521 6 6 4 
3627948859 3627948859 3121826250 3121826250 0 65535 1521 1521 6 6 2 
3627948851 3627948851 1247291807 1247291807 0 65535 1521 1521 6 6 1 
3627948830 3627948830 3121826250 3121826250 0 65535 1704 1704 6 6 2 
3627948894 3627948894 1247291807 1247291807 0 65535 1711 1711 6 6 4 
3627948881 3627948881 1247291807 1247291807 0 65535 5555 5555 6 6 0 
3627948881 3627948881 1247291807 1247291807 0 65535 1717 1717 6 6 1 
3627948881 3627948881 1247291807 1247291807 0 65535 512 512 6 6 2 
3627948881 3627948881 1247291807 1247291807 0 65535 80 80 6 6 0 
3627948881 3627948881 1247291807 1247291807 0 65535 1521 1521 6 6 3 
3627948881 3627948881 3121826250 3121826250 0 65535 1707 1707 6 6 1 
3627948881 3627948881 1247291807 1247291807 0 65535 6789 6789 6 6 1 
3627948881 3627948881 1247291807 1247291807 0 65535 5541 5541 6 6 2 
3627948873 3627948873 1247291807 1247291807 0 65535 5632 5632 6 6 2 
3627948873 3627948873 1247291807 1247291807 0 65535 1708 1708 6 6 3 
3627948875 3627948875 1247291807 1247291807 0 65535 443 443 6 6 0 
3627948877 3627948877 1247291807 1247291807 0 65535 5540 5540 6 6 0 
3627948877 3627948877 1247291807 1247291807 0 65535 2026 2026 6 6 3 
3627948877 3627948877 1247291807 1247291807 0 65535 1521 1521 6 6 2 
3627948878 3627948878 1247291807 1247291807 0 65535 1521 1521 6 6 3 
3627948864 3627948864 1247291807 1247291807 0 65535 1521 1521 6 6 0 
3627948864 3627948864 1247291807 1247291807 0 65535 1706 1706 6 6 0 
3627948871 3627948871 1248372191 1248372191 0 65535 5540 5540 6 6 2 
3627948871 3627948871 1248372191 1248372191 0 65535 1521 1521 6 6 1 
3627948871 3627948871 1248372191 1248372191 0 65535 1724 1724 6 6 1 
3688454589 3688454589 3121826250 3121826250 0 65535 1521 1521 6 6 1 
3688454591 3688454591 1248372191 1248372191 0 65535 135 135 6 6 0 
3688454585 3688454585 1248372191 1248372191 0 65535 1221 1221 6 6 2 
3688454585 3688454585 1248372191 1248372191 0 65535 1708 1708 6 6 2 
3688454586 3688454586 1248372191 1248372191 0 65535 1521 1521 6 6 1 
3688454571 3688454571 1248372191 1248372191 0 65535 5543 5543 6 6 0 
3688454571 3688454571 3121826250 3121826250 0 65535 20 20 6 6 1 
3688454571 3688454571 1248372191 1248372191 0 65535 80 80 6 6 2 
3688454571 3688454571 3688455302 3688455302 0 65535 1712 1712 6 6 1 
3688454567 3688454567 1248372191 1248372191 0 65535 27400 27400 6 6 1 
3688454562 3688454562 1248372191 1248372191 0 65535 12050 12050 6 6 0 
3688454529 3688454529 1248372191 1248372191 0 65535 5632 5632 17 17 1 
3688454531 3688454531 1248372191 1248372191 0 65535 1711 1711 6 6 1 
3688454533 3688454533 1248372191 1248372191 0 65535 21 21 6 6 3 
3688454535 3688454535 1248372191 1248372191 0 65535 1221 1221 6 6 2 
3688454538 3688454538 1248372191 1248372191 0 65535 135 135 6 6 0 
3688454544 3688454544 1248372191 1248372191 0 65535 5632 5632 6 6 1 
3688454544 3688454544 3688455308 3688455308 0 65535 1708 1708 6 6 3 
3688454548 3688454548 1248372191 1248372191 0 65535 1733 1733 6 6 0 
3688454548 3688454548 1248372191 1248372191 0 65535 32200 32200 6 6 0 
3688454557 3688454557 3121826250 3121826250 0 65535 1521 1521 6 6 2 
3688454557 3688454557 1248372191 1248372191 0 65535 1734 1734 6 6 4 
3688454557 3688454557 1248372191 1248372191 0 65535 30899 30899 6 6 1 
3688454557 3688454557 1248372191 1248372191 0 65535 3031 3031 6 6 1 
3688454557 3688454557 1248372191 1248372191 0 65535 1526 1526 6 6 1 
3688454557 3688454557 3688455308 3688455308 0 65535 1521 1521 6 6 2 
3688454557 3688454557 1248372191 1248372191 0 65535 1521 1521 6 6 0 
3688454557 3688454557 1248372191 1248372191 0 65535 1221 1221 17 17 3 
3688454557 3688454557 3121826250 3121826250 0 65535 1715 1715 6 6 4 
1473283842 1473283843 4186838418 4186838418 0 65535 20 20 6 6 0 
1496756616 1496756617 4188278043 4188278043 0 65535 2115 2115 6 6 3 
1200131270 1200131271 1248372191 1248372191 0 65535 1526 1526 6 6 4 
1237127618 1237127619 4183730623 4183730623 0 65535 1550 1550 6 6 2 
1262260324 1262260325 4183730623 4183730623 0 65535 5555 5555 6 6 3 
1749816990 1749816991 1248372191 1248372191 0 65535 1708 1708 6 6 2 
1842913328 1842913329 4183050311 4183050311 0 65535 5542 5542 6 6 2 
1724108942 1724108943 763364262 763364262 0 65535 1550 1550 6 6 2 
1627587452 1627587453 4184926172 4184926172 0 65535 1489 1489 6 6 1 
1923956412 1923956413 4184926172 4184926172 0 65535 1550 1550 6 6 2 
2015152362 2015152363 4184904035 4184904035 0 65535 1521 1521 6 6 2 
829756884 829756885 3133174622 3133174622 0 65535 5631 5631 6 6 1 
1062486468 1062486469 3133546259 3133546259 0 65535 1221 1221 6 6 1 
1062486412 1062486413 3133546259 3133546259 0 65535 1221 1221 6 6 1 
664573622 664573623 3133546259 3133546259 0 65535 6000 6000 6 6 3 
789938438 789938439 3120709224 3120709224 0 65535 1490 1490 6 6 2 
3040276386 3040276387 755027047 755027047 0 65535 1733 1733 6 6 1 
2822239538 2822239539 755031966 755031966 0 65535 1707 1707 6 6 4 
2877435748 2877435749 755031966 755031966 0 65535 6000 6000 6 6 3 
2877435740 2877435741 755031966 755031966 0 65535 5555 5555 6 6 3 
2715112036 2715112037 763893617 763893617 0 65535 2026 2026 6 6 3 
2478842400 2478842401 763400878 763400878 0 65535 1724 1724 6 6 0 
2309250874 2309250875 2162872858 2162872858 0 65535 1521 1521 6 6 1 
4117166348 4117166349 1239812465 1239812465 0 65535 3031 3031 6 6 0 
3996049486 3996049487 1229540333 1229540333 0 65535 1724 1724 6 6 1 
3879328576 3879328577 3121826250 3121826250 0 65535 1521 1521 6 6 1 
3879328740 3879328741 1229971210 1229971210 0 65535 1711 1711 6 6 4 
3777217160 3777217161 1229971210 1229971210 0 65535 2115 2115 6 6 0 
3811015676 3811015677 3811016596 3811016596 0 65535 1521 1521 6 6 2 
3811015564 3811015565 1229971210 1229971210 0 65535 1704 1704 6 6 1 
3299938066 3299938067 1254059326 1254059326 0 65535 1521 1521 6 6 4 
3725821148 3725821149 1247569101 1247569101 0 65535 5540 5540 6 6 3 
3725821142 3725821143 3725820585 3725820585 0 65535 135 135 6 6 3 
3688454586 3688454587 1248372191 1248372191 0 65535 1521 1521 6 6 2 
1724109054 1724109054 4184926174 4184926175 0 65535 1717 1717 6 6 0 
1662528548 1662528548 4184926174 4184926175 0 65535 20 20 6 6 1 
999296279 999296279 3133546256 3133546257 0 65535 1708 1708 6 6 3 
254432805 254432805 3121826248 3121826249 0 65535 1711 1711 6 6 0 
161334024 161334024 3121826248 3121826249 0 65535 5631 5631 6 6 4 
90101196 90101196 90100380 90100381 0 65535 1521 1521 6 6 2 
118252319 118252319 3121826248 3121826249 0 65535 5541 5541 6 6 2 
3203354419 3203354419 755038046 755038047 0 65535 1711 1711 6 6 0 
2926742713 2926742713 755031952 755031953 0 65535 1711 1711 6 6 1 
2898435039 2898435039 2773833186 2773833187 0 65535 1734 1734 6 6 4 
2877435742 2877435742 755031964 755031965 0 65535 1521 1521 6 6 0 
2443564403 2443564403 763388320 763388321 0 65535 5540 5540 6 6 4 
2511488139 2511488139 763388320 763388321 0 65535 1550 1550 6 6 1 
2540119531 2540119531 4184911072 4184911073 0 65535 3745 3745 6 6 3 
4117166380 4117166380 1239812466 1239812467 0 65535 5555 5555 6 6 0 
4132525552 4132525552 1229540334 1229540335 0 65535 2308 2308 6 6 1 
3777217044 3777217044 1229971208 1229971209 0 65535 5541 5541 6 6 4 
3811015582 3811015582 3121826248 3121826249 0 65535 1705 1705 6 6 4 
3442720950 3442720950 1229971208 1229971209 0 65535 1526 1526 6 6 1 
3271855401 3271855401 3121826248 3121826249 0 65535 1706 1706 6 6 2 
3522218108 3522218108 3121826248 3121826249 0 65535 1521 1521 6 6 1 
1366195298 1366195299 1248372191 1248372191 0 65535 6000 6000 6 6 1 
1366195260 1366195261 4187042563 4187042563 0 65535 5541 5541 6 6 4 
1384246574 1384246575 4186838418 4186838418 0 65535 1706 1706 6 6 2 
1384246718 1384246719 763364262 763364262 0 65535 5631 5631 6 6 4 
1384246676 1384246677 4186838418 4186838418 0 65535 135 135 6 6 0 
1384246676 1384246677 4186838418 4186838418 0 65535 1521 1521 6 6 0 
1559014966 1559014967 1248372191 1248372191 0 65535 1521 1521 6 6 1 
1559014946 1559014947 4188278264 4188278264 0 65535 1221 1221 6 6 3 
1541965098 1541965099 4188278265 4188278265 0 65535 5632 5632 6 6 2 
1541965088 1541965089 1248372191 1248372191 0 65535 1707 1707 6 6 1 
1496756608 1496756609 4188278043 4188278043 0 65535 1521 1521 6 6 4 
1200131292 1200131293 4188278043 4188278043 0 65535 1650 1650 6 6 3 
1157681038 1157681039 4188278043 4188278043 0 65535 1601 1601 6 6 3 
1157681082 1157681083 4188278043 4188278043 0 65535 5540 5540 6 6 0 
1237127618 1237127619 763364262 763364262 0 65535 1521 1521 6 6 1 
1237127640 1237127641 4183730623 4183730623 0 65535 1712 1712 6 6 4 
1842913406 1842913407 4183050311 4183050311 0 65535 1521 1521 6 6 2 
1724109052 1724109053 4184926172 4184926172 0 65535 1521 1521 6 6 0 
1724109046 1724109047 4184926172 4184926172 0 65535 1521 1521 6 6 1 
1627587378 1627587379 4184926172 4184926172 0 65535 1433 1433 6 6 3 
1662528608 1662528609 4184926172 4184926172 0 65535 14753 14753 6 6 2 
1923956406 1923956407 763364262 763364262 0 65535 1707 1707 6 6 1 
1962008286 1962008287 4184904035 4184904035 0 65535 1521 1521 6 6 3 
1962008314 1962008315 4184904035 4184904035 0 65535 1433 1433 6 6 0 
2051680726 2051680727 763364262 763364262 0 65535 1733 1733 6 6 1 
2134952548 2134952549 4184911075 4184911075 0 65535 1707 1707 6 6 1 
928143964 928143965 3133297634 3133297634 0 65535 1490 1490 6 6 2 
928143940 928143941 3133297634 3133297634 0 65535 20 20 6 6 4 
869386642 869386643 869388260 869388260 0 65535 5540 5540 6 6 3 
869386672 869386673 3133174622 3133174622 0 65535 1521 1521 6 6 0 
952914122 952914123 3133546259 3133546259 0 65535 2121 2121 6 6 0 
999296396 999296397 3133546259 3133546259 0 65535 21 21 6 6 3 
999296462 999296463 3133546259 3133546259 0 65535 1705 1705 6 6 3 
1010525910 1010525911 3133546259 3133546259 0 65535 1708 1708 6 6 3 
1010525946 1010525947 3133546259 3133546259 0 65535 135 135 6 6 1 
590928606 590928607 3133546259 3133546259 0 65535 1433 1433 6 6 3 
543423210 543423211 3133546259 3133546259 0 65535 1707 1707 6 6 3 
543423164 543423165 1248372191 1248372191 0 65535 1724 1724 6 6 4 
627459002 627459003 1248372191 1248372191 0 65535 1433 1433 6 6 4 
627458998 627458999 3133546259 3133546259 0 65535 1489 1489 6 6 4 
693047362 693047363 1248372191 1248372191 0 65535 15126 15126 6 6 3 
720142540 720142541 1248372191 1248372191 0 65535 5540 5540 6 6 4 
720142558 720142559 3120709224 3120709224 0 65535 30804 30804 6 6 3 
320963450 320963451 3120709224 3120709224 0 65535 1521 1521 6 6 2 
297716022 297716023 3120709224 3120709224 0 65535 1717 1717 6 6 2 
344580778 344580779 1248372191 1248372191 0 65535 14753 14753 6 6 3 
407791592 407791593 3121826250 3121826250 0 65535 1525 1525 6 6 3 
407791588 407791589 3121826250 3121826250 0 65535 1490 1490 6 6 1 
407791388 407791389 3121826250 3121826250 0 65535 1521 1521 6 6 4 
479769554 479769555 1248372191 1248372191 0 65535 5555 5555 6 6 0 
479769346 479769347 102905403 102905403 0 65535 1705 1705 6 6 1 
254433020 254433021 254432289 254432289 0 65535 5555 5555 6 6 1 
189951406 189951407 3121826250 3121826250 0 65535 1705 1705 6 6 2 
189951398 189951399 3121826250 3121826250 0 65535 1733 1733 6 6 4 
189951372 189951373 3121826250 3121826250 0 65535 1734 1734 6 6 0 
189951380 189951381 189950133 189950133 0 65535 1521 1521 6 6 3 
161334052 161334053 3121826250 3121826250 0 65535 5540 5540 6 6 0 
161334020 161334021 19691641 19691641 0 65535 1521 1521 6 6 0 
118252410 118252411 3121826250 3121826250 0 65535 32200 32200 6 6 0 
118252308 118252309 3121826250 3121826250 0 65535 1521 1521 6 6 2 
11710830 11710831 3121826250 3121826250 0 65535 1526 1526 6 6 1 
11710818 11710819 3121826250 3121826250 0 65535 5542 5542 6 6 2 
3121825964 3121825965 755038049 755038049 0 65535 5631 5631 6 6 4 
3121825922 3121825923 755038045 755038045 0 65535 1724 1724 6 6 3 
3121825914 3121825915 755038045 755038045 0 65535 1521 1521 6 6 4 
3178769950 3178769951 755038045 755038045 0 65535 1733 1733 6 6 4 
3203354408 3203354409 755038045 755038045 0 65535 1221 1221 6 6 3 
3203354622 3203354623 755038045 755038045 0 65535 1707 1707 6 6 1 
3203354608 3203354609 755038045 755038045 0 65535 1521 1521 6 6 0 
3058345158 3058345159 755027047 755027047 0 65535 135 135 6 6 4 
3040276404 3040276405 755027046 755027046 0 65535 1433 1433 6 6 2 
2985688630 2985688631 755031954 755031954 0 65535 27400 27400 6 6 0 
2898435026 2898435027 755031966 755031966 0 65535 1521 1521 6 6 2 
2898435036 2898435037 2898435578 2898435578 0 65535 1521 1521 6 6 4 
2822239700 2822239701 755031966 755031966 0 65535 1724 1724 6 6 2 
2877435690 2877435691 755031966 755031966 0 65535 135 135 6 6 4 
2754342926 2754342927 763893617 763893617 0 65535 6000 6000 6 6 2 
2566189430 2566189431 763893625 763893625 0 65535 1708 1708 6 6 0 
2597737720 2597737721 763893624 763893624 0 65535 1715 1715 6 6 4 
2597737674 2597737675 763893624 763893624 0 65535 6000 6000 6 6 2 
2646754148 2646754149 763893624 763893624 0 65535 5541 5541 6 6 2 
2443564412 2443564413 763388323 763388323 0 65535 1525 1525 6 6 2 
2511488020 2511488021 763388323 763388323 0 65535 1705 1705 6 6 2 
2511488232 2511488233 763388323 763388323 0 65535 1521 1521 6 6 1 
2309250874 2309250875 2309249591 2309249591 0 65535 1489 1489 6 6 0 
2309250874 2309250875 2201457670 2201457670 0 65535 14753 14753 6 6 3 
2309250828 2309250829 763364262 763364262 0 65535 31000 31000 6 6 4 
2328248610 2328248611 763364262 763364262 0 65535 1521 1521 6 6 3 
2209456940 2209456941 763364262 763364262 0 65535 3031 3031 6 6 3 
2237581102 2237581103 4184911075 4184911075 0 65535 20 20 6 6 4 
2237581108 2237581109 1239812465 1239812465 0 65535 4646 4646 6 6 4 
4273498128 4273498129 1239812465 1239812465 0 65535 1708 1708 6 6 0 
4273498340 4273498341 1239812465 1239812465 0 65535 1221 1221 6 6 3 
4273498352 4273498353 1239812465 1239812465 0 65535 1706 1706 6 6 4 
4215622638 4215622639 1239812465 1239812465 0 65535 1521 1521 6 6 2 
4117166346 4117166347 1239812465 1239812465 0 65535 1521 1521 6 6 0 
4132525540 4132525541 1229540333 1229540333 0 65535 1526 1526 6 6 1 
3956363104 3956363105 4184911075 4184911075 0 65535 1526 1526 6 6 2 
3956363008 3956363009 3121826250 3121826250 0 65535 1221 1221 6 6 1 
3967948332 3967948333 1229971258 1229971258 0 65535 1521 1521 6 6 1 
3879328576 3879328577 1229971249 1229971249 0 65535 2308 2308 6 6 4 
3879328722 3879328723 1229971210 1229971210 0 65535 1708 1708 6 6 4 
3879328722 3879328723 1229971210 1229971210 0 65535 1526 1526 6 6 1 
3777217178 3777217179 1229971210 1229971210 0 65535 5540 5540 6 6 4 
3777217044 3777217045 1229971210 1229971210 0 65535 1490 1490 6 6 1 
3407298146 3407298147 3121826250 3121826250 0 65535 1724 1724 17 17 2 
3239847580 3239847581 1254059327 1254059327 0 65535 14753 14753 6 6 1 
3239847512 3239847513 1254059326 1254059326 0 65535 5540 5540 6 6 0 
3299938186 3299938187 1254059326 1254059326 0 65535 1521 1521 6 6 1 
3352684004 3352684005 3338683366 3338683366 0 65535 1490 1490 6 6 3 
3588128648 3588128649 1253270095 1253270095 0 65535 1490 1490 6 6 4 
3522217990 3522217991 1253270095 1253270095 0 65535 1708 1708 6 6 1 
3522218106 3522218107 1253270095 1253270095 0 65535 1711 1711 6 6 3 
3552781924 3552781925 1242776374 1242776374 0 65535 14753 14753 6 6 4 
3688454528 3688454529 1248372191 1248372191 0 65535 1717 1717 6 6 2 
3688454546 3688454547 1248372191 1248372191 0 65535 1724 1724 6 6 3 
3688454556 3688454557 1248372191 1248372191 0 65535 6000 6000 6 6 1 
1366195218 1366195218 4187042560 4187042561 0 65535 3031 3031 6 6 2 
1610325393 1610325393 1248372188 1248372189 0 65535 1521 1521 6 6 4 
1541965253 1541965253 4188278266 4188278267 0 65535 1733 1733 6 6 2 
1541965273 1541965273 4188278266 4188278267 0 65535 1733 1733 6 6 0 
1200131327 1200131327 1248372188 1248372189 0 65535 1717 1717 6 6 4 
1200131281 1200131281 4188278040 4188278041 0 65535 1733 1733 6 6 2 
1200131281 1200131281 4188278040 4188278041 0 65535 1221 1221 6 6 2 
1313650904 1313650904 4188278040 4188278041 0 65535 5541 5541 6 6 0 
1276538090 1276538090 4183796240 4183796241 0 65535 1712 1712 6 6 3 
1276538095 1276538095 4183796240 4183796241 0 65535 20 20 6 6 2 
1237127640 1237127640 4183730620 4183730621 0 65535 1521 1521 6 6 3 
1685630131 1685630131 4184926174 4184926175 0 65535 1733 1733 6 6 4 
1724109054 1724109054 4184926174 4184926175 0 65535 1526 1526 6 6 3 
1724109044 1724109044 1248372188 1248372189 0 65535 1708 1708 6 6 2 
1662528744 1662528744 4184926174 4184926175 0 65535 1521 1521 6 6 4 
1923956374 1923956374 4184902594 4184902595 0 65535 1540 1540 6 6 1 
1962008295 1962008295 4184904032 4184904033 0 65535 1433 1433 6 6 3 
2015152257 2015152257 1248372188 1248372189 0 65535 1525 1525 6 6 1 
2134952575 2134952575 4184911072 4184911073 0 65535 1540 1540 6 6 1 
829756817 829756817 3133174620 3133174621 0 65535 5632 5632 6 6 4 
869386657 869386657 3133174620 3133174621 0 65535 1521 1521 6 6 2 
952914126 952914126 3133546256 3133546257 0 65535 1712 1712 6 6 2 
999296431 999296431 3133546256 3133546257 0 65535 1521 1521 6 6 2 
1010525915 1010525915 3133546256 3133546257 0 65535 1708 1708 6 6 2 
664573463 664573463 3133546256 3133546257 0 65535 2026 2026 6 6 4 
664573568 664573568 1248372188 1248372189 0 65535 5540 5540 6 6 4 
763364409 763364409 3133546256 3133546257 0 65535 1526 1526 6 6 3 
789938543 789938543 3120738592 3120738593 0 65535 1433 1433 6 6 1 
693047360 693047360 1248372188 1248372189 0 65535 1221 1221 6 6 2 
693047360 693047360 3120709226 3120709227 0 65535 1705 1705 6 6 3 
720142533 720142533 1248372188 1248372189 0 65535 1521 1521 6 6 4 
297715996 297715996 3120709226 3120709227 0 65535 1526 1526 6 6 1 
396159648 396159648 3120709226 3120709227 0 65535 5541 5541 6 6 1 
451738498 451738498 3120709226 3120709227 0 65535 20 20 6 6 2 
407791543 407791543 3120709226 3120709227 0 65535 443 443 6 6 3 
407791466 407791466 3121826248 3121826249 0 65535 1526 1526 6 6 1 
407791360 407791360 3121826248 3121826249 0 65535 21 21 6 6 0 
479769396 479769396 3121826248 3121826249 0 65535 1715 1715 6 6 1 
229261856 229261856 229262938 229262939 0 65535 1717 1717 6 6 4 
189951454 189951454 3121826248 3121826249 0 65535 1525 1525 6 6 0 
3117517661 3117517661 4184911072 4184911073 0 65535 1521 1521 6 6 0 
3121825797 3121825797 3121826248 3121826249 0 65535 6000 6000 6 6 3 
3178769956 3178769956 755038046 755038047 0 65535 1733 1733 6 6 1 
3178769963 3178769963 2696864948 2696864949 0 65535 1715 1715 17 17 1 
3058345109 3058345109 755027042 755027043 0 65535 1521 1521 6 6 3 
3058345150 3058345150 755027042 755027043 0 65535 6000 6000 6 6 2 
3040276410 3040276410 4184911072 4184911073 0 65535 1708 1708 6 6 3 
2986592038 2986592038 755031952 755031953 0 65535 1433 1433 6 6 1 
2986592051 2986592051 4184911072 4184911073 0 65535 5540 5540 6 6 1 
2926742553 2926742553 755031952 755031953 0 65535 1221 1221 6 6 2 
2926742639 2926742639 2926742390 2926742391 0 65535 1490 1490 6 6 1 
2926742650 2926742650 755031952 755031953 0 65535 5555 5555 6 6 3 
2898435039 2898435039 4184911072 4184911073 0 65535 1733 1733 6 6 3 
2800177890 2800177890 4184911072 4184911073 0 65535 1711 1711 6 6 2 
2478842386 2478842386 763893626 763893627 0 65535 6000 6000 6 6 0 
2443564397 2443564397 763388320 763388321 0 65535 1221 1221 6 6 1 
2511488141 2511488141 763388320 763388321 0 65535 1724 1724 6 6 0 
2309250828 2309250828 763364260 763364261 0 65535 1526 1526 6 6 2 
2237581100 2237581100 763364260 763364261 0 65535 1540 1540 6 6 1 
4273498118 4273498118 4273499982 4273499983 0 65535 5632 5632 6 6 1 
4273498354 4273498354 1239812466 1239812467 0 65535 1708 1708 6 6 3 
4215622620 4215622620 3121826248 3121826249 0 65535 1521 1521 6 6 1 
4215622494 4215622494 1239812466 1239812467 0 65535 1708 1708 6 6 0 
4083535905 4083535905 1239812466 1239812467 0 65535 1489 1489 6 6 1 
4044295808 4044295808 1239812466 1239812467 0 65535 1521 1521 6 6 1 
3956363062 3956363062 3121826248 3121826249 0 65535 1525 1525 6 6 0 
3996049487 3996049487 3121826248 3121826249 0 65535 1715 1715 17 17 1 
3996049494 3996049494 1229540334 1229540335 0 65535 1705 1705 6 6 0 
3879328604 3879328604 1229971250 1229971251 0 65535 1525 1525 6 6 4 
3811015426 3811015426 1229971208 1229971209 0 65535 1724 1724 6 6 3 
0 4294967295 0 4294967295 0 65535 0 65535 0 255 2 
