3517040304 3517040319 3517040288 3517040303 88 88 80 80 17 17 2 
3413946928 3413946943 3413948352 3413948367 123 123 23 23 17 17 1 
2939575024 2939575039 3517040544 3517040559 53 53 21 21 17 17 2 
2939576496 2939576511 3517040544 3517040559 123 123 544 544 17 17 2 
98352560 98352575 98351792 98351807 750 750 123 123 17 17 0 
98352176 98352191 104234464 104234479 67 67 25 25 17 17 0 
113018384 113018399 113017168 113017183 162 162 123 123 17 17 3 
113018384 113018399 1504866240 1504866255 750 750 123 123 17 17 0 
1101663040 1101663055 1110299856 1110299871 53 53 110 110 17 17 4 
3747586280 3747586280 2939578021 2939578021 1024 65535 80 80 17 17 2 
3517040598 3517040598 3517038843 3517038843 1024 65535 22 22 17 17 3 
3519023486 3519023486 3547686230 3547686230 1024 65535 69 69 17 17 4 
3413947269 3413947269 3371861582 3371861582 1024 65535 22 22 17 17 0 
3413936244 3413936244 3413937558 3413937558 1024 65535 123 123 17 17 3 
2939576491 2939576491 2939576506 2939576506 1024 65535 750 750 17 17 3 
2939576491 2939576491 2939578021 2939578021 1024 65535 161 161 17 17 2 
113018378 113018378 98351793 98351793 1024 65535 443 443 17 17 3 
113018378 113018378 113018028 113018028 1024 65535 25 25 17 17 4 
1082141920 1082141920 98351793 98351793 1024 65535 179 179 17 17 1 
1082141920 1082141920 1082141688 1082141688 1024 65535 22 22 17 17 1 
1101663048 1101663048 1110299786 1110299786 1024 65535 750 750 17 17 1 
1504864370 1504864370 1504865210 1504865210 1024 65535 22 22 17 17 4 
3519023486 3519023486 3705633606 3705633606 0 65535 161 161 6 6 4 
3519023320 3519023320 3519023298 3519023298 0 65535 69 69 6 6 3 
2939575018 2939575018 3517040556 3517040556 0 65535 544 544 6 6 3 
2939576491 2939576491 3517040556 3517040556 0 65535 110 110 6 6 0 
2939576491 2939576491 2939578021 2939578021 0 65535 67 67 6 6 4 
113018378 113018378 98351793 98351793 0 65535 119 119 6 6 1 
113018378 113018378 98351793 98351793 0 65535 1999 1999 6 6 1 
3519023115 3519023115 3519025026 3519025026 88 88 1024 65535 17 17 1 
3395362465 3395362465 2939578021 2939578021 750 750 1024 65535 17 17 1 
2939576491 2939576491 2761641925 2761641925 53 53 1024 65535 17 17 3 
113018378 113018378 1504866269 1504866269 123 123 1024 65535 17 17 1 
1082142139 1082142139 98351795 98351795 123 123 1024 65535 17 17 1 
1504864370 1504864370 1437313387 1437313387 750 750 1024 65535 17 17 2 
113018378 113018378 98351793 98351793 0 65535 53 53 17 17 3 
3395362738 3395362738 2939578021 2939578021 1024 65535 1024 65535 6 6 4 
3395362467 3395362467 3395361545 3395361545 1024 65535 1024 65535 6 6 3 
2939574999 2939574999 3517040556 3517040556 1024 65535 1024 65535 6 6 0 
2939576491 2939576491 2939576506 2939576506 1024 65535 1024 65535 6 6 3 
113018378 113018378 98351793 98351793 1024 65535 1024 65535 6 6 1 
113018378 113018378 1504866269 1504866269 1024 65535 1024 65535 6 6 1 
1312507218 1312507218 98351795 98351795 1024 65535 1024 65535 6 6 4 
1082141920 1082141920 98351793 98351793 1024 65535 1024 65535 6 6 0 
1101663048 1101663048 98351793 98351793 1024 65535 1024 65535 6 6 0 
1497532285 1497532285 98351793 98351793 1024 65535 1024 65535 6 6 2 
1504864370 1504864370 1504866269 1504866269 1024 65535 1024 65535 6 6 4 
3395362738 3395362738 2939578021 2939578021 1024 65535 1024 65535 17 17 4 
3413946930 3413946930 3371861655 3371861655 1024 65535 1024 65535 17 17 0 
2939575018 2939575018 2939575341 2939575341 1024 65535 1024 65535 17 17 4 
2939576491 2939576491 3517040556 3517040556 1024 65535 1024 65535 17 17 1 
2939576491 2939576491 2761641875 2761641875 1024 65535 1024 65535 17 17 3 
218299897 218299897 218300253 218300253 1024 65535 1024 65535 17 17 0 
229585495 229585495 98351793 98351793 1024 65535 1024 65535 17 17 4 
1101663042 1101663042 98351793 98351793 1024 65535 1024 65535 6 6 1 
1504864370 1504864370 1466375824 1466375824 1024 65535 1024 65535 17 17 4 
3519023115 3519023115 0 4294967295 88 88 80 80 17 17 0 
3395362479 3395362479 0 4294967295 24032 24032 22 22 17 17 1 
3395362469 3395362469 0 4294967295 123 123 139 139 17 17 1 
2939576491 2939576491 0 4294967295 53 53 179 179 17 17 4 
2939576491 2939576491 0 4294967295 88 88 750 750 17 17 2 
1101663042 1101663042 0 4294967295 53 53 67 67 17 17 2 
1504864370 1504864370 0 4294967295 53 53 161 161 17 17 4 
0 4294967295 98351795 98351795 53 53 25 25 17 17 1 
0 4294967295 1504865210 1504865210 53 53 80 80 17 17 4 
0 4294967295 1504865210 1504865210 7648 7648 123 123 17 17 3 
0 4294967295 1504866269 1504866269 750 750 25 25 17 17 0 
0 4294967295 1504866269 1504866269 69 69 179 179 17 17 0 
0 4294967295 2939576456 2939576456 7648 7648 67 67 17 17 3 
0 4294967295 2939578021 2939578021 161 161 119 119 17 17 0 
0 4294967295 2939578021 2939578021 24032 24032 25 25 17 17 0 
0 4294967295 3517038689 3517038689 123 123 22 22 17 17 0 
0 4294967295 3517038689 3517038689 53 53 123 123 17 17 3 
0 4294967295 3517040291 3517040291 123 123 5999 5999 17 17 4 
3517053588 3517053591 2939578021 2939578021 0 65535 0 65535 1 1 1 
2939575020 2939575023 2939575039 2939575039 0 65535 0 65535 6 6 4 
2939575020 2939575023 2761641925 2761641925 0 65535 0 65535 6 6 2 
2939576492 2939576495 3517040556 3517040556 0 65535 0 65535 6 6 3 
2939576492 2939576495 2939578021 2939578021 0 65535 0 65535 6 6 4 
2939576492 2939576495 2761641875 2761641875 0 65535 0 65535 1 1 1 
113018380 113018383 1504866269 1504866269 0 65535 0 65535 6 6 0 
1312507220 1312507223 98351795 98351795 0 65535 0 65535 6 6 4 
1504864372 1504864375 1504866269 1504866269 0 65535 0 65535 1 1 0 
3517040567 3517040567 3517040552 3517040555 0 65535 0 65535 6 6 3 
2939576491 2939576491 2900900292 2900900295 0 65535 0 65535 6 6 1 
2939576491 2939576491 2900900280 2900900283 0 65535 0 65535 6 6 2 
113018378 113018378 1504866264 1504866267 0 65535 0 65535 6 6 0 
1082142011 1082142011 98351796 98351799 0 65535 0 65535 6 6 3 
1504864370 1504864370 1504866264 1504866267 0 65535 0 65535 1 1 4 
1504864370 1504864370 98351796 98351799 0 65535 0 65535 6 6 3 
3519023116 3519023119 3519025024 3519025024 0 65535 0 65535 47 47 1 
2939574824 2939574827 3517040556 3517040556 0 65535 0 65535 47 47 4 
2939574824 2939574827 2939575341 2939575341 0 65535 0 65535 47 47 3 
2939574820 2939574823 2939574846 2939574846 0 65535 0 65535 47 47 2 
2939576492 2939576495 2907472622 2907472622 0 65535 0 65535 47 47 3 
113018380 113018383 1504866269 1504866269 0 65535 0 65535 47 47 1 
1504864372 1504864375 1504865210 1504865210 0 65535 0 65535 6 6 4 
3395362469 3395362469 3395361940 3395361943 0 65535 0 65535 47 47 3 
2939574831 2939574831 2939575340 2939575343 0 65535 0 65535 47 47 0 
0 4294967295 0 4294967295 0 65535 0 65535 0 255 1 
