0 4294967295 3432561857 3432561857 0 65535 22 22 6 6 2 
0 4294967295 3432561857 3432561857 0 65535 25 25 6 6 3 
0 4294967295 3432561857 3432561857 0 65535 80 80 6 6 1 
0 4294967295 3432561857 3432561857 0 65535 443 443 6 6 1 
0 4294967295 3432561858 3432561858 0 65535 22 22 6 6 3 
0 4294967295 3432561858 3432561858 0 65535 25 25 6 6 3 
0 4294967295 3432561858 3432561858 0 65535 110 110 6 6 1 
0 4294967295 3432561858 3432561858 0 65535 143 143 6 6 1 
0 4294967295 3432561859 3432561859 0 65535 22 22 6 6 1 
0 4294967295 3432561859 3432561859 0 65535 53 53 17 17 4 
3432561859 3432561859 0 4294967295 53 53 0 65535 17 17 3 
0 4294967295 3432561859 3432561859 0 65535 53 53 6 6 0 
0 4294967295 3432561860 3432561860 0 65535 22 22 6 6 0 
0 4294967295 3432561860 3432561860 0 65535 80 80 6 6 1 
0 4294967295 3432561862 3432561862 0 65535 22 22 6 6 2 
0 4294967295 3432561862 3432561862 0 65535 80 80 6 6 0 
0 4294967295 3432561863 3432561863 0 65535 21 21 6 6 0 
0 4294967295 3432561863 3432561863 0 65535 22 22 6 6 1 
0 4294967295 3432561863 3432561863 0 65535 110 110 6 6 3 
0 4294967295 3432561866 3432561866 0 65535 179 179 6 6 4 
0 4294967295 3432561897 3432561897 7648 7648 7648 7648 17 17 0 
3432561897 3432561897 0 4294967295 7648 7648 7648 7648 17 17 2 
0 4294967295 3432561897 3432561897 24032 24032 24032 24032 17 17 1 
3432561897 3432561897 0 4294967295 24032 24032 24032 24032 17 17 3 
0 4294967295 3432561897 3432561897 0 65535 7648 7648 6 6 1 
0 4294967295 3432561897 3432561897 0 65535 7649 7649 6 6 2 
0 4294967295 3432561898 3432561898 0 65535 22 22 6 6 1 
0 4294967295 3432561899 3432561899 0 65535 22 22 6 6 0 
3432561864 3432561864 0 4294967295 0 65535 161 161 17 17 0 
0 4294967295 3432561864 3432561864 161 161 0 65535 17 17 4 
3432561889 3432561889 0 4294967295 0 65535 161 161 17 17 2 
0 4294967295 3432561889 3432561889 161 161 0 65535 17 17 2 
3432561864 3432561864 3432560725 3432560725 0 65535 23 23 6 6 2 
3432561864 3432561864 3432560738 3432560738 0 65535 23 23 6 6 0 
3432561856 3432561919 3432560640 3432562687 0 65535 22 22 6 6 0 
3432561864 3432561864 3324030982 3324030982 69 69 1024 65535 17 17 3 
3324030982 3324030982 3432561864 3432561864 1024 65535 69 69 17 17 2 
3432561864 3432561864 3324030982 3324030982 1024 65535 1024 65535 17 17 2 
3324030982 3324030982 3432561864 3432561864 1024 65535 1024 65535 17 17 0 
3432561864 3432561864 3432561172 3432561172 69 69 1024 65535 17 17 2 
3432561172 3432561172 3432561864 3432561864 1024 65535 69 69 17 17 2 
3432561864 3432561864 3432561172 3432561172 1024 65535 1024 65535 17 17 0 
3432561172 3432561172 3432561864 3432561864 1024 65535 1024 65535 17 17 3 
3432561864 3432561864 3483306358 3483306358 69 69 1024 65535 17 17 3 
3483306358 3483306358 3432561864 3432561864 1024 65535 69 69 17 17 0 
3432561864 3432561864 3483306358 3483306358 1024 65535 1024 65535 17 17 3 
3483306358 3483306358 3432561864 3432561864 1024 65535 1024 65535 17 17 4 
0 4294967295 3432561864 3432561864 0 65535 2055 2055 17 17 2 
3432560904 3432560907 3466581373 3466581373 0 65535 0 65535 47 47 2 
3466581373 3466581373 3432560904 3432560907 0 65535 0 65535 47 47 4 
3432560904 3432560907 2204828459 2204828459 0 65535 0 65535 47 47 3 
2204828459 2204828459 3432560904 3432560907 0 65535 0 65535 47 47 3 
3432560904 3432560907 2204837642 2204837642 0 65535 0 65535 47 47 3 
2204837642 2204837642 3432560904 3432560907 0 65535 0 65535 47 47 0 
3432560904 3432560907 2204837643 2204837643 0 65535 0 65535 47 47 1 
2204837643 2204837643 3432560904 3432560907 0 65535 0 65535 47 47 4 
3432560912 3432560927 3466581373 3466581373 0 65535 0 65535 47 47 4 
3466581373 3466581373 3432560912 3432560927 0 65535 0 65535 47 47 1 
3432560912 3432560927 2204828459 2204828459 0 65535 0 65535 47 47 2 
2204828459 2204828459 3432560912 3432560927 0 65535 0 65535 47 47 1 
3432560912 3432560927 2204837642 2204837642 0 65535 0 65535 47 47 1 
2204837642 2204837642 3432560912 3432560927 0 65535 0 65535 47 47 4 
3432560912 3432560927 2204837643 2204837643 0 65535 0 65535 47 47 1 
2204837643 2204837643 3432560912 3432560927 0 65535 0 65535 47 47 4 
0 4294967295 3432560909 3432560909 0 65535 123 123 17 17 1 
3432560909 3432560909 0 4294967295 123 123 0 65535 17 17 1 
0 4294967295 3432560897 3432560897 0 65535 22 22 6 6 4 
0 4294967295 3432560898 3432560898 0 65535 22 22 6 6 2 
3432560640 3432562687 0 4294967295 0 65535 0 65535 1 1 0 
3221554176 3221554687 0 4294967295 0 65535 0 65535 1 1 1 
0 4294967295 0 4294967295 0 65535 0 65535 6 6 0 
3432560704 3432560704 0 4294967295 0 65535 0 65535 6 6 0 
3432560710 3432560710 0 4294967295 0 65535 0 65535 6 6 1 
3432560712 3432560712 0 4294967295 0 65535 0 65535 6 6 1 
3432560714 3432560714 0 4294967295 0 65535 0 65535 6 6 4 
3432560715 3432560715 0 4294967295 0 65535 0 65535 6 6 0 
3432560717 3432560717 0 4294967295 0 65535 0 65535 6 6 3 
3432560726 3432560726 0 4294967295 0 65535 0 65535 6 6 4 
3432560730 3432560730 0 4294967295 0 65535 0 65535 6 6 2 
3432560770 3432560770 0 4294967295 0 65535 0 65535 6 6 3 
3432560774 3432560774 0 4294967295 0 65535 0 65535 6 6 4 
3432560822 3432560822 0 4294967295 0 65535 0 65535 6 6 0 
3432560656 3432560663 0 4294967295 0 65535 0 65535 6 6 0 
3432560664 3432560671 0 4294967295 0 65535 0 65535 6 6 2 
3432560672 3432560703 0 4294967295 0 65535 0 65535 6 6 2 
3432560776 3432560779 0 4294967295 0 65535 0 65535 6 6 2 
3432560788 3432560791 0 4294967295 0 65535 0 65535 6 6 0 
3432560800 3432560803 0 4294967295 0 65535 0 65535 6 6 4 
3432560812 3432560815 0 4294967295 0 65535 0 65535 6 6 1 
3432560816 3432560819 0 4294967295 0 65535 0 65535 6 6 3 
3432560896 3432560927 0 4294967295 0 65535 0 65535 6 6 4 
3432560928 3432560943 0 4294967295 0 65535 0 65535 6 6 0 
3432561760 3432561791 0 4294967295 0 65535 0 65535 6 6 2 
3432561792 3432561807 0 4294967295 0 65535 0 65535 6 6 4 
3432561824 3432561855 0 4294967295 0 65535 0 65535 6 6 2 
3432561856 3432561919 0 4294967295 0 65535 0 65535 6 6 4 
0 4294967295 0 4294967295 0 65535 137 137 17 17 0 
0 4294967295 0 4294967295 0 65535 139 139 17 17 0 
0 4294967295 3432560673 3432560673 0 65535 123 123 17 17 3 
0 4294967295 0 4294967295 0 65535 0 65535 0 255 0 
