0 4294967295 98351840 98351840 0 65535 123 123 6 6 4 
0 4294967295 98351840 98351840 0 65535 754 754 6 6 1 
0 4294967295 98351840 98351840 0 65535 22 22 6 6 4 
0 4294967295 98351845 98351845 0 65535 544 544 6 6 2 
0 4294967295 98351845 98351845 0 65535 24032 24032 6 6 2 
0 4294967295 98351845 98351845 0 65535 53 53 6 6 2 
0 4294967295 98351845 98351845 0 65535 37 37 6 6 3 
0 4294967295 98351845 98351845 0 65535 119 119 6 6 2 
0 4294967295 98351760 98351760 0 65535 139 139 6 6 1 
0 4294967295 98351760 98351760 0 65535 137 137 6 6 0 
0 4294967295 98351764 98351764 0 65535 22 22 6 6 4 
0 4294967295 98351795 98351795 0 65535 80 80 6 6 3 
0 4294967295 98351795 98351795 0 65535 22 22 6 6 2 
0 4294967295 98351795 98351795 0 65535 25 25 6 6 1 
0 4294967295 1527039761 1527039761 0 65535 754 754 6 6 1 
0 4294967295 1527039794 1527039794 0 65535 123 123 6 6 4 
0 4294967295 1527039794 1527039794 0 65535 53 53 6 6 4 
0 4294967295 1498231307 1498231307 0 65535 22 22 6 6 0 
0 4294967295 1504865172 1504865172 0 65535 22 22 6 6 4 
0 4294967295 1504865172 1504865172 0 65535 21 21 6 6 1 
0 4294967295 1504865172 1504865172 0 65535 80 80 6 6 0 
0 4294967295 1504865172 1504865172 0 65535 23 23 6 6 4 
0 4294967295 1504865155 1504865155 0 65535 53 53 6 6 1 
0 4294967295 1504865157 1504865157 0 65535 5999 5999 6 6 2 
0 4294967295 1504865157 1504865157 0 65535 22 22 6 6 2 
0 4294967295 1504865158 1504865158 0 65535 123 123 6 6 0 
0 4294967295 1504865158 1504865158 0 65535 53 53 6 6 0 
0 4294967295 1504865206 1504865206 0 65535 119 119 6 6 0 
0 4294967295 1504865206 1504865206 0 65535 110 110 6 6 0 
0 4294967295 1504865206 1504865206 0 65535 23 23 6 6 0 
0 4294967295 1504865206 1504865206 0 65535 179 179 6 6 0 
0 4294967295 1504865204 1504865204 0 65535 179 179 6 6 0 
0 4294967295 1504865204 1504865204 0 65535 110 110 6 6 1 
0 4294967295 1504865204 1504865204 0 65535 8080 8080 6 6 4 
0 4294967295 1504865204 1504865204 0 65535 22 22 6 6 0 
0 4294967295 1504865204 1504865204 0 65535 53 53 6 6 4 
0 4294967295 1504865210 1504865210 0 65535 80 80 6 6 4 
0 4294967295 1504865210 1504865210 0 65535 53 53 6 6 3 
0 4294967295 1504865210 1504865210 0 65535 22 22 6 6 3 
0 4294967295 1504865210 1504865210 0 65535 21 21 6 6 2 
0 4294967295 1504865210 1504865210 0 65535 123 123 6 6 3 
0 4294967295 1504865210 1504865210 0 65535 119 119 6 6 0 
0 4294967295 1504865210 1504865210 0 65535 25 25 6 6 4 
0 4294967295 1504865210 1504865210 0 65535 750 750 6 6 4 
0 4294967295 1504866212 1504866212 0 65535 754 754 6 6 3 
0 4294967295 1504866212 1504866212 0 65535 2105 2105 6 6 1 
0 4294967295 1504866212 1504866212 0 65535 22 22 6 6 2 
0 4294967295 1504866212 1504866212 0 65535 8080 8080 6 6 0 
0 4294967295 1504866212 1504866212 0 65535 5999 5999 6 6 1 
0 4294967295 1504866212 1504866212 0 65535 179 179 6 6 1 
0 4294967295 1504866212 1504866212 0 65535 7326 7326 6 6 4 
0 4294967295 1504866212 1504866212 0 65535 25 25 6 6 0 
0 4294967295 1504866212 1504866212 0 65535 123 123 6 6 2 
0 4294967295 1504866212 1504866212 0 65535 113 113 6 6 3 
0 4294967295 1504866212 1504866212 0 65535 443 443 6 6 4 
0 4294967295 1504866212 1504866212 0 65535 80 80 6 6 2 
0 4294967295 1504866212 1504866212 0 65535 119 119 6 6 1 
0 4294967295 1504866284 1504866284 0 65535 7649 7649 6 6 4 
0 4294967295 1504866284 1504866284 0 65535 119 119 6 6 2 
0 4294967295 1504866280 1504866280 0 65535 2105 2105 6 6 0 
0 4294967295 1504866280 1504866280 0 65535 22 22 6 6 4 
0 4294967295 1504866293 1504866293 0 65535 443 443 6 6 4 
0 4294967295 1504866297 1504866297 0 65535 25 25 6 6 4 
0 4294967295 1504866297 1504866297 0 65535 2105 2105 6 6 1 
0 4294967295 1504866300 1504866300 0 65535 25 25 6 6 2 
0 4294967295 1504866300 1504866300 0 65535 123 123 6 6 2 
0 4294967295 1504866300 1504866300 0 65535 80 80 6 6 4 
0 4294967295 1504866300 1504866300 0 65535 544 544 6 6 3 
0 4294967295 1504866300 1504866300 0 65535 22 22 6 6 0 
0 4294967295 1504866269 1504866269 0 65535 873 873 6 6 4 
0 4294967295 1504866269 1504866269 0 65535 871 871 6 6 3 
0 4294967295 1504866269 1504866269 0 65535 443 443 6 6 2 
0 4294967295 1504866269 1504866269 0 65535 22 22 6 6 0 
0 4294967295 1504866269 1504866269 0 65535 7648 7648 6 6 4 
0 4294967295 1504866269 1504866269 0 65535 80 80 6 6 3 
0 4294967295 1504866269 1504866269 0 65535 25 25 6 6 4 
0 4294967295 1504866269 1504866269 0 65535 110 110 6 6 1 
0 4294967295 1504866269 1504866269 0 65535 754 754 6 6 2 
0 4294967295 1504866269 1504866269 0 65535 23 23 6 6 2 
0 4294967295 1504866269 1504866269 0 65535 161 161 6 6 2 
0 4294967295 1504866269 1504866269 0 65535 53 53 6 6 1 
0 4294967295 1504866269 1504866269 0 65535 67 67 6 6 3 
0 4294967295 1504866269 1504866269 0 65535 21 21 6 6 2 
0 4294967295 1504866269 1504866269 0 65535 143 143 6 6 0 
0 4294967295 1504866269 1504866269 0 65535 5999 5999 6 6 2 
0 4294967295 1504866269 1504866269 0 65535 37 37 6 6 3 
0 4294967295 1504866269 1504866269 0 65535 119 119 6 6 1 
0 4294967295 1504866269 1504866269 0 65535 138 138 6 6 3 
0 4294967295 2939575260 2939575260 0 65535 53 53 6 6 1 
0 4294967295 2939575260 2939575260 0 65535 22 22 6 6 1 
0 4294967295 2939575262 2939575262 0 65535 88 88 6 6 2 
0 4294967295 2939575262 2939575262 0 65535 138 138 6 6 3 
0 4294967295 2939575032 2939575032 0 65535 22 22 6 6 3 
0 4294967295 2939575039 2939575039 0 65535 25 25 6 6 3 
0 4294967295 2939574838 2939574838 0 65535 750 750 6 6 3 
0 4294967295 2939574846 2939574846 0 65535 750 750 6 6 1 
0 4294967295 2939574846 2939574846 0 65535 22 22 6 6 2 
0 4294967295 2939575698 2939575698 0 65535 179 179 6 6 2 
0 4294967295 2939575698 2939575698 0 65535 161 161 6 6 2 
0 4294967295 0 4294967295 0 65535 0 65535 0 255 1 
