0 4294967295 2939575698 2939575698 0 65535 22 22 6 6 0 
0 4294967295 2939575698 2939575698 0 65535 25 25 6 6 2 
0 4294967295 2939575460 2939575460 0 65535 8080 8080 6 6 3 
0 4294967295 2939575460 2939575460 0 65535 21 21 6 6 3 
0 4294967295 2939575460 2939575460 0 65535 143 143 6 6 0 
0 4294967295 2939575460 2939575460 0 65535 13 13 6 6 4 
0 4294967295 2939575342 2939575342 0 65535 53 53 6 6 1 
0 4294967295 2939575342 2939575342 0 65535 22 22 6 6 1 
0 4294967295 2939575342 2939575342 0 65535 750 750 6 6 0 
0 4294967295 2939575342 2939575342 0 65535 25 25 6 6 4 
0 4294967295 2939575342 2939575342 0 65535 21 21 6 6 3 
0 4294967295 2939575340 2939575340 0 65535 123 123 6 6 3 
0 4294967295 2939575340 2939575340 0 65535 24032 24032 6 6 1 
0 4294967295 2939575341 2939575341 0 65535 443 443 6 6 2 
0 4294967295 2939576459 2939576459 0 65535 80 80 6 6 0 
0 4294967295 2939576459 2939576459 0 65535 53 53 6 6 2 
0 4294967295 2939576456 2939576456 0 65535 110 110 6 6 1 
0 4294967295 2939576505 2939576505 0 65535 25 25 6 6 3 
0 4294967295 2939576505 2939576505 0 65535 123 123 6 6 3 
0 4294967295 2939576505 2939576505 0 65535 88 88 6 6 4 
0 4294967295 2939576505 2939576505 0 65535 544 544 6 6 2 
0 4294967295 2939576506 2939576506 0 65535 25 25 6 6 0 
0 4294967295 2939576506 2939576506 0 65535 22 22 6 6 4 
0 4294967295 2939576506 2939576506 0 65535 23 23 6 6 4 
0 4294967295 2939576506 2939576506 0 65535 2055 2055 6 6 2 
0 4294967295 2939576506 2939576506 0 65535 123 123 6 6 2 
0 4294967295 2939576506 2939576506 0 65535 2105 2105 6 6 4 
0 4294967295 2939576506 2939576506 0 65535 750 750 6 6 0 
0 4294967295 2939576506 2939576506 0 65535 5999 5999 6 6 4 
0 4294967295 2939576506 2939576506 0 65535 80 80 6 6 2 
0 4294967295 2939578025 2939578025 0 65535 53 53 6 6 0 
0 4294967295 2939578025 2939578025 0 65535 25 25 6 6 2 
0 4294967295 2939578025 2939578025 0 65535 22 22 6 6 2 
0 4294967295 2939578025 2939578025 0 65535 80 80 6 6 3 
0 4294967295 2939578029 2939578029 0 65535 22 22 6 6 3 
0 4294967295 2939578028 2939578028 0 65535 67 67 6 6 4 
0 4294967295 2939578030 2939578030 0 65535 8080 8080 6 6 2 
0 4294967295 2939578031 2939578031 0 65535 123 123 6 6 2 
0 4294967295 2939578021 2939578021 0 65535 22 22 6 6 3 
0 4294967295 2939578021 2939578021 0 65535 7648 7648 6 6 0 
0 4294967295 2939578021 2939578021 0 65535 754 754 6 6 1 
0 4294967295 2939578021 2939578021 0 65535 25 25 6 6 1 
0 4294967295 2939578021 2939578021 0 65535 879 879 6 6 4 
0 4294967295 2939578021 2939578021 0 65535 161 161 6 6 3 
0 4294967295 2939578021 2939578021 0 65535 80 80 6 6 1 
0 4294967295 2939578021 2939578021 0 65535 119 119 6 6 0 
0 4294967295 2939578021 2939578021 0 65535 24032 24032 6 6 2 
0 4294967295 2939578021 2939578021 0 65535 69 69 6 6 1 
0 4294967295 2939578021 2939578021 0 65535 53 53 6 6 3 
0 4294967295 2939578021 2939578021 0 65535 1999 1999 6 6 3 
0 4294967295 2939578021 2939578021 0 65535 873 873 6 6 1 
0 4294967295 3526964540 3526964540 0 65535 80 80 6 6 2 
0 4294967295 3526964874 3526964874 0 65535 25 25 6 6 4 
0 4294967295 3547686268 3547686268 0 65535 22 22 6 6 1 
0 4294967295 3517053071 3517053071 0 65535 22 22 6 6 2 
0 4294967295 3517053071 3517053071 0 65535 123 123 6 6 3 
0 4294967295 3517053071 3517053071 0 65535 2105 2105 6 6 0 
0 4294967295 3517053071 3517053071 0 65535 544 544 6 6 2 
0 4294967295 3517053071 3517053071 0 65535 69 69 6 6 3 
0 4294967295 3517053067 3517053067 0 65535 22 22 6 6 4 
0 4294967295 3517053067 3517053067 0 65535 88 88 6 6 3 
0 4294967295 3517053067 3517053067 0 65535 25 25 6 6 1 
0 4294967295 3517053067 3517053067 0 65535 80 80 6 6 0 
0 4294967295 3517053065 3517053065 0 65535 22 22 6 6 3 
0 4294967295 3517053065 3517053065 0 65535 53 53 6 6 0 
0 4294967295 3517053064 3517053064 0 65535 22 22 6 6 1 
0 4294967295 3517053064 3517053064 0 65535 37 37 6 6 4 
0 4294967295 3517053064 3517053064 0 65535 23 23 6 6 0 
0 4294967295 3517052967 3517052967 0 65535 22 22 6 6 0 
0 4294967295 3517052967 3517052967 0 65535 113 113 6 6 1 
0 4294967295 3517052967 3517052967 0 65535 53 53 6 6 0 
0 4294967295 3517052967 3517052967 0 65535 123 123 6 6 3 
0 4294967295 3517052988 3517052988 0 65535 544 544 6 6 4 
0 4294967295 3517052988 3517052988 0 65535 22 22 6 6 1 
0 4294967295 3517052988 3517052988 0 65535 53 53 6 6 0 
0 4294967295 3517052988 3517052988 0 65535 143 143 6 6 4 
0 4294967295 3517052988 3517052988 0 65535 2105 2105 6 6 3 
0 4294967295 3517052988 3517052988 0 65535 119 119 6 6 0 
0 4294967295 3517052987 3517052987 0 65535 24032 24032 6 6 2 
0 4294967295 3517052987 3517052987 0 65535 161 161 6 6 0 
0 4294967295 3517052987 3517052987 0 65535 53 53 6 6 3 
0 4294967295 3517052984 3517052984 0 65535 123 123 6 6 3 
0 4294967295 3517052984 3517052984 0 65535 25 25 6 6 4 
0 4294967295 3517052984 3517052984 0 65535 80 80 6 6 2 
0 4294967295 3517052984 3517052984 0 65535 161 161 6 6 0 
0 4294967295 3517038600 3517038600 0 65535 25 25 6 6 0 
0 4294967295 3517038600 3517038600 0 65535 53 53 6 6 0 
0 4294967295 3517038601 3517038601 0 65535 25 25 6 6 1 
0 4294967295 3517038601 3517038601 0 65535 80 80 6 6 3 
0 4294967295 3517038665 3517038665 0 65535 25 25 6 6 1 
0 4294967295 3517038664 3517038664 0 65535 21 21 6 6 1 
0 4294967295 3517038689 3517038689 0 65535 138 138 6 6 3 
0 4294967295 3517038689 3517038689 0 65535 53 53 6 6 2 
0 4294967295 3517038689 3517038689 0 65535 22 22 6 6 1 
0 4294967295 3517038838 3517038838 0 65535 119 119 6 6 2 
0 4294967295 3517038838 3517038838 0 65535 2055 2055 6 6 2 
0 4294967295 3517038838 3517038838 0 65535 25 25 6 6 1 
0 4294967295 3517038838 3517038838 0 65535 123 123 6 6 2 
0 4294967295 3517038838 3517038838 0 65535 179 179 6 6 3 
0 4294967295 0 4294967295 0 65535 0 65535 0 255 3 
