0 4294967295 3517038843 3517038843 0 65535 22 22 6 6 3 
0 4294967295 3517038843 3517038843 0 65535 7648 7648 6 6 0 
0 4294967295 3517038843 3517038843 0 65535 23 23 6 6 2 
0 4294967295 3517038843 3517038843 0 65535 139 139 6 6 0 
0 4294967295 3517038843 3517038843 0 65535 80 80 6 6 2 
0 4294967295 3517040201 3517040201 0 65535 750 750 6 6 1 
0 4294967295 3517040202 3517040202 0 65535 754 754 6 6 2 
0 4294967295 3517040202 3517040202 0 65535 53 53 6 6 1 
0 4294967295 3517040205 3517040205 0 65535 53 53 6 6 4 
0 4294967295 3517040205 3517040205 0 65535 22 22 6 6 2 
0 4294967295 3517040206 3517040206 0 65535 2105 2105 6 6 2 
0 4294967295 3517040309 3517040309 0 65535 25 25 6 6 2 
0 4294967295 3517040309 3517040309 0 65535 544 544 6 6 2 
0 4294967295 3517040288 3517040288 0 65535 22 22 6 6 4 
0 4294967295 3517040288 3517040288 0 65535 544 544 6 6 3 
0 4294967295 3517040295 3517040295 0 65535 119 119 6 6 1 
0 4294967295 3517040292 3517040292 0 65535 750 750 6 6 1 
0 4294967295 3517040292 3517040292 0 65535 22 22 6 6 3 
0 4294967295 3517040629 3517040629 0 65535 24032 24032 6 6 0 
0 4294967295 3517040624 3517040624 0 65535 25 25 6 6 1 
0 4294967295 3517040586 3517040586 0 65535 138 138 6 6 4 
0 4294967295 3517040587 3517040587 0 65535 24032 24032 6 6 4 
0 4294967295 3517040584 3517040584 0 65535 123 123 6 6 1 
0 4294967295 3517040606 3517040606 0 65535 544 544 6 6 3 
0 4294967295 3517040606 3517040606 0 65535 22 22 6 6 3 
0 4294967295 3517040607 3517040607 0 65535 53 53 6 6 2 
0 4294967295 3517040605 3517040605 0 65535 69 69 6 6 1 
0 4294967295 3517040530 3517040530 0 65535 25 25 6 6 0 
0 4294967295 3517040528 3517040528 0 65535 80 80 6 6 0 
0 4294967295 3517040534 3517040534 0 65535 67 67 6 6 1 
0 4294967295 3517040534 3517040534 0 65535 1999 1999 6 6 0 
0 4294967295 3517040532 3517040532 0 65535 750 750 6 6 1 
0 4294967295 3517040532 3517040532 0 65535 80 80 6 6 0 
0 4294967295 3517040532 3517040532 0 65535 1999 1999 6 6 1 
0 4294967295 3517040545 3517040545 0 65535 123 123 6 6 0 
0 4294967295 3517040545 3517040545 0 65535 25 25 6 6 2 
0 4294967295 3517040545 3517040545 0 65535 24032 24032 6 6 0 
0 4294967295 3517040549 3517040549 0 65535 67 67 6 6 4 
0 4294967295 3517040549 3517040549 0 65535 53 53 6 6 1 
0 4294967295 3517040549 3517040549 0 65535 123 123 6 6 0 
0 4294967295 3517040556 3517040556 0 65535 25 25 6 6 4 
0 4294967295 3517040556 3517040556 0 65535 53 53 6 6 2 
0 4294967295 3517040556 3517040556 0 65535 443 443 6 6 4 
3517039793 3517039793 0 4294967295 67 67 1024 65535 17 17 4 
3413947271 3413947271 0 4294967295 88 88 1024 65535 17 17 4 
2939575018 2939575018 0 4294967295 750 750 1024 65535 17 17 1 
2939576491 2939576491 0 4294967295 7648 7648 1024 65535 17 17 1 
2939576491 2939576491 0 4294967295 750 750 1024 65535 17 17 2 
2939576491 2939576491 0 4294967295 53 53 1024 65535 17 17 2 
1082141920 1082141920 0 4294967295 123 123 1024 65535 17 17 3 
1504864370 1504864370 0 4294967295 123 123 1024 65535 17 17 4 
1504864370 1504864370 0 4294967295 53 53 1024 65535 17 17 1 
0 4294967295 98342347 98342347 1024 65535 22 22 17 17 0 
0 4294967295 1504865155 1504865155 1024 65535 22 22 17 17 0 
0 4294967295 1504866269 1504866269 1024 65535 25 25 17 17 1 
0 4294967295 2939578031 2939578031 1024 65535 22 22 17 17 1 
0 4294967295 2939578031 2939578031 1024 65535 13 13 17 17 0 
0 4294967295 3517052987 3517052987 1024 65535 2055 2055 17 17 3 
3519023115 3519023115 0 4294967295 0 65535 53 53 6 6 1 
3413936244 3413936244 0 4294967295 0 65535 53 53 6 6 3 
3413936244 3413936244 0 4294967295 0 65535 37 37 6 6 4 
2939576491 2939576491 0 4294967295 0 65535 143 143 6 6 2 
113018378 113018378 0 4294967295 0 65535 161 161 6 6 4 
113018378 113018378 0 4294967295 0 65535 37 37 6 6 4 
113018378 113018378 0 4294967295 0 65535 750 750 6 6 2 
113018378 113018378 0 4294967295 0 65535 22 22 6 6 4 
1082141920 1082141920 0 4294967295 0 65535 80 80 6 6 2 
1101663071 1101663071 0 4294967295 0 65535 871 871 6 6 2 
1504864370 1504864370 0 4294967295 0 65535 873 873 6 6 2 
0 4294967295 98342345 98342345 0 65535 80 80 17 17 4 
0 4294967295 98342345 98342345 0 65535 25 25 17 17 3 
0 4294967295 98342344 98342344 0 65535 750 750 17 17 2 
0 4294967295 98342344 98342344 0 65535 25 25 17 17 3 
0 4294967295 98342344 98342344 0 65535 22 22 17 17 4 
0 4294967295 98342347 98342347 0 65535 67 67 17 17 0 
0 4294967295 98342347 98342347 0 65535 179 179 17 17 2 
0 4294967295 98342347 98342347 0 65535 53 53 17 17 3 
0 4294967295 98342347 98342347 0 65535 88 88 17 17 1 
0 4294967295 98351909 98351909 0 65535 80 80 17 17 3 
0 4294967295 98351909 98351909 0 65535 25 25 17 17 1 
0 4294967295 98351909 98351909 0 65535 22 22 17 17 3 
0 4294967295 98351909 98351909 0 65535 544 544 17 17 1 
0 4294967295 98351683 98351683 0 65535 22 22 17 17 2 
0 4294967295 98351709 98351709 0 65535 113 113 17 17 0 
0 4294967295 98351700 98351700 0 65535 750 750 17 17 3 
0 4294967295 98351635 98351635 0 65535 80 80 17 17 1 
0 4294967295 98351635 98351635 0 65535 871 871 17 17 1 
0 4294967295 98351635 98351635 0 65535 22 22 17 17 4 
0 4294967295 98351845 98351845 0 65535 67 67 17 17 1 
0 4294967295 98351760 98351760 0 65535 80 80 17 17 1 
0 4294967295 98351766 98351766 0 65535 22 22 17 17 0 
0 4294967295 1527039794 1527039794 0 65535 22 22 17 17 1 
0 4294967295 1504865155 1504865155 0 65535 53 53 17 17 3 
0 4294967295 1504865157 1504865157 0 65535 53 53 17 17 2 
0 4294967295 1504865206 1504865206 0 65535 80 80 17 17 2 
0 4294967295 1504865206 1504865206 0 65535 25 25 17 17 3 
0 4294967295 1504865204 1504865204 0 65535 179 179 17 17 1 
0 4294967295 1504865204 1504865204 0 65535 544 544 17 17 1 
0 4294967295 1504865210 1504865210 0 65535 8080 8080 17 17 3 
0 4294967295 0 4294967295 0 65535 0 65535 0 255 3 
