3231124295 3231124295 251688964 251688964 0 65535 1490 1490 6 6 1 
3231124295 3231124295 251688964 251688964 0 65535 1521 1521 6 6 4 
3231124295 3231124295 251688964 251688964 0 65535 0 1599 6 6 1 
3231124295 3231124295 251688964 251688964 0 65535 0 1649 6 6 3 
3231124383 3231124383 251688964 251688964 0 65535 1521 1521 6 6 0 
3231124383 3231124383 251688964 251688964 0 65535 14753 14753 6 6 3 
3231124409 3231124409 251688964 251688964 0 65535 1521 1521 6 6 2 
3231124413 3231124413 251688964 251688964 0 65535 1521 1521 6 6 2 
3231124413 3231124413 251688964 251688964 0 65535 14753 14753 6 6 0 
3231124278 3231124278 251688966 251688966 0 65535 1221 1221 6 6 3 
3231124278 3231124278 251688966 251688966 0 65535 0 1599 6 6 2 
3231124278 3231124278 251688966 251688966 0 65535 0 1649 6 6 0 
3231124295 3231124295 251688966 251688966 0 65535 1221 1221 6 6 2 
3231124295 3231124295 251688966 251688966 0 65535 0 1599 6 6 2 
3231124295 3231124295 251688966 251688966 0 65535 1650 1650 6 6 2 
3231124306 3231124306 251688967 251688967 0 65535 1521 1521 6 6 2 
3231124307 3231124307 251688967 251688967 0 65535 1521 1521 6 6 3 
3231124444 3231124444 251688967 251688967 0 65535 1521 1521 6 6 2 
3231124251 3231124251 251688972 251688972 0 65535 0 60999 6 6 0 
3231124251 3231124251 251688972 251688972 0 65535 0 61009 6 6 2 
3231124251 3231124251 251688972 251688972 0 65535 0 61099 6 6 4 
3231124251 3231124251 251688972 251688972 0 65535 0 61119 6 6 0 
3231124251 3231124251 251688972 251688972 0 65535 0 61199 6 6 4 
3231124251 3231124251 251688972 251688972 0 65535 0 61209 6 6 2 
3231124251 3231124251 251688972 251688972 0 65535 0 61299 6 6 1 
3231124251 3231124251 251688972 251688972 0 65535 0 61309 6 6 0 
3231124251 3231124251 251688972 251688972 0 65535 0 61399 6 6 0 
3231124251 3231124251 251688972 251688972 0 65535 0 61409 6 6 0 
3231124251 3231124251 251688972 251688972 0 65535 0 61499 6 6 4 
3231124251 3231124251 251688972 251688972 0 65535 0 61509 6 6 3 
3231124251 3231124251 251688972 251688972 0 65535 0 61599 6 6 2 
3231124251 3231124251 251688972 251688972 0 65535 0 61609 6 6 1 
3231124251 3231124251 251688972 251688972 0 65535 0 61699 6 6 0 
3231124251 3231124251 251688972 251688972 0 65535 0 61709 6 6 0 
3231124251 3231124251 251688972 251688972 0 65535 0 61799 6 6 1 
3231124251 3231124251 251688972 251688972 0 65535 0 61809 6 6 1 
3231124251 3231124251 251688972 251688972 0 65535 0 61899 6 6 0 
3231124251 3231124251 251688972 251688972 0 65535 0 61909 6 6 2 
3231124251 3231124251 251688972 251688972 0 65535 0 61999 6 6 4 
3231124251 3231124251 251688972 251688972 0 65535 0 62009 6 6 1 
3231124251 3231124251 251688972 251688972 0 65535 0 62099 6 6 1 
3231124251 3231124251 251688972 251688972 0 65535 0 62109 6 6 2 
3231124251 3231124251 251688972 251688972 0 65535 0 62199 6 6 4 
3231124251 3231124251 251688972 251688972 0 65535 0 62219 6 6 4 
3231124251 3231124251 251688972 251688972 0 65535 0 62239 6 6 4 
3231124251 3231124251 251688972 251688972 0 65535 0 62399 6 6 1 
3231124251 3231124251 251688972 251688972 0 65535 0 62409 6 6 2 
3231124251 3231124251 251688972 251688972 0 65535 0 62499 6 6 4 
3231124251 3231124251 251688972 251688972 0 65535 0 62509 6 6 2 
0 4294967295 0 4294967295 0 65535 0 65535 0 255 1 
