3864432596 3864432596 2050645243 2050645243 5530 5530 514 514 17 17 1 
4057791402 4057791402 1617983824 1617983824 137 137 1723 1723 17 17 2 
4056017520 4056017520 1617983828 1617983828 1433 1433 5530 5530 17 17 4 
3525965990 3525965990 1225387379 1225387379 80 80 80 80 17 17 2 
3526857082 3526857082 1086810531 1086810531 20 20 53 53 17 17 3 
3643582365 3643582365 3251450266 3251450266 161 161 113 113 17 17 1 
3251601640 3251601640 2520126715 2520126715 161 161 6970 6970 17 17 1 
3442178997 3442178997 3251453050 3251453050 1433 1433 5000 5000 17 17 4 
2794790174 2794790174 689790465 689790465 25 25 69 69 17 17 1 
2941252043 2941252043 703535456 703535456 143 143 69 69 17 17 2 
3032635912 3032635912 3989468290 3989468290 20 20 514 514 17 17 0 
3032613411 3032613411 3946282267 3946282267 53 53 137 137 17 17 4 
2594217444 2594217444 1017597198 1017597198 123 123 1433 1433 17 17 1 
2680294322 2680294322 332402013 332402013 25 25 53 53 17 17 0 
2680318513 2680318513 3867175462 3867175462 1098 1098 25 25 17 17 3 
2278462728 2278462728 2524518594 2524518594 1098 1098 1433 1433 17 17 4 
2338475691 2338475691 2278462938 2278462938 161 161 514 514 17 17 0 
2338475690 2338475690 3864482774 3864482774 5530 5530 514 514 17 17 0 
301670297 301670297 3218281401 3218281401 143 143 113 113 17 17 0 
301680254 301680254 1452543657 1452543657 5510 5510 9003 9003 17 17 4 
458214907 458214907 1017593630 1017593630 25 25 80 80 17 17 2 
33200957 33200957 1350228411 1350228411 53 53 514 514 17 17 4 
33110349 33110349 2883742271 2883742271 161 161 119 119 17 17 0 
877910383 877910383 875332055 875332055 53 53 514 514 17 17 0 
877217370 877217370 1563154432 1563154432 5510 5510 69 69 17 17 2 
877217361 877217361 2351952170 2351952170 53 53 25 25 17 17 3 
857021075 857021075 703550909 703550909 80 80 69 69 17 17 1 
1009856280 1009856280 2341424741 2341424741 161 161 80 80 17 17 0 
759664014 759664014 1589366619 1589366619 53 53 7777 7777 17 17 4 
1620812316 1620812316 1581518601 1581518601 53 53 69 69 17 17 4 
1766615999 1766615999 21694311 21694311 80 80 23 23 17 17 0 
1763944009 1763944009 3305646301 3305646301 69 69 25 25 17 17 3 
1763944009 1763944009 25371157 25371157 80 80 137 137 17 17 0 
1230635401 1230635401 3305700850 3305700850 53 53 5500 5500 17 17 0 
1230635401 1230635401 3242036403 3242036403 80 80 69 69 17 17 0 
1230635401 1230635401 1581555598 1581555598 80 80 5540 5540 17 17 2 
1195214069 1195214069 3248590784 3248590784 161 161 69 69 17 17 4 
1121457263 1121457263 3251630837 3251630837 80 80 514 514 17 17 3 
1343057676 1343057676 4050103116 4050103116 500 500 139 139 17 17 4 
3251453082 3251453082 1195214033 1195214033 161 161 1645 1646 6 6 4 
1343057677 1343057677 73263203 73263203 161 161 20 21 6 6 1 
4057791406 4057791406 3864415383 3864415383 5520 5520 20 21 6 6 3 
3032635910 3032635910 703535126 703535126 161 161 109 110 6 6 4 
2520193115 2520193115 3836195611 3836195611 161 161 1645 1646 6 6 0 
2338475690 2338475690 3864415390 3864415390 22 22 20 21 6 6 3 
2052941605 2052941605 3643582028 3643582028 1433 1433 20 21 6 6 3 
1230635401 1230635401 3242036403 3242036403 53 53 1645 1646 6 6 1 
1343057677 1343057677 4050063493 4050063493 53 53 1812 1813 6 6 1 
3867151792 3867151792 2273763507 2273763507 0 65535 514 514 6 6 1 
3864432596 3864432596 2278503822 2278503822 0 65535 69 69 6 6 3 
3864432596 3864432596 1855913322 1855913322 0 65535 25 25 6 6 3 
3864432596 3864432596 1770530119 1770530119 0 65535 119 119 6 6 3 
3864432596 3864432596 4056017459 4056017459 0 65535 143 143 6 6 3 
3949940503 3949940503 2598746569 2598746569 0 65535 69 69 6 6 3 
3949947917 3949947917 1770693566 1770693566 0 65535 23 23 6 6 3 
3950634577 3950634577 2587972256 2587972256 0 65535 5540 5540 6 6 0 
3950624599 3950624599 1734959100 1734959100 0 65535 80 80 6 6 4 
3950624599 3950624599 1734959100 1734959100 0 65535 9003 9003 6 6 1 
3950624599 3950624599 2620062039 2620062039 0 65535 445 445 6 6 4 
4057743865 4057743865 3864415383 3864415383 0 65535 69 69 6 6 2 
4057743635 4057743635 1617983838 1617983838 0 65535 25 25 6 6 3 
4057791406 4057791406 1617983824 1617983824 0 65535 5540 5540 6 6 2 
4057791406 4057791406 4099686625 4099686625 0 65535 161 161 6 6 2 
4056017520 4056017520 3864415383 3864415383 0 65535 514 514 6 6 3 
4056017520 4056017520 2672980490 2672980490 0 65535 25 25 6 6 1 
4056017520 4056017520 2672980490 2672980490 0 65535 514 514 6 6 4 
4056017520 4056017520 2672980556 2672980556 0 65535 514 514 6 6 2 
4056017520 4056017520 4241907674 4241907674 0 65535 514 514 6 6 3 
4056017520 4056017520 1626333293 1626333293 0 65535 9003 9003 6 6 3 
4056017520 4056017520 2680349729 2680349729 0 65535 69 69 6 6 0 
4227878159 4227878159 1626333293 1626333293 0 65535 9003 9003 6 6 0 
4238878803 4238878803 1626333575 1626333575 0 65535 9003 9003 6 6 4 
4238878940 4238878940 1620785308 1620785308 0 65535 69 69 6 6 1 
4221492427 4221492427 1620785308 1620785308 0 65535 25 25 6 6 4 
4221492427 4221492427 3864432594 3864432594 0 65535 9003 9003 6 6 4 
4227156216 4227156216 4056017459 4056017459 0 65535 80 80 6 6 1 
3536325432 3536325432 3560224291 3560224291 0 65535 139 139 6 6 4 
3529841207 3529841207 2443801812 2443801812 0 65535 161 161 6 6 0 
3525921986 3525921986 2443801812 2443801812 0 65535 9003 9003 6 6 4 
3526857082 3526857082 3251501056 3251501056 0 65535 69 69 6 6 2 
3526857082 3526857082 3643558387 3643558387 0 65535 25 25 6 6 4 
3526857082 3526857082 1083624941 1083624941 0 65535 1433 1433 6 6 1 
3645952202 3645952202 1123005741 1123005741 0 65535 53 53 6 6 3 
3645952202 3645952202 1123005741 1123005741 0 65535 80 80 6 6 0 
3645952197 3645952197 1117503213 1117503213 0 65535 9003 9003 6 6 4 
3645952197 3645952197 2531513988 2531513988 0 65535 9003 9003 6 6 4 
3642205139 3642205139 1117476098 1117476098 0 65535 80 80 6 6 2 
3642205050 3642205050 2531513988 2531513988 0 65535 514 514 6 6 1 
3642205050 3642205050 1202258456 1202258456 0 65535 80 80 6 6 4 
3643582365 3643582365 3530164207 3530164207 0 65535 137 137 6 6 1 
3643606394 3643606394 2531471195 2531471195 0 65535 514 514 6 6 2 
3643606394 3643606394 1202258461 1202258461 0 65535 25 25 6 6 0 
3643606394 3643606394 3645952123 3645952123 0 65535 80 80 6 6 2 
3251450967 3251450967 1195214044 1195214044 0 65535 2549 2549 6 6 2 
3251450967 3251450967 2520227113 2520227113 0 65535 25 25 6 6 2 
3251450963 3251450963 3248590784 3248590784 0 65535 5530 5530 6 6 0 
3251450239 3251450239 2520248556 2520248556 0 65535 53 53 6 6 1 
3251450239 3251450239 1195214033 1195214033 0 65535 9003 9003 6 6 0 
3251453082 3251453082 548020537 548020537 0 65535 9003 9003 6 6 0 
3442178996 3442178996 548020537 548020537 0 65535 80 80 6 6 1 
3442204141 3442204141 2524576784 2524576784 0 65535 137 137 6 6 0 
3444203627 3444203627 3251453050 3251453050 0 65535 1433 1433 6 6 4 
3444203620 3444203620 3530164207 3530164207 0 65535 69 69 6 6 1 
3444203620 3444203620 769308930 769308930 0 65535 8875 8875 6 6 1 
2780330821 2780330821 2941251854 2941251854 0 65535 53 53 6 6 1 
2780330821 2780330821 2941251854 2941251854 0 65535 514 514 6 6 1 
2780330821 2780330821 759663929 759663929 0 65535 5510 5510 6 6 1 
2780330821 2780330821 2941251854 2941251854 0 65535 69 69 6 6 2 
2780330821 2780330821 759683352 759683352 0 65535 9003 9003 6 6 2 
2780330821 2780330821 759676951 759676951 0 65535 514 514 6 6 0 
2780330821 2780330821 693443538 693443538 0 65535 4899 4899 6 6 1 
2794785054 2794785054 4052337415 4052337415 0 65535 69 69 6 6 0 
2794785046 2794785046 689869226 689869226 0 65535 25 25 6 6 3 
2794785043 2794785043 4056017459 4056017459 0 65535 69 69 6 6 2 
2937376133 2937376133 697332665 697332665 0 65535 69 69 6 6 0 
2941202163 2941202163 697452022 697452022 0 65535 162 162 6 6 1 
2941202157 2941202157 4056017459 4056017459 0 65535 514 514 6 6 0 
2941245795 2941245795 3206232666 3206232666 0 65535 514 514 6 6 1 
2941245951 2941245951 2937370779 2937370779 0 65535 139 139 6 6 2 
2941245079 2941245079 697493502 697493502 0 65535 137 137 6 6 0 
2941252043 2941252043 703535465 703535465 0 65535 53 53 6 6 0 
2941252043 2941252043 703535456 703535456 0 65535 514 514 6 6 4 
2941252043 2941252043 703535126 703535126 0 65535 21 21 6 6 0 
3032613411 3032613411 888265931 888265931 0 65535 9003 9003 6 6 1 
3032613411 3032613411 888266796 888266796 0 65535 113 113 6 6 2 
3032613411 3032613411 2941245241 2941245241 0 65535 69 69 6 6 3 
3032613411 3032613411 888221981 888221981 0 65535 514 514 6 6 0 
3032613411 3032613411 3958664528 3958664528 0 65535 514 514 6 6 4 
3032613411 3032613411 877910350 877910350 0 65535 69 69 6 6 1 
3032613411 3032613411 877910350 877910350 0 65535 53 53 6 6 2 
3181673549 3181673549 2941251920 2941251920 0 65535 514 514 6 6 0 
3174589376 3174589376 945863614 945863614 0 65535 162 162 6 6 2 
3204960872 3204960872 1014376392 1014376392 0 65535 5500 5500 6 6 2 
3206255928 3206255928 3784690533 3784690533 0 65535 80 80 6 6 4 
2526634804 2526634804 1009856509 1009856509 0 65535 9003 9003 6 6 2 
2528003482 2528003482 3784650233 3784650233 0 65535 53 53 6 6 1 
2531473574 2531473574 2524534370 2524534370 0 65535 69 69 6 6 1 
2531471143 2531471143 3784650233 3784650233 0 65535 514 514 6 6 2 
2524573215 2524573215 1009859760 1009859760 0 65535 80 80 6 6 4 
2524573215 2524573215 1009859760 1009859760 0 65535 53 53 6 6 4 
2524573215 2524573215 1009859760 1009859760 0 65535 514 514 6 6 3 
2520193115 2520193115 1009859760 1009859760 0 65535 2549 2549 6 6 1 
2520193115 2520193115 2278475140 2278475140 0 65535 514 514 6 6 3 
2520193115 2520193115 1022413484 1022413484 0 65535 162 162 6 6 2 
2520193115 2520193115 3836195611 3836195611 0 65535 514 514 6 6 4 
2520193115 2520193115 1022413484 1022413484 0 65535 69 69 6 6 3 
2520193115 2520193115 2278475139 2278475139 0 65535 1433 1433 6 6 2 
2520193115 2520193115 1022413484 1022413484 0 65535 80 80 6 6 2 
2520193115 2520193115 1017597198 1017597198 0 65535 514 514 6 6 2 
2594217444 2594217444 2680316072 2680316072 0 65535 500 500 6 6 1 
2594217444 2594217444 362630214 362630214 0 65535 8875 8875 6 6 4 
2680296671 2680296671 332452888 332452888 0 65535 80 80 6 6 3 
2680316003 2680316003 2676050328 2676050328 0 65535 514 514 6 6 3 
2680318514 2680318514 295686535 295686535 0 65535 25 25 6 6 0 
2680318513 2680318513 3873566819 3873566819 0 65535 514 514 6 6 4 
2274732688 2274732688 3873566819 3873566819 0 65535 161 161 6 6 0 
2278462761 2278462761 506284879 506284879 0 65535 500 500 6 6 2 
2278462761 2278462761 506284879 506284879 0 65535 80 80 6 6 3 
2278462729 2278462729 3873566819 3873566819 0 65535 69 69 6 6 4 
2278462729 2278462729 2524518594 2524518594 0 65535 2549 2549 6 6 4 
2278462728 2278462728 468709627 468709627 0 65535 53 53 6 6 4 
2341422918 2341422918 468709627 468709627 0 65535 139 139 6 6 2 
2341422918 2341422918 2524536799 2524536799 0 65535 80 80 6 6 2 
2341422918 2341422918 468470407 468470407 0 65535 514 514 6 6 0 
2341422918 2341422918 2278462938 2278462938 0 65535 5540 5540 6 6 4 
2334318773 2334318773 2341422942 2341422942 0 65535 5540 5540 6 6 1 
2334318773 2334318773 3861770294 3861770294 0 65535 514 514 6 6 4 
2337428385 2337428385 468496391 468496391 0 65535 1646 1646 6 6 1 
2338475690 2338475690 3864482789 3864482789 0 65535 1433 1433 6 6 1 
2338475690 2338475690 3864415390 3864415390 0 65535 113 113 6 6 2 
2338475690 2338475690 2941201827 2941201827 0 65535 514 514 6 6 1 
295646530 295646530 1195242461 1195242461 0 65535 25 25 6 6 1 
301680254 301680254 3208988940 3208988940 0 65535 5500 5500 6 6 2 
301680254 301680254 73174864 73174864 0 65535 80 80 6 6 1 
468482049 468482049 3206232666 3206232666 0 65535 9003 9003 6 6 1 
468482085 468482085 1400532561 1400532561 0 65535 514 514 6 6 1 
468482085 468482085 1355718868 1355718868 0 65535 69 69 6 6 2 
458719546 458719546 2721554664 2721554664 0 65535 8875 8875 6 6 0 
459024943 459024943 1355722155 1355722155 0 65535 53 53 6 6 3 
459024935 459024935 2783967053 2783967053 0 65535 25 25 6 6 2 
459024935 459024935 2780330784 2780330784 0 65535 69 69 6 6 1 
458181599 458181599 2791114202 2791114202 0 65535 1433 1433 6 6 4 
458219407 458219407 2791168427 2791168427 0 65535 9003 9003 6 6 0 
33104744 33104744 240838748 240838748 0 65535 80 80 6 6 1 
33110349 33110349 2883742271 2883742271 0 65535 25 25 6 6 0 
33110349 33110349 2883742271 2883742271 0 65535 135 135 6 6 3 
73200725 73200725 73146978 73146978 0 65535 5510 5510 6 6 3 
73200725 73200725 1343057208 1343057208 0 65535 9003 9003 6 6 3 
73200725 73200725 2883742396 2883742396 0 65535 25 25 6 6 3 
73200725 73200725 240838736 240838736 0 65535 69 69 6 6 4 
73250064 73250064 2950214736 2950214736 0 65535 69 69 6 6 2 
73250064 73250064 240838736 240838736 0 65535 32774 32774 6 6 0 
73250064 73250064 1493605511 1493605511 0 65535 69 69 6 6 3 
73250064 73250064 2950214736 2950214736 0 65535 1433 1433 6 6 1 
240788568 240788568 459023423 459023423 0 65535 32774 32774 6 6 2 
240788568 240788568 73203250 73203250 0 65535 161 161 6 6 4 
240730638 240730638 1493503454 1493503454 0 65535 524 524 6 6 4 
240714862 240714862 2937338726 2937338726 0 65535 514 514 6 6 2 
240714862 240714862 2937338726 2937338726 0 65535 53 53 6 6 2 
240714863 240714863 1493555786 1493555786 0 65535 80 80 6 6 2 
240714863 240714863 2937373955 2937373955 0 65535 9003 9003 6 6 2 
240714857 240714857 134321579 134321579 0 65535 1646 1646 6 6 0 
240714857 240714857 2937370789 2937370789 0 65535 69 69 6 6 4 
877217370 877217370 1563154435 1563154435 0 65535 53 53 6 6 3 
877217360 877217360 1563154432 1563154432 0 65535 69 69 6 6 1 
857036859 857036859 2351932108 2351932108 0 65535 69 69 6 6 1 
857036859 857036859 1017613871 1017613871 0 65535 514 514 6 6 2 
858735176 858735176 2334195494 2334195494 0 65535 69 69 6 6 0 
858735176 858735176 1017613871 1017613871 0 65535 80 80 6 6 3 
858735176 858735176 703550859 703550859 0 65535 119 119 6 6 2 
1014376209 1014376209 2341463071 2341463071 0 65535 69 69 6 6 4 
1009849442 1009849442 703550859 703550859 0 65535 69 69 6 6 1 
1009856280 1009856280 2155310286 2155310286 0 65535 53 53 6 6 1 
1017593638 1017593638 2155310305 2155310305 0 65535 514 514 6 6 3 
1017593638 1017593638 1592425264 1592425264 0 65535 22 22 6 6 3 
1017593638 1017593638 2150978206 2150978206 0 65535 80 80 6 6 3 
1017593638 1017593638 2150978206 2150978206 0 65535 514 514 6 6 0 
1017593638 1017593638 1592425264 1592425264 0 65535 514 514 6 6 1 
1017593639 1017593639 1009859760 1009859760 0 65535 1433 1433 6 6 1 
1017593639 1017593639 2150978206 2150978206 0 65535 53 53 6 6 3 
1017593639 1017593639 945863614 945863614 0 65535 514 514 6 6 2 
1017593639 1017593639 2150978206 2150978206 0 65535 80 80 6 6 0 
1017593639 1017593639 2233304110 2233304110 0 65535 69 69 6 6 3 
769288918 769288918 1589370302 1589370302 0 65535 69 69 6 6 0 
759664126 759664126 1589366619 1589366619 0 65535 119 119 6 6 1 
759691025 759691025 2233310950 2233310950 0 65535 69 69 6 6 0 
703560349 703560349 656751961 656751961 0 65535 1646 1646 6 6 4 
703570528 703570528 1017637492 1017637492 0 65535 69 69 6 6 2 
665677521 665677521 1578625512 1578625512 0 65535 53 53 6 6 2 
665677521 665677521 703550863 703550863 0 65535 25 25 6 6 3 
665677358 665677358 2273766768 2273766768 0 65535 80 80 6 6 2 
656749646 656749646 3719797257 3719797257 0 65535 53 53 6 6 1 
656749646 656749646 3684872913 3684872913 0 65535 514 514 6 6 3 
656749646 656749646 703550863 703550863 0 65535 514 514 6 6 0 
656752125 656752125 3645903666 3645903666 0 65535 69 69 6 6 3 
2052941605 2052941605 3643558256 3643558256 0 65535 9003 9003 6 6 1 
2052941603 2052941603 454021075 454021075 0 65535 514 514 6 6 4 
2108537659 2108537659 3560224291 3560224291 0 65535 1646 1646 6 6 1 
2101978654 2101978654 1620812460 1620812460 0 65535 137 137 6 6 3 
2101978654 2101978654 459078088 459078088 0 65535 69 69 6 6 2 
2101978654 2101978654 3560224291 3560224291 0 65535 514 514 6 6 1 
2101978654 2101978654 3560224291 3560224291 0 65535 119 119 6 6 2 
2101978654 2101978654 3560224291 3560224291 0 65535 9003 9003 6 6 1 
2101978644 2101978644 2050642689 2050642689 0 65535 9003 9003 6 6 1 
2101978644 2101978644 459078088 459078088 0 65535 80 80 6 6 4 
2101978644 2101978644 459078088 459078088 0 65535 69 69 6 6 3 
2101978644 2101978644 3536328908 3536328908 0 65535 80 80 6 6 3 
2101978644 2101978644 1620812460 1620812460 0 65535 25 25 6 6 1 
1959575275 1959575275 3536325112 3536325112 0 65535 69 69 6 6 2 
1954074126 1954074126 2050642689 2050642689 0 65535 1646 1646 6 6 4 
1954074126 1954074126 3536368988 3536368988 0 65535 119 119 6 6 0 
1954074127 1954074127 1916682823 1916682823 0 65535 25 25 6 6 2 
1954074127 1954074127 3536357776 3536357776 0 65535 9003 9003 6 6 3 
1996446402 1996446402 1620812460 1620812460 0 65535 53 53 6 6 4 
1984124066 1984124066 3536357776 3536357776 0 65535 514 514 6 6 0 
1984124066 1984124066 3526692778 3526692778 0 65535 53 53 6 6 2 
1984124066 1984124066 3526692775 3526692775 0 65535 514 514 6 6 0 
1984124071 1984124071 3526844321 3526844321 0 65535 9003 9003 6 6 4 
1617963468 1617963468 212735057 212735057 0 65535 514 514 6 6 2 
1617963468 1617963468 1763943514 1763943514 0 65535 514 514 6 6 4 
1620804631 1620804631 3530164207 3530164207 0 65535 53 53 6 6 4 
1620812317 1620812317 3530164207 3530164207 0 65535 514 514 6 6 3 
1620812317 1620812317 235547468 235547468 0 65535 143 143 6 6 3 
1620812317 1620812317 3386407582 3386407582 0 65535 80 80 6 6 0 
1620812317 1620812317 3462427772 3462427772 0 65535 80 80 6 6 3 
1801464728 1801464728 3442157517 3442157517 0 65535 53 53 6 6 3 
1801464728 1801464728 3442184821 3442184821 0 65535 9003 9003 6 6 2 
1801464728 1801464728 240788705 240788705 0 65535 9003 9003 6 6 1 
1766615999 1766615999 3310264223 3310264223 0 65535 53 53 6 6 0 
1766057075 1766057075 21694311 21694311 0 65535 5520 5520 6 6 0 
1763948080 1763948080 3310264236 3310264236 0 65535 69 69 6 6 1 
1763948080 1763948080 21694316 21694316 0 65535 514 514 6 6 2 
1763944633 1763944633 2050642689 2050642689 0 65535 69 69 6 6 3 
1230635401 1230635401 33231761 33231761 0 65535 1645 1645 6 6 0 
1230635401 1230635401 1195242461 1195242461 0 65535 9003 9003 6 6 2 
1230635401 1230635401 1195242461 1195242461 0 65535 69 69 6 6 4 
1230635401 1230635401 3242036403 3242036403 0 65535 69 69 6 6 3 
1230635401 1230635401 3242036403 3242036403 0 65535 514 514 6 6 0 
1230635401 1230635401 79686752 79686752 0 65535 9003 9003 6 6 2 
1230635401 1230635401 1195242461 1195242461 0 65535 53 53 6 6 2 
1230635401 1230635401 79686720 79686720 0 65535 514 514 6 6 0 
1195214069 1195214069 3248590784 3248590784 0 65535 53 53 6 6 0 
1195214069 1195214069 3248590784 3248590784 0 65535 514 514 6 6 2 
1195214069 1195214069 1202258461 1202258461 0 65535 22 22 6 6 4 
1117497698 1117497698 1581579123 1581579123 0 65535 69 69 6 6 1 
1117497698 1117497698 79636094 79636094 0 65535 110 110 6 6 3 
1117497698 1117497698 1581573478 1581573478 0 65535 69 69 6 6 1 
1117497698 1117497698 1581573504 1581573504 0 65535 9003 9003 6 6 4 
1589348593 1589348593 4239439953 4239439953 0 65535 514 514 6 6 2 
1589348595 1589348595 79636094 79636094 0 65535 514 514 6 6 1 
1581579162 1581579162 1195242461 1195242461 0 65535 69 69 6 6 3 
1581579161 1581579161 4241932303 4241932303 0 65535 69 69 6 6 3 
1581573479 1581573479 4099686625 4099686625 0 65535 22 22 6 6 1 
1343057677 1343057677 70725286 70725286 0 65535 1433 1433 6 6 0 
1343057677 1343057677 70725286 70725286 0 65535 137 137 6 6 3 
1343057677 1343057677 1452543525 1452543525 0 65535 69 69 6 6 1 
1343057677 1343057677 1350228411 1350228411 0 65535 53 53 6 6 0 
1343057676 1343057676 73152693 73152693 0 65535 524 524 6 6 2 
1343057676 1343057676 73152693 73152693 0 65535 514 514 6 6 3 
1343057676 1343057676 4050102138 4050102138 0 65535 514 514 6 6 4 
1343057676 1343057676 1343057195 1343057195 0 65535 514 514 6 6 1 
3536369032 3536369032 3560224291 3560224291 22 22 0 65535 6 6 4 
3645952197 3645952197 1117503200 1117503200 5632 5632 0 65535 6 6 3 
3643606394 3643606394 1202258461 1202258461 53 53 0 65535 6 6 2 
3251450239 3251450239 2520248506 2520248506 161 161 0 65535 6 6 0 
3251453082 3251453082 548020537 548020537 80 80 0 65535 6 6 0 
3444210967 3444210967 3444227282 3444227282 1433 1433 0 65535 6 6 3 
2780330821 2780330821 759683371 759683371 5520 5520 0 65535 6 6 3 
2780330821 2780330821 4052304424 4052304424 161 161 0 65535 6 6 0 
2941252043 2941252043 703535456 703535456 161 161 0 65535 6 6 1 
3032613411 3032613411 888266976 888266976 5632 5632 0 65535 6 6 2 
3172333075 3172333075 3172318619 3172318619 25 25 0 65535 6 6 0 
3172285886 3172285886 945863614 945863614 500 500 0 65535 6 6 3 
2274732691 2274732691 301680329 301680329 5631 5631 0 65535 6 6 2 
2278462761 2278462761 2341424741 2341424741 161 161 0 65535 6 6 3 
2334318773 2334318773 468469721 468469721 161 161 0 65535 6 6 1 
301680254 301680254 3206256039 3206256039 161 161 0 65535 6 6 0 
301680254 301680254 301680216 301680216 1433 1433 0 65535 6 6 2 
458219407 458219407 2791168420 2791168420 161 161 0 65535 6 6 1 
73200725 73200725 73200799 73200799 5520 5520 0 65535 6 6 3 
240788568 240788568 459023423 459023423 5520 5520 0 65535 6 6 2 
858735176 858735176 2346141073 2346141073 161 161 0 65535 6 6 4 
1014376209 1014376209 2341463071 2341463071 161 161 0 65535 6 6 0 
1009856350 1009856350 2341426231 2341426231 1433 1433 0 65535 6 6 4 
1017593638 1017593638 1017613871 1017613871 22 22 0 65535 6 6 3 
703570528 703570528 1589366615 1589366615 161 161 0 65535 6 6 2 
656749646 656749646 3684844095 3684844095 1433 1433 0 65535 6 6 4 
1984124071 1984124071 3526857091 3526857091 161 161 0 65535 6 6 3 
1801464728 1801464728 3444204278 3444204278 25 25 0 65535 6 6 1 
1230635401 1230635401 3261869162 3261869162 53 53 0 65535 6 6 2 
1230635401 1230635401 79686727 79686727 5631 5631 0 65535 6 6 1 
1230635401 1230635401 3242036405 3242036405 53 53 0 65535 6 6 1 
1343057677 1343057677 70725286 70725286 161 161 0 65535 6 6 2 
3874607183 3874607183 2273763508 2273763508 0 65535 9003 9003 17 17 4 
3874570601 3874570601 3864432593 3864432593 0 65535 514 514 17 17 0 
3874572870 3874572870 2050647526 2050647526 0 65535 25 25 17 17 4 
3874581865 3874581865 2050647763 2050647763 0 65535 9003 9003 17 17 0 
3867151803 3867151803 2050647763 2050647763 0 65535 161 161 17 17 1 
3867151803 3867151803 2050647763 2050647763 0 65535 80 80 17 17 4 
3867175085 3867175085 2050647763 2050647763 0 65535 22 22 17 17 3 
3867175085 3867175085 2273763507 2273763507 0 65535 5550 5550 17 17 3 
3867175085 3867175085 4056017459 4056017459 0 65535 113 113 17 17 0 
3867175084 3867175084 2278503810 2278503810 0 65535 69 69 6 6 2 
3867175084 3867175084 2050645237 2050645237 0 65535 53 53 17 17 4 
3867175084 3867175084 2278503810 2278503810 0 65535 1433 1433 17 17 4 
3867175084 3867175084 2050645237 2050645237 0 65535 25 25 17 17 1 
3864432596 3864432596 2050645237 2050645237 0 65535 137 137 17 17 0 
3864432596 3864432596 4056017459 4056017459 0 65535 69 69 6 6 2 
3864432596 3864432596 2050645235 2050645235 0 65535 69 69 17 17 2 
3864432596 3864432596 2050645235 2050645235 0 65535 514 514 17 17 3 
3864432596 3864432596 2278503822 2278503822 0 65535 80 80 17 17 0 
3864432596 3864432596 3864415383 3864415383 0 65535 69 69 17 17 3 
3864432596 3864432596 2278455875 2278455875 0 65535 80 80 17 17 3 
3864432596 3864432596 2050645243 2050645243 0 65535 514 514 17 17 1 
3864432596 3864432596 3950624677 3950624677 0 65535 1214 1214 6 6 1 
3864432596 3864432596 4056017459 4056017459 0 65535 135 135 6 6 4 
3864432596 3864432596 2050645243 2050645243 0 65535 514 514 6 6 1 
3864432596 3864432596 3950624672 3950624672 0 65535 69 69 17 17 2 
3864432596 3864432596 2278455908 2278455908 0 65535 524 524 17 17 0 
3864432596 3864432596 2278455908 2278455908 0 65535 80 80 17 17 1 
3864432596 3864432596 3950637835 3950637835 0 65535 514 514 17 17 1 
3864432596 3864432596 2278438893 2278438893 0 65535 69 69 17 17 4 
3864432596 3864432596 1855913319 1855913319 0 65535 32774 32774 17 17 0 
3864432596 3864432596 4056017459 4056017459 0 65535 514 514 17 17 0 
3864432596 3864432596 1855913319 1855913319 0 65535 445 445 17 17 2 
3864432596 3864432596 3950637835 3950637835 0 65535 53 53 17 17 4 
3864432596 3864432596 2278438893 2278438893 0 65535 25 25 17 17 1 
3864432596 3864432596 1801569736 1801569736 0 65535 1646 1646 17 17 0 
3864432596 3864432596 4056017459 4056017459 0 65535 53 53 17 17 1 
3864432596 3864432596 3950637863 3950637863 0 65535 80 80 6 6 4 
3864432596 3864432596 1801483070 1801483070 0 65535 69 69 17 17 0 
3864432596 3864432596 1801483059 1801483059 0 65535 80 80 6 6 2 
3864432596 3864432596 3950634532 3950634532 0 65535 524 524 17 17 2 
3864432596 3864432596 1801464626 1801464626 0 65535 25 25 6 6 4 
3864432596 3864432596 1801464626 1801464626 0 65535 69 69 17 17 4 
3864432596 3864432596 2278438907 2278438907 0 65535 69 69 6 6 2 
3864432596 3864432596 1770530119 1770530119 0 65535 5631 5631 17 17 1 
3864432596 3864432596 2598746569 2598746569 0 65535 1433 1433 17 17 3 
3864432596 3864432596 1770530119 1770530119 0 65535 143 143 17 17 1 
3864432596 3864432596 1770681235 1770681235 0 65535 69 69 6 6 3 
3864432596 3864432596 3950634550 3950634550 0 65535 514 514 6 6 4 
3949947946 3949947946 3949948087 3949948087 0 65535 514 514 17 17 0 
3949947917 3949947917 3949945737 3949945737 0 65535 9003 9003 17 17 0 
3949958178 3949958178 1770710889 1770710889 0 65535 139 139 17 17 4 
3949958178 3949958178 1770710889 1770710889 0 65535 514 514 17 17 3 
3949958178 3949958178 3864432593 3864432593 0 65535 80 80 6 6 1 
3949958178 3949958178 4056017459 4056017459 0 65535 514 514 6 6 3 
3949958178 3949958178 1765828057 1765828057 0 65535 69 69 17 17 1 
3949958178 3949958178 2587957765 2587957765 0 65535 7000 7000 17 17 4 
3949958178 3949958178 2587957765 2587957765 0 65535 161 161 6 6 1 
3949958178 3949958178 2587957762 2587957762 0 65535 161 161 17 17 3 
3949958178 3949958178 2587957762 2587957762 0 65535 514 514 6 6 0 
3949958178 3949958178 2587957762 2587957762 0 65535 9003 9003 17 17 3 
3949958178 3949958178 1765998878 1765998878 0 65535 137 137 17 17 2 
3949958178 3949958178 2587972256 2587972256 0 65535 22 22 6 6 2 
3949958178 3949958178 3958664528 3958664528 0 65535 53 53 17 17 2 
3950638033 3950638033 1765998865 1765998865 0 65535 80 80 17 17 2 
3950638033 3950638033 1763906130 1763906130 0 65535 53 53 17 17 1 
3950638033 3950638033 4056017459 4056017459 0 65535 1645 1645 17 17 2 
3950638033 3950638033 1763906134 1763906134 0 65535 69 69 17 17 0 
3950634577 3950634577 2587972256 2587972256 0 65535 69 69 6 6 0 
3950634577 3950634577 1763906027 1763906027 0 65535 25 25 17 17 4 
3950634577 3950634577 1763906027 1763906027 0 65535 22 22 17 17 4 
3950634577 3950634577 4056017459 4056017459 0 65535 80 80 6 6 1 
3950634577 3950634577 2621596682 2621596682 0 65535 514 514 17 17 4 
3950634577 3950634577 1763948429 1763948429 0 65535 53 53 17 17 0 
3950634577 3950634577 4056017459 4056017459 0 65535 69 69 17 17 0 
3950624599 3950624599 3989468290 3989468290 0 65535 514 514 17 17 4 
3950624599 3950624599 1734959100 1734959100 0 65535 143 143 6 6 4 
3950624599 3950624599 2621596775 2621596775 0 65535 1433 1433 17 17 2 
3950624599 3950624599 1734959100 1734959100 0 65535 22 22 17 17 4 
3950624599 3950624599 2619946199 2619946199 0 65535 143 143 17 17 1 
3950624599 3950624599 1734959100 1734959100 0 65535 25 25 17 17 0 
3950624599 3950624599 4056017459 4056017459 0 65535 5500 5500 17 17 4 
3950624599 3950624599 4056017459 4056017459 0 65535 9003 9003 17 17 1 
3950624599 3950624599 4056017459 4056017459 0 65535 80 80 17 17 1 
3950624599 3950624599 1734959100 1734959100 0 65535 9003 9003 17 17 2 
3950624599 3950624599 1734959100 1734959100 0 65535 161 161 17 17 3 
3950624599 3950624599 2620062046 2620062046 0 65535 69 69 17 17 1 
3950624599 3950624599 1734959100 1734959100 0 65535 53 53 17 17 2 
3950624599 3950624599 1734959100 1734959100 0 65535 514 514 17 17 0 
3950624599 3950624599 1734959100 1734959100 0 65535 69 69 17 17 1 
3950624599 3950624599 1734959100 1734959100 0 65535 4899 4899 17 17 3 
3950624599 3950624599 1734959100 1734959100 0 65535 69 69 6 6 4 
3950624599 3950624599 1734959100 1734959100 0 65535 80 80 17 17 4 
3950624599 3950624599 1734959100 1734959100 0 65535 22 22 6 6 2 
3950624599 3950624599 2668470511 2668470511 0 65535 69 69 17 17 4 
3950624599 3950624599 4056017459 4056017459 0 65535 143 143 6 6 3 
4057791380 4057791380 1617983839 1617983839 0 65535 69 69 6 6 2 
4057791380 4057791380 1617983839 1617983839 0 65535 1433 1433 17 17 2 
4057791380 4057791380 1617983839 1617983839 0 65535 53 53 17 17 4 
4057791406 4057791406 2673010019 2673010019 0 65535 161 161 17 17 2 
4057791406 4057791406 1617983824 1617983824 0 65535 69 69 6 6 1 
4057791402 4057791402 2672988207 2672988207 0 65535 53 53 17 17 0 
4057791402 4057791402 1617983824 1617983824 0 65535 9003 9003 6 6 3 
4057791402 4057791402 4050102138 4050102138 0 65535 69 69 6 6 2 
4056017520 4056017520 3864415383 3864415383 0 65535 143 143 6 6 2 
4056017520 4056017520 1617983828 1617983828 0 65535 69 69 17 17 0 
4056017520 4056017520 1617983828 1617983828 0 65535 5510 5510 6 6 0 
4056017520 4056017520 1617983828 1617983828 0 65535 22 22 6 6 4 
4056017520 4056017520 1617983828 1617983828 0 65535 143 143 17 17 4 
4056017520 4056017520 1617983828 1617983828 0 65535 6699 6699 17 17 0 
4056017520 4056017520 4050102138 4050102138 0 65535 514 514 17 17 0 
4056017520 4056017520 1617957150 1617957150 0 65535 137 137 6 6 1 
4056017520 4056017520 2672980830 2672980830 0 65535 80 80 6 6 1 
4056017520 4056017520 1617957150 1617957150 0 65535 69 69 6 6 3 
4056017520 4056017520 2672980488 2672980488 0 65535 22 22 17 17 2 
4056017520 4056017520 2676050309 2676050309 0 65535 9003 9003 6 6 4 
4056017520 4056017520 1617961998 1617961998 0 65535 514 514 17 17 2 
4056017520 4056017520 3864415383 3864415383 0 65535 514 514 17 17 0 
4056017520 4056017520 1617961998 1617961998 0 65535 69 69 6 6 2 
4056017520 4056017520 2676050309 2676050309 0 65535 5540 5540 17 17 3 
4056017520 4056017520 2676050328 2676050328 0 65535 69 69 17 17 0 
4056017520 4056017520 1617961998 1617961998 0 65535 6970 6970 17 17 2 
4056017520 4056017520 2676050328 2676050328 0 65535 143 143 17 17 0 
4056017520 4056017520 2676050328 2676050328 0 65535 1646 1646 6 6 1 
4056017520 4056017520 4241907674 4241907674 0 65535 53 53 17 17 2 
4056017520 4056017520 1617961998 1617961998 0 65535 137 137 6 6 3 
4056017520 4056017520 4241907674 4241907674 0 65535 514 514 17 17 0 
4056017520 4056017520 3864432594 3864432594 0 65535 69 69 6 6 0 
4056017520 4056017520 4099686625 4099686625 0 65535 514 514 17 17 0 
4056017520 4056017520 1617961998 1617961998 0 65535 53 53 6 6 0 
4056017520 4056017520 3864432594 3864432594 0 65535 162 162 17 17 3 
4056017520 4056017520 1626160038 1626160038 0 65535 500 500 17 17 1 
4056017520 4056017520 3864432594 3864432594 0 65535 1433 1433 6 6 3 
4056017520 4056017520 1626160031 1626160031 0 65535 9003 9003 17 17 1 
4056017520 4056017520 1626160031 1626160031 0 65535 80 80 17 17 4 
4056017520 4056017520 2680350312 2680350312 0 65535 69 69 17 17 4 
4056017520 4056017520 1626333293 1626333293 0 65535 1433 1433 17 17 3 
4056017520 4056017520 3864432594 3864432594 0 65535 143 143 17 17 4 
4056017520 4056017520 3864432594 3864432594 0 65535 53 53 17 17 3 
4227902723 4227902723 3864432594 3864432594 0 65535 69 69 6 6 4 
4244161050 4244161050 3864432594 3864432594 0 65535 514 514 17 17 0 
4241907530 4241907530 1626333575 1626333575 0 65535 137 137 6 6 3 
4238878803 4238878803 2680306871 2680306871 0 65535 113 113 17 17 0 
4238878940 4238878940 3864432594 3864432594 0 65535 53 53 17 17 2 
4238902956 4238902956 4271056623 4271056623 0 65535 514 514 6 6 4 
4238902956 4238902956 1620785308 1620785308 0 65535 69 69 6 6 0 
4238902869 4238902869 1620785308 1620785308 0 65535 5631 5631 6 6 3 
4238902868 4238902868 2680306908 2680306908 0 65535 69 69 17 17 4 
4238920925 4238920925 1620785308 1620785308 0 65535 1433 1433 17 17 4 
4238920925 4238920925 1620785308 1620785308 0 65535 53 53 6 6 4 
4238920925 4238920925 1620785308 1620785308 0 65535 69 69 6 6 1 
4238920925 4238920925 3864432594 3864432594 0 65535 514 514 6 6 0 
4238920925 4238920925 1620785308 1620785308 0 65535 53 53 17 17 3 
4238920922 4238920922 4241907674 4241907674 0 65535 22 22 17 17 3 
4238920922 4238920922 2443801717 2443801717 0 65535 25 25 17 17 2 
4238920922 4238920922 2443801717 2443801717 0 65535 22 22 17 17 2 
4221470452 4221470452 1620785308 1620785308 0 65535 53 53 6 6 3 
4221470453 4221470453 1620785308 1620785308 0 65535 69 69 17 17 3 
4221492427 4221492427 4056017459 4056017459 0 65535 9003 9003 17 17 2 
4227156216 4227156216 3864432592 3864432592 0 65535 69 69 17 17 2 
4227156216 4227156216 1620785308 1620785308 0 65535 1723 1723 17 17 3 
4227156216 4227156216 1620785308 1620785308 0 65535 22 22 17 17 0 
4227156216 4227156216 1620809489 1620809489 0 65535 5540 5540 17 17 3 
4227156216 4227156216 1620809489 1620809489 0 65535 9003 9003 6 6 0 
4227155476 4227155476 4056017459 4056017459 0 65535 9003 9003 17 17 0 
4227155476 4227155476 3864432592 3864432592 0 65535 9003 9003 17 17 3 
4227155476 4227155476 3864432593 3864432593 0 65535 25 25 17 17 2 
4227155476 4227155476 2443801725 2443801725 0 65535 69 69 17 17 4 
4227155476 4227155476 1620809581 1620809581 0 65535 514 514 17 17 1 
4227155476 4227155476 1323738799 1323738799 0 65535 80 80 17 17 1 
4227155476 4227155476 3864432593 3864432593 0 65535 9003 9003 6 6 3 
4227155711 4227155711 1323738799 1323738799 0 65535 69 69 17 17 0 
4227155711 4227155711 4056017459 4056017459 0 65535 69 69 17 17 1 
4227155711 4227155711 1323738768 1323738768 0 65535 9003 9003 17 17 0 
4227155711 4227155711 1323738768 1323738768 0 65535 69 69 17 17 3 
4227155711 4227155711 2443801725 2443801725 0 65535 23 23 17 17 3 
4227155711 4227155711 1323738768 1323738768 0 65535 80 80 17 17 4 
4227155711 4227155711 1323738771 1323738771 0 65535 135 135 6 6 0 
4227155711 4227155711 4227148258 4227148258 0 65535 143 143 6 6 3 
4227155711 4227155711 1323738771 1323738771 0 65535 25 25 17 17 4 
4227155711 4227155711 1323738771 1323738771 0 65535 80 80 6 6 2 
3536329565 3536329565 1240708580 1240708580 0 65535 139 139 17 17 4 
3536325432 3536325432 2443801812 2443801812 0 65535 514 514 17 17 0 
3536357692 3536357692 2443801812 2443801812 0 65535 514 514 17 17 0 
3536369036 3536369036 1236370555 1236370555 0 65535 69 69 17 17 2 
3536369036 3536369036 1236370555 1236370555 0 65535 500 500 17 17 3 
3536369036 3536369036 1236370555 1236370555 0 65535 80 80 17 17 2 
3536369032 3536369032 3536369019 3536369019 0 65535 5631 5631 17 17 4 
3536369032 3536369032 3560224291 3560224291 0 65535 80 80 17 17 2 
3536369032 3536369032 1236370555 1236370555 0 65535 80 80 17 17 4 
3530163256 3530163256 2443801812 2443801812 0 65535 514 514 6 6 0 
3530163201 3530163201 3530164207 3530164207 0 65535 25 25 17 17 1 
3530007364 3530007364 1236370555 1236370555 0 65535 25 25 6 6 1 
3530007364 3530007364 2443801812 2443801812 0 65535 69 69 17 17 4 
3530007364 3530007364 1236370555 1236370555 0 65535 514 514 6 6 1 
3529841207 3529841207 2443801812 2443801812 0 65535 80 80 17 17 1 
3525964528 3525964528 2443801812 2443801812 0 65535 514 514 17 17 0 
3525964528 3525964528 1225387379 1225387379 0 65535 5520 5520 6 6 0 
3525964528 3525964528 1225387379 1225387379 0 65535 53 53 6 6 2 
3525921986 3525921986 3643558396 3643558396 0 65535 162 162 17 17 4 
3525919326 3525919326 1230687331 1230687331 0 65535 32774 32774 17 17 4 
3525919319 3525919319 2443801812 2443801812 0 65535 5510 5510 17 17 1 
3525919319 3525919319 1230687317 1230687317 0 65535 1433 1433 6 6 4 
3525919373 3525919373 3560224291 3560224291 0 65535 137 137 6 6 3 
3526844413 3526844413 2527178740 2527178740 0 65535 514 514 6 6 2 
3526844413 3526844413 1230687487 1230687487 0 65535 514 514 17 17 0 
3526844364 3526844364 3560224291 3560224291 0 65535 514 514 17 17 4 
3526844364 3526844364 1230637509 1230637509 0 65535 80 80 17 17 1 
3526857082 3526857082 2527178740 2527178740 0 65535 80 80 17 17 0 
3526857082 3526857082 1230637509 1230637509 0 65535 80 80 17 17 0 
3526857082 3526857082 1230635293 1230635293 0 65535 514 514 6 6 4 
3526857082 3526857082 1086810539 1086810539 0 65535 9003 9003 6 6 3 
3526857082 3526857082 3251501083 3251501083 0 65535 53 53 17 17 0 
3526857082 3526857082 2527147767 2527147767 0 65535 162 162 17 17 2 
3526857082 3526857082 1112415063 1112415063 0 65535 69 69 17 17 1 
3526857082 3526857082 3251501074 3251501074 0 65535 514 514 17 17 4 
3526857082 3526857082 2527147767 2527147767 0 65535 6699 6699 17 17 4 
3526857082 3526857082 1112414664 1112414664 0 65535 9003 9003 17 17 0 
3645952202 3645952202 2531513988 2531513988 0 65535 1433 1433 17 17 2 
3645952202 3645952202 3251501305 3251501305 0 65535 53 53 17 17 4 
3645952197 3645952197 2531513988 2531513988 0 65535 80 80 6 6 3 
3645952197 3645952197 1122963029 1122963029 0 65535 7000 7000 17 17 2 
3645952197 3645952197 1117503213 1117503213 0 65535 80 80 17 17 1 
3645952197 3645952197 3251450132 3251450132 0 65535 162 162 17 17 1 
3645952197 3645952197 1117503200 1117503200 0 65535 23 23 17 17 3 
3645952197 3645952197 1117503200 1117503200 0 65535 69 69 17 17 1 
3645952197 3645952197 1117503200 1117503200 0 65535 69 69 6 6 3 
3645952197 3645952197 3645952123 3645952123 0 65535 69 69 17 17 1 
3642205143 3642205143 3251450139 3251450139 0 65535 69 69 6 6 3 
3642205138 3642205138 2531513988 2531513988 0 65535 137 137 6 6 1 
3642205139 3642205139 3530164207 3530164207 0 65535 69 69 6 6 3 
3642205050 3642205050 2531513988 2531513988 0 65535 22 22 17 17 4 
3642205050 3642205050 1202258456 1202258456 0 65535 110 110 17 17 3 
3642205050 3642205050 3251450263 3251450263 0 65535 69 69 17 17 1 
3643582365 3643582365 2531473494 2531473494 0 65535 162 162 17 17 1 
3643582365 3643582365 1202258456 1202258456 0 65535 69 69 17 17 3 
3643582365 3643582365 2531473494 2531473494 0 65535 80 80 17 17 3 
3643582365 3643582365 1202258456 1202258456 0 65535 69 69 6 6 1 
3643582365 3643582365 2531471195 2531471195 0 65535 25 25 17 17 3 
3643582365 3643582365 3645952123 3645952123 0 65535 69 69 17 17 1 
3643582365 3643582365 2531471195 2531471195 0 65535 514 514 17 17 4 
3643582365 3643582365 2531471195 2531471195 0 65535 53 53 17 17 0 
3643606394 3643606394 1202258461 1202258461 0 65535 53 53 17 17 4 
3643606394 3643606394 1202258461 1202258461 0 65535 69 69 6 6 2 
3643606394 3643606394 1202258461 1202258461 0 65535 139 139 17 17 4 
3643606394 3643606394 1202258461 1202258461 0 65535 514 514 17 17 0 
3251601643 3251601643 1202258461 1202258461 0 65535 80 80 17 17 0 
3251601643 3251601643 2531471195 2531471195 0 65535 32774 32774 17 17 3 
3251601642 3251601642 3864415383 3864415383 0 65535 9003 9003 17 17 1 
3251601642 3251601642 3251601515 3251601515 0 65535 1214 1214 6 6 4 
3251601642 3251601642 1202258461 1202258461 0 65535 5530 5530 6 6 0 
3251601640 3251601640 1202258461 1202258461 0 65535 53 53 6 6 0 
3251601640 3251601640 1195214044 1195214044 0 65535 514 514 17 17 1 
3251601640 3251601640 2520126715 2520126715 0 65535 69 69 17 17 4 
3251601640 3251601640 3248590784 3248590784 0 65535 69 69 17 17 2 
3251601640 3251601640 1195214044 1195214044 0 65535 9003 9003 17 17 3 
3251601640 3251601640 1195214044 1195214044 0 65535 69 69 17 17 3 
3251601640 3251601640 1195214044 1195214044 0 65535 8875 8875 17 17 0 
3251450967 3251450967 1195214044 1195214044 0 65535 69 69 17 17 4 
3251450967 3251450967 1195214033 1195214033 0 65535 514 514 17 17 0 
3251450239 3251450239 1195214033 1195214033 0 65535 53 53 17 17 1 
3251450239 3251450239 2520248556 2520248556 0 65535 1646 1646 17 17 1 
3251450239 3251450239 1195214033 1195214033 0 65535 161 161 17 17 3 
3251450239 3251450239 2520248510 2520248510 0 65535 25 25 17 17 1 
3251450239 3251450239 1195214033 1195214033 0 65535 80 80 17 17 1 
3251450239 3251450239 2520248499 2520248499 0 65535 53 53 6 6 1 
3251450239 3251450239 3530164207 3530164207 0 65535 9003 9003 17 17 2 
3251450239 3251450239 1195214033 1195214033 0 65535 69 69 17 17 2 
3251450239 3251450239 1195214033 1195214033 0 65535 6699 6699 17 17 4 
3251450239 3251450239 2520191320 2520191320 0 65535 80 80 17 17 2 
3251450239 3251450239 3251450266 3251450266 0 65535 123 123 6 6 4 
3251453082 3251453082 3530164207 3530164207 0 65535 143 143 6 6 3 
3251453082 3251453082 2520191320 2520191320 0 65535 7000 7000 17 17 3 
3251453082 3251453082 2520191320 2520191320 0 65535 69 69 17 17 4 
3251453082 3251453082 3251453050 3251453050 0 65535 514 514 6 6 3 
3251453082 3251453082 3864415383 3864415383 0 65535 514 514 17 17 3 
3251453082 3251453082 1195214033 1195214033 0 65535 80 80 17 17 2 
3251453082 3251453082 2520191257 2520191257 0 65535 514 514 17 17 2 
3251453082 3251453082 1195214033 1195214033 0 65535 514 514 17 17 2 
3251453082 3251453082 2520191257 2520191257 0 65535 135 135 17 17 3 
3251453082 3251453082 1195214033 1195214033 0 65535 113 113 17 17 4 
3251453082 3251453082 2520193076 2520193076 0 65535 137 137 17 17 1 
3251453082 3251453082 3251453050 3251453050 0 65535 1433 1433 17 17 1 
3251453082 3251453082 2520193076 2520193076 0 65535 53 53 17 17 0 
3251453082 3251453082 3530164207 3530164207 0 65535 22 22 17 17 4 
3251453082 3251453082 548020537 548020537 0 65535 69 69 17 17 4 
3251453082 3251453082 548020537 548020537 0 65535 514 514 6 6 3 
3251453082 3251453082 3248590784 3248590784 0 65535 514 514 17 17 1 
3251453082 3251453082 2520193093 2520193093 0 65535 53 53 17 17 2 
3251453082 3251453082 548020537 548020537 0 65535 119 119 17 17 3 
3251453082 3251453082 3444227268 3444227268 0 65535 445 445 17 17 1 
3251453082 3251453082 548020537 548020537 0 65535 80 80 17 17 4 
3251453082 3251453082 548020537 548020537 0 65535 514 514 17 17 3 
3442178996 3442178996 3530164207 3530164207 0 65535 25 25 17 17 3 
3442178996 3442178996 664571020 664571020 0 65535 500 500 17 17 1 
3442178997 3442178997 3530164207 3530164207 0 65535 80 80 17 17 0 
3442204140 3442204140 664571020 664571020 0 65535 80 80 17 17 3 
3442184914 3442184914 664571020 664571020 0 65535 80 80 17 17 4 
3442184914 3442184914 671043402 671043402 0 65535 22 22 6 6 2 
3442184914 3442184914 3251453050 3251453050 0 65535 137 137 17 17 2 
3444237621 3444237621 671082622 671082622 0 65535 53 53 17 17 2 
3444237801 3444237801 671082622 671082622 0 65535 514 514 17 17 0 
3444237801 3444237801 2524576774 2524576774 0 65535 69 69 17 17 0 
3444237801 3444237801 3864415383 3864415383 0 65535 80 80 17 17 3 
3444232337 3444232337 671083402 671083402 0 65535 69 69 17 17 0 
3444232337 3444232337 3444232262 3444232262 0 65535 514 514 6 6 3 
3444232337 3444232337 3530164207 3530164207 0 65535 1723 1723 17 17 2 
3444232337 3444232337 659471975 659471975 0 65535 53 53 17 17 2 
3444232337 3444232337 659471975 659471975 0 65535 69 69 17 17 1 
3444210967 3444210967 659452787 659452787 0 65535 119 119 17 17 3 
3444210967 3444210967 659452787 659452787 0 65535 69 69 6 6 4 
3444210967 3444210967 659434969 659434969 0 65535 69 69 17 17 2 
3444210967 3444210967 2524572750 2524572750 0 65535 1646 1646 17 17 0 
3444210967 3444210967 3530164207 3530164207 0 65535 69 69 17 17 1 
3444210967 3444210967 2524572799 2524572799 0 65535 143 143 17 17 1 
3444210967 3444210967 656781439 656781439 0 65535 514 514 17 17 3 
3444210967 3444210967 2524572682 2524572682 0 65535 137 137 17 17 0 
3444210967 3444210967 3530164207 3530164207 0 65535 69 69 6 6 0 
3444203591 3444203591 656781436 656781436 0 65535 1645 1645 17 17 3 
3444203591 3444203591 3251453050 3251453050 0 65535 69 69 17 17 4 
3444203591 3444203591 2524573247 2524573247 0 65535 1646 1646 17 17 1 
3444203591 3444203591 2524573247 2524573247 0 65535 514 514 17 17 1 
3444203591 3444203591 656759102 656759102 0 65535 9003 9003 17 17 1 
3444203626 3444203626 656759102 656759102 0 65535 514 514 6 6 3 
3444203626 3444203626 656759115 656759115 0 65535 53 53 17 17 3 
3444203626 3444203626 2524573247 2524573247 0 65535 514 514 17 17 2 
3444203627 3444203627 764449809 764449809 0 65535 9003 9003 17 17 0 
3444203627 3444203627 2524573234 2524573234 0 65535 69 69 17 17 4 
3444203620 3444203620 769288776 769288776 0 65535 80 80 17 17 1 
3444203620 3444203620 3251453050 3251453050 0 65535 514 514 6 6 4 
3444203620 3444203620 769288794 769288794 0 65535 69 69 6 6 1 
3444203620 3444203620 769308931 769308931 0 65535 5550 5550 6 6 3 
3444203620 3444203620 2524573234 2524573234 0 65535 514 514 17 17 0 
2780330821 2780330821 759633017 759633017 0 65535 514 514 17 17 2 
2780330821 2780330821 759633017 759633017 0 65535 139 139 17 17 2 
2780330821 2780330821 4052304437 4052304437 0 65535 9003 9003 17 17 4 
2780330821 2780330821 759635593 759635593 0 65535 5520 5520 6 6 3 
2780330821 2780330821 759635593 759635593 0 65535 113 113 17 17 0 
2780330821 2780330821 759635588 759635588 0 65535 9003 9003 17 17 4 
2780330821 2780330821 4052304425 4052304425 0 65535 25 25 17 17 2 
2780330821 2780330821 4052304425 4052304425 0 65535 514 514 17 17 4 
2780330821 2780330821 759635588 759635588 0 65535 514 514 17 17 4 
2780330821 2780330821 759663921 759663921 0 65535 514 514 17 17 4 
2780330821 2780330821 4052304424 4052304424 0 65535 514 514 17 17 4 
2780330821 2780330821 2780330930 2780330930 0 65535 143 143 6 6 1 
2780330821 2780330821 3206232666 3206232666 0 65535 69 69 17 17 2 
2780330821 2780330821 2941251854 2941251854 0 65535 9003 9003 17 17 3 
2780330821 2780330821 759683333 759683333 0 65535 69 69 17 17 0 
2780330821 2780330821 693443538 693443538 0 65535 69 69 17 17 3 
2780330821 2780330821 693443538 693443538 0 65535 514 514 6 6 4 
2801305327 2801305327 2721554664 2721554664 0 65535 69 69 6 6 0 
2800780101 2800780101 693459176 693459176 0 65535 6699 6699 17 17 3 
2800780101 2800780101 3206232666 3206232666 0 65535 514 514 17 17 2 
2800780101 2800780101 693459176 693459176 0 65535 69 69 17 17 1 
2800780101 2800780101 3206232666 3206232666 0 65535 137 137 17 17 2 
2800780101 2800780101 2800780219 2800780219 0 65535 69 69 17 17 2 
2800780101 2800780101 693459178 693459178 0 65535 9003 9003 17 17 2 
2794790163 2794790163 693459179 693459179 0 65535 143 143 6 6 3 
2794790163 2794790163 4052337415 4052337415 0 65535 514 514 17 17 3 
2794790174 2794790174 689790529 689790529 0 65535 53 53 6 6 2 
2794790174 2794790174 4052337415 4052337415 0 65535 1433 1433 17 17 1 
2794785054 2794785054 689829635 689829635 0 65535 161 161 17 17 0 
2794785054 2794785054 4052337415 4052337415 0 65535 69 69 17 17 3 
2794785054 2794785054 4052337415 4052337415 0 65535 514 514 17 17 1 
2794785054 2794785054 689831746 689831746 0 65535 514 514 17 17 2 
2794785054 2794785054 689831746 689831746 0 65535 25 25 17 17 1 
2794785054 2794785054 4052337415 4052337415 0 65535 514 514 6 6 2 
2794785046 2794785046 4052337415 4052337415 0 65535 69 69 6 6 4 
2794785046 2794785046 689869186 689869186 0 65535 69 69 17 17 0 
2794785046 2794785046 689869204 689869204 0 65535 69 69 17 17 0 
2794785046 2794785046 689869200 689869200 0 65535 25 25 17 17 0 
2794785046 2794785046 4056017459 4056017459 0 65535 25 25 17 17 1 
2794785046 2794785046 689864941 689864941 0 65535 161 161 6 6 4 
2794785043 2794785043 689864941 689864941 0 65535 6346 6346 17 17 0 
2794785043 2794785043 689864941 689864941 0 65535 514 514 17 17 2 
2794785043 2794785043 2794785205 2794785205 0 65535 69 69 17 17 1 
2794785043 2794785043 4056017459 4056017459 0 65535 137 137 17 17 4 
2937373995 2937373995 689864941 689864941 0 65535 514 514 6 6 4 
2937373995 2937373995 4056017459 4056017459 0 65535 53 53 17 17 2 
2937373995 2937373995 2794787808 2794787808 0 65535 514 514 17 17 4 
2937373995 2937373995 689864941 689864941 0 65535 113 113 17 17 3 
2937373995 2937373995 689864941 689864941 0 65535 5530 5530 17 17 0 
2937374097 2937374097 4056017459 4056017459 0 65535 69 69 17 17 1 
2937376130 2937376130 697332665 697332665 0 65535 69 69 6 6 2 
2937376130 2937376130 3206232666 3206232666 0 65535 80 80 17 17 0 
2937376133 2937376133 697332662 697332662 0 65535 69 69 17 17 1 
2937376071 2937376071 3206232666 3206232666 0 65535 32774 32774 17 17 0 
2937376071 2937376071 3206232666 3206232666 0 65535 53 53 6 6 2 
2941202122 2941202122 697338600 697338600 0 65535 514 514 17 17 3 
2941202122 2941202122 4056017459 4056017459 0 65535 69 69 17 17 1 
2941202122 2941202122 697338603 697338603 0 65535 143 143 6 6 2 
2941202161 2941202161 697451979 697451979 0 65535 80 80 17 17 3 
2941202161 2941202161 697451930 697451930 0 65535 69 69 6 6 4 
2941202161 2941202161 697451930 697451930 0 65535 162 162 17 17 2 
2941202151 2941202151 697451928 697451928 0 65535 514 514 17 17 2 
2941202157 2941202157 4056017459 4056017459 0 65535 69 69 6 6 2 
2941202157 2941202157 4056017459 4056017459 0 65535 22 22 17 17 0 
2941245797 2941245797 697470975 697470975 0 65535 5530 5530 6 6 3 
2941245796 2941245796 697470975 697470975 0 65535 113 113 17 17 1 
2941245949 2941245949 697494423 697494423 0 65535 53 53 17 17 1 
2941245079 2941245079 3206232666 3206232666 0 65535 53 53 17 17 4 
2941245079 2941245079 4056017459 4056017459 0 65535 25 25 17 17 3 
2941245079 2941245079 697493475 697493475 0 65535 69 69 6 6 4 
2941245079 2941245079 697493502 697493502 0 65535 80 80 17 17 3 
2941245079 2941245079 3206232666 3206232666 0 65535 25 25 17 17 1 
2941252043 2941252043 4056017459 4056017459 0 65535 53 53 17 17 3 
2941252043 2941252043 2941251854 2941251854 0 65535 69 69 17 17 4 
2941252043 2941252043 703535465 703535465 0 65535 137 137 17 17 0 
2941252043 2941252043 4056017459 4056017459 0 65535 80 80 17 17 3 
2941252043 2941252043 703535456 703535456 0 65535 53 53 17 17 0 
2941252043 2941252043 3206232666 3206232666 0 65535 53 53 6 6 3 
2941252043 2941252043 4056017459 4056017459 0 65535 137 137 6 6 2 
2941252043 2941252043 703535126 703535126 0 65535 69 69 17 17 4 
2941252043 2941252043 703535126 703535126 0 65535 143 143 6 6 0 
2941252043 2941252043 4056017459 4056017459 0 65535 5530 5530 17 17 4 
2941252043 2941252043 2794784886 2794784886 0 65535 53 53 6 6 3 
2941252043 2941252043 703535126 703535126 0 65535 9003 9003 17 17 4 
2941252043 2941252043 4056017459 4056017459 0 65535 32774 32774 17 17 4 
2941252043 2941252043 703535126 703535126 0 65535 514 514 17 17 2 
2941252043 2941252043 3989564022 3989564022 0 65535 6346 6346 17 17 0 
3032635910 3032635910 3206232666 3206232666 0 65535 514 514 17 17 1 
3032635910 3032635910 2524519360 2524519360 0 65535 69 69 17 17 3 
3032635910 3032635910 703535126 703535126 0 65535 514 514 6 6 1 
3032635910 3032635910 703535126 703535126 0 65535 69 69 17 17 3 
3032635910 3032635910 2941201827 2941201827 0 65535 7777 7777 6 6 0 
3032635912 3032635912 862483553 862483553 0 65535 25 25 6 6 3 
3032635912 3032635912 3032636067 3032636067 0 65535 514 514 6 6 1 
3032635912 3032635912 3989468290 3989468290 0 65535 514 514 17 17 3 
3032635912 3032635912 3206232666 3206232666 0 65535 80 80 6 6 3 
3032635912 3032635912 857036874 857036874 0 65535 5510 5510 17 17 2 
3032635912 3032635912 857036984 857036984 0 65535 69 69 17 17 1 
3032613411 3032613411 888265931 888265931 0 65535 80 80 6 6 1 
3032613411 3032613411 888265931 888265931 0 65535 5540 5540 17 17 3 
3032613411 3032613411 3958664528 3958664528 0 65535 69 69 17 17 2 
3032613411 3032613411 888266976 888266976 0 65535 137 137 17 17 2 
3032613411 3032613411 3958664528 3958664528 0 65535 119 119 17 17 1 
3032613411 3032613411 888267612 888267612 0 65535 514 514 17 17 0 
3032613411 3032613411 3958664528 3958664528 0 65535 53 53 17 17 2 
3032613411 3032613411 888267524 888267524 0 65535 22 22 17 17 2 
3032613411 3032613411 3032636067 3032636067 0 65535 514 514 17 17 0 
3032613411 3032613411 3958664528 3958664528 0 65535 80 80 6 6 1 
3032613411 3032613411 3024622964 3024622964 0 65535 80 80 6 6 4 
3032613411 3032613411 875474164 875474164 0 65535 80 80 17 17 3 
3032613411 3032613411 875474164 875474164 0 65535 514 514 17 17 0 
3032613411 3032613411 875474164 875474164 0 65535 25 25 17 17 1 
3032613411 3032613411 3958664528 3958664528 0 65535 80 80 17 17 1 
3032613411 3032613411 2941245223 2941245223 0 65535 25 25 17 17 0 
3032613411 3032613411 3958664528 3958664528 0 65535 514 514 17 17 3 
3032613411 3032613411 875331993 875331993 0 65535 9003 9003 6 6 0 
3032613411 3032613411 875332012 875332012 0 65535 53 53 6 6 1 
3032613411 3032613411 875332002 875332002 0 65535 143 143 17 17 2 
3032613411 3032613411 877910337 877910337 0 65535 514 514 6 6 1 
3032613411 3032613411 3958664528 3958664528 0 65535 137 137 17 17 0 
3032613411 3032613411 877910350 877910350 0 65535 22 22 6 6 1 
3032613411 3032613411 877910350 877910350 0 65535 161 161 6 6 2 
3032613411 3032613411 3028708932 3028708932 0 65535 1645 1645 17 17 1 
3032613411 3032613411 877910350 877910350 0 65535 1433 1433 6 6 2 
3032613411 3032613411 877897562 877897562 0 65535 5500 5500 17 17 0 
3032613411 3032613411 2941251920 2941251920 0 65535 69 69 6 6 0 
3032613411 3032613411 2975768219 2975768219 0 65535 524 524 17 17 1 
3032613411 3032613411 945863614 945863614 0 65535 514 514 17 17 2 
3032613411 3032613411 945863614 945863614 0 65535 514 514 6 6 3 
3187439021 3187439021 945863614 945863614 0 65535 137 137 17 17 2 
3187566027 3187566027 945863614 945863614 0 65535 23 23 17 17 3 
3181673549 3181673549 945863614 945863614 0 65535 69 69 17 17 2 
3181673549 3181673549 945863614 945863614 0 65535 514 514 17 17 0 
3173919338 3173919338 945863614 945863614 0 65535 9003 9003 17 17 4 
3173919338 3173919338 945863614 945863614 0 65535 69 69 17 17 2 
3172333075 3172333075 2941251920 2941251920 0 65535 514 514 6 6 4 
3172285886 3172285886 945863614 945863614 0 65535 69 69 17 17 3 
3172285886 3172285886 945863614 945863614 0 65535 1433 1433 17 17 1 
3172285886 3172285886 3950527655 3950527655 0 65535 514 514 17 17 4 
3172285886 3172285886 3172294036 3172294036 0 65535 69 69 17 17 2 
3172275814 3172275814 945863614 945863614 0 65535 161 161 17 17 1 
3172270791 3172270791 945863614 945863614 0 65535 514 514 17 17 1 
3172270808 3172270808 945863614 945863614 0 65535 80 80 17 17 4 
3172270808 3172270808 3950585676 3950585676 0 65535 514 514 17 17 4 
3172270815 3172270815 3172270596 3172270596 0 65535 9003 9003 17 17 3 
3172270815 3172270815 3176797552 3176797552 0 65535 69 69 17 17 2 
3209011210 3209011210 945863614 945863614 0 65535 514 514 17 17 3 
3209011210 3209011210 2941251921 2941251921 0 65535 53 53 6 6 4 
3209011215 3209011215 945863614 945863614 0 65535 5540 5540 17 17 4 
3209011215 3209011215 945863614 945863614 0 65535 5520 5520 17 17 0 
3204932502 3204932502 3784689995 3784689995 0 65535 80 80 17 17 2 
3204932502 3204932502 945863614 945863614 0 65535 9003 9003 6 6 0 
3204932502 3204932502 1014376446 1014376446 0 65535 161 161 17 17 4 
3204960873 3204960873 3784690142 3784690142 0 65535 514 514 17 17 4 
3206255928 3206255928 3784690142 3784690142 0 65535 32774 32774 17 17 2 
3206255928 3206255928 3145700749 3145700749 0 65535 9003 9003 17 17 0 
3206255928 3206255928 1014376392 1014376392 0 65535 4899 4899 17 17 0 
3206255928 3206255928 1014376392 1014376392 0 65535 514 514 17 17 1 
3206255928 3206255928 2941251855 2941251855 0 65535 143 143 17 17 0 
3206255928 3206255928 3784690531 3784690531 0 65535 514 514 17 17 1 
3206255928 3206255928 1014376392 1014376392 0 65535 69 69 17 17 3 
3206255928 3206255928 1014376392 1014376392 0 65535 5510 5510 6 6 4 
3206255928 3206255928 3784690531 3784690531 0 65535 139 139 17 17 2 
3206255928 3206255928 1014376392 1014376392 0 65535 9003 9003 17 17 0 
3206255928 3206255928 3032636067 3032636067 0 65535 162 162 17 17 4 
3206255928 3206255928 2941251854 2941251854 0 65535 53 53 6 6 4 
3206255928 3206255928 1009856509 1009856509 0 65535 80 80 17 17 0 
3206255928 3206255928 3784690533 3784690533 0 65535 80 80 17 17 2 
3206255928 3206255928 3784650233 3784650233 0 65535 9003 9003 17 17 4 
2528003473 2528003473 1009856509 1009856509 0 65535 1645 1645 17 17 1 
2527134905 2527134905 1009856511 1009856511 0 65535 25 25 17 17 0 
2527155968 2527155968 1009856511 1009856511 0 65535 80 80 17 17 3 
2529496490 2529496490 3784650233 3784650233 0 65535 80 80 6 6 1 
2529513768 2529513768 2443801812 2443801812 0 65535 514 514 17 17 1 
2529513769 2529513769 1009856511 1009856511 0 65535 137 137 17 17 0 
2529484938 2529484938 2278438907 2278438907 0 65535 80 80 17 17 2 
2531473574 2531473574 2278438907 2278438907 0 65535 53 53 6 6 4 
2531473574 2531473574 2443801812 2443801812 0 65535 9003 9003 6 6 4 
2531473574 2531473574 3784650233 3784650233 0 65535 69 69 17 17 1 
2531471137 2531471137 1009856511 1009856511 0 65535 514 514 17 17 1 
2531471138 2531471138 2278438907 2278438907 0 65535 53 53 17 17 0 
2531471143 2531471143 3784650233 3784650233 0 65535 514 514 17 17 0 
2524534144 2524534144 1009859760 1009859760 0 65535 22 22 17 17 0 
2524573215 2524573215 1009859760 1009859760 0 65535 5500 5500 17 17 4 
2524573215 2524573215 1009859760 1009859760 0 65535 5550 5550 17 17 3 
2524573215 2524573215 1009859760 1009859760 0 65535 69 69 17 17 0 
2524573215 2524573215 2531471195 2531471195 0 65535 69 69 6 6 4 
2524573215 2524573215 3784650233 3784650233 0 65535 25 25 17 17 2 
2524573215 2524573215 3784650233 3784650233 0 65535 69 69 17 17 3 
2520193115 2520193115 2278475162 2278475162 0 65535 1646 1646 17 17 3 
2520193115 2520193115 1009859760 1009859760 0 65535 1433 1433 17 17 3 
2520193115 2520193115 2278475140 2278475140 0 65535 514 514 17 17 4 
2520193115 2520193115 3784650233 3784650233 0 65535 1646 1646 17 17 0 
2520193115 2520193115 3836195611 3836195611 0 65535 8875 8875 17 17 4 
2520193115 2520193115 1022413484 1022413484 0 65535 53 53 17 17 4 
2520193115 2520193115 1022413484 1022413484 0 65535 80 80 17 17 2 
2520193115 2520193115 2941201829 2941201829 0 65535 80 80 6 6 0 
2520193115 2520193115 1022413484 1022413484 0 65535 137 137 17 17 1 
2520193115 2520193115 3836195611 3836195611 0 65535 69 69 6 6 4 
2520193115 2520193115 1022413484 1022413484 0 65535 7000 7000 6 6 1 
2520193115 2520193115 1022413484 1022413484 0 65535 7000 7000 17 17 1 
2520193115 2520193115 1022413484 1022413484 0 65535 514 514 17 17 2 
2520193115 2520193115 1022413484 1022413484 0 65535 162 162 17 17 3 
2520193115 2520193115 1022413484 1022413484 0 65535 69 69 17 17 0 
2520193115 2520193115 3836195611 3836195611 0 65535 69 69 17 17 4 
2520193115 2520193115 2531471195 2531471195 0 65535 143 143 17 17 0 
2520193115 2520193115 3836195611 3836195611 0 65535 514 514 17 17 2 
2520193115 2520193115 2524534370 2524534370 0 65535 514 514 17 17 1 
2520193115 2520193115 2443801812 2443801812 0 65535 53 53 17 17 3 
2520193115 2520193115 2680316362 2680316362 0 65535 25 25 6 6 2 
2520193115 2520193115 2680316366 2680316366 0 65535 69 69 17 17 0 
2520193115 2520193115 1017597198 1017597198 0 65535 514 514 17 17 0 
2594217444 2594217444 3836195611 3836195611 0 65535 22 22 17 17 3 
2594217444 2594217444 3836195611 3836195611 0 65535 514 514 17 17 3 
2594217444 2594217444 3836195611 3836195611 0 65535 9003 9003 17 17 3 
2594217444 2594217444 2278475078 2278475078 0 65535 1433 1433 17 17 2 
2594217444 2594217444 1017592916 1017592916 0 65535 69 69 17 17 3 
2594217444 2594217444 1017592865 1017592865 0 65535 514 514 17 17 2 
2594217444 2594217444 3836195611 3836195611 0 65535 514 514 6 6 1 
2594217444 2594217444 1017592875 1017592875 0 65535 113 113 17 17 3 
2594217444 2594217444 365832413 365832413 0 65535 80 80 6 6 1 
2594217444 2594217444 2598746569 2598746569 0 65535 22 22 6 6 4 
2680303054 2680303054 332546972 332546972 0 65535 69 69 17 17 1 
2680303054 2680303054 3867175460 3867175460 0 65535 53 53 6 6 2 
2680303054 2680303054 332551836 332551836 0 65535 139 139 17 17 2 
2680293593 2680293593 2524534372 2524534372 0 65535 69 69 17 17 0 
2680296669 2680296669 332402004 332402004 0 65535 69 69 17 17 4 
2680296669 2680296669 3867175460 3867175460 0 65535 53 53 17 17 3 
2680296669 2680296669 3867175460 3867175460 0 65535 161 161 6 6 4 
2680296671 2680296671 332453041 332453041 0 65535 9003 9003 6 6 1 
2680296671 2680296671 332452885 332452885 0 65535 80 80 17 17 0 
2680296671 2680296671 2672980581 2672980581 0 65535 25 25 17 17 3 
2680296671 2680296671 286600461 286600461 0 65535 514 514 6 6 4 
2680316003 2680316003 3867175460 3867175460 0 65535 137 137 6 6 4 
2680316003 2680316003 286600461 286600461 0 65535 69 69 17 17 2 
2680316003 2680316003 286600461 286600461 0 65535 69 69 6 6 4 
2680316003 2680316003 286600461 286600461 0 65535 143 143 17 17 3 
2680316003 2680316003 286600468 286600468 0 65535 80 80 17 17 1 
2680316003 2680316003 286600468 286600468 0 65535 123 123 6 6 2 
2680316003 2680316003 286600468 286600468 0 65535 53 53 17 17 0 
2680316003 2680316003 2278462956 2278462956 0 65535 53 53 17 17 2 
2680316003 2680316003 3867175462 3867175462 0 65535 53 53 17 17 0 
2680318515 2680318515 286600475 286600475 0 65535 53 53 17 17 3 
2680318515 2680318515 286600475 286600475 0 65535 137 137 17 17 0 
2680318515 2680318515 286600475 286600475 0 65535 6970 6970 17 17 4 
2680318514 2680318514 2587972256 2587972256 0 65535 514 514 17 17 3 
2680318514 2680318514 295686535 295686535 0 65535 69 69 6 6 1 
2680318513 2680318513 295647310 295647310 0 65535 22 22 17 17 0 
2680318513 2680318513 295647325 295647325 0 65535 9003 9003 17 17 3 
2680318513 2680318513 2680349961 2680349961 0 65535 80 80 6 6 1 
2680318513 2680318513 295646671 295646671 0 65535 514 514 6 6 3 
2274732688 2274732688 2265142981 2265142981 0 65535 135 135 6 6 0 
2274732688 2274732688 301680210 301680210 0 65535 5500 5500 17 17 4 
2274732688 2274732688 2150978206 2150978206 0 65535 514 514 6 6 0 
2274732688 2274732688 301680210 301680210 0 65535 139 139 6 6 2 
2274732688 2274732688 301680210 301680210 0 65535 514 514 17 17 2 
2274732688 2274732688 301680216 301680216 0 65535 25 25 17 17 2 
2274732691 2274732691 301680329 301680329 0 65535 514 514 17 17 2 
2274732691 2274732691 2524519365 2524519365 0 65535 53 53 6 6 4 
2274732691 2274732691 2524519365 2524519365 0 65535 80 80 17 17 1 
2274732691 2274732691 506284872 506284872 0 65535 4899 4899 17 17 0 
2274732691 2274732691 3873566819 3873566819 0 65535 69 69 17 17 4 
2278462761 2278462761 3873566819 3873566819 0 65535 53 53 17 17 3 
2278462761 2278462761 506284872 506284872 0 65535 25 25 17 17 0 
2278462761 2278462761 506284872 506284872 0 65535 53 53 17 17 3 
2278462761 2278462761 3873566819 3873566819 0 65535 69 69 17 17 1 
2278462761 2278462761 506284879 506284879 0 65535 69 69 6 6 2 
2278462761 2278462761 2524518594 2524518594 0 65535 69 69 17 17 4 
2278462761 2278462761 3873566819 3873566819 0 65535 53 53 6 6 2 
2278462729 2278462729 2524518594 2524518594 0 65535 1214 1214 17 17 4 
2278462729 2278462729 3873566819 3873566819 0 65535 9003 9003 17 17 3 
2278462729 2278462729 506284879 506284879 0 65535 53 53 17 17 4 
2278462729 2278462729 468709627 468709627 0 65535 80 80 17 17 0 
2278462728 2278462728 2524518594 2524518594 0 65535 53 53 6 6 2 
2278462728 2278462728 468709627 468709627 0 65535 25 25 17 17 4 
2278462728 2278462728 3873566819 3873566819 0 65535 80 80 17 17 2 
2278462728 2278462728 3861810846 3861810846 0 65535 7000 7000 17 17 1 
2278462728 2278462728 468709627 468709627 0 65535 80 80 6 6 1 
2278462728 2278462728 3861811717 3861811717 0 65535 514 514 17 17 2 
2278462728 2278462728 2278462938 2278462938 0 65535 69 69 6 6 4 
2278462728 2278462728 468709627 468709627 0 65535 1433 1433 17 17 2 
2278462728 2278462728 468709627 468709627 0 65535 69 69 6 6 2 
2278462728 2278462728 468709627 468709627 0 65535 137 137 17 17 1 
2341422918 2341422918 2278462913 2278462913 0 65535 80 80 17 17 1 
2341422918 2341422918 2341423064 2341423064 0 65535 9003 9003 17 17 4 
2341422918 2341422918 468469842 468469842 0 65535 9003 9003 17 17 3 
2341422918 2341422918 468469842 468469842 0 65535 514 514 6 6 1 
2341422918 2341422918 3861903352 3861903352 0 65535 53 53 17 17 3 
2341422918 2341422918 3861903235 3861903235 0 65535 69 69 17 17 1 
2341422918 2341422918 2341423083 2341423083 0 65535 53 53 17 17 1 
2341422918 2341422918 468470415 468470415 0 65535 9003 9003 17 17 3 
2341422918 2341422918 3861903235 3861903235 0 65535 119 119 17 17 3 
2341422918 2341422918 2351932108 2351932108 0 65535 514 514 6 6 4 
2341422918 2341422918 2341423087 2341423087 0 65535 162 162 17 17 1 
2341422918 2341422918 468469628 468469628 0 65535 1433 1433 17 17 0 
2341422918 2341422918 3861756482 3861756482 0 65535 69 69 17 17 1 
2341422918 2341422918 3861756573 3861756573 0 65535 69 69 17 17 1 
2335095044 2335095044 3861753938 3861753938 0 65535 9003 9003 17 17 3 
2334318773 2334318773 468496390 468496390 0 65535 119 119 17 17 2 
2334318773 2334318773 468496390 468496390 0 65535 69 69 6 6 4 
2334318773 2334318773 468496391 468496391 0 65535 53 53 17 17 3 
2334318773 2334318773 2524536777 2524536777 0 65535 80 80 17 17 4 
2334318773 2334318773 3861753938 3861753938 0 65535 5500 5500 17 17 3 
2337428385 2337428385 3861770430 3861770430 0 65535 6970 6970 17 17 1 
2337428384 2337428384 468496388 468496388 0 65535 143 143 17 17 0 
2338475691 2338475691 3861770430 3861770430 0 65535 514 514 17 17 1 
2338475691 2338475691 2941201827 2941201827 0 65535 514 514 17 17 0 
2338475691 2338475691 468496388 468496388 0 65535 25 25 6 6 2 
2338475691 2338475691 3864503007 3864503007 0 65535 514 514 17 17 1 
2338475691 2338475691 468496388 468496388 0 65535 80 80 17 17 0 
2338475691 2338475691 2524536668 2524536668 0 65535 1433 1433 17 17 1 
2338475691 2338475691 3864503020 3864503020 0 65535 69 69 17 17 1 
2338475691 2338475691 453992705 453992705 0 65535 123 123 17 17 0 
2338475690 2338475690 2524536668 2524536668 0 65535 69 69 17 17 3 
2338475690 2338475690 3864415390 3864415390 0 65535 162 162 17 17 2 
2338475690 2338475690 3864415390 3864415390 0 65535 119 119 6 6 2 
2338475690 2338475690 2524534373 2524534373 0 65535 53 53 17 17 1 
2338475690 2338475690 453992707 453992707 0 65535 80 80 17 17 4 
2338475690 2338475690 454024316 454024316 0 65535 53 53 17 17 0 
2338475690 2338475690 454024316 454024316 0 65535 9003 9003 17 17 0 
2338475690 2338475690 454024316 454024316 0 65535 8875 8875 17 17 2 
295646530 295646530 1195242461 1195242461 0 65535 9003 9003 17 17 0 
295646530 295646530 3218281401 3218281401 0 65535 5510 5510 17 17 4 
295646530 295646530 1195242461 1195242461 0 65535 1645 1645 17 17 2 
295646530 295646530 286600475 286600475 0 65535 69 69 17 17 2 
295646530 295646530 1195242461 1195242461 0 65535 5631 5631 17 17 2 
295646530 295646530 3218281401 3218281401 0 65535 69 69 17 17 1 
295646530 295646530 1195242461 1195242461 0 65535 53 53 17 17 1 
301670297 301670297 3218281401 3218281401 0 65535 53 53 17 17 3 
301670297 301670297 3218281401 3218281401 0 65535 80 80 6 6 0 
301670297 301670297 332452888 332452888 0 65535 80 80 17 17 3 
301670297 301670297 1195242461 1195242461 0 65535 69 69 6 6 4 
301670297 301670297 3218281401 3218281401 0 65535 9003 9003 17 17 1 
301668071 301668071 3218281401 3218281401 0 65535 53 53 17 17 4 
0 4294967295 0 4294967295 0 65535 0 65535 0 255 0 
