301668071 301668071 3209003701 3209003701 0 65535 514 514 17 17 2 
301668071 301668071 301702817 301702817 0 65535 69 69 6 6 4 
301668071 301668071 459024959 459024959 0 65535 445 445 17 17 4 
301668071 301668071 1195242461 1195242461 0 65535 25 25 6 6 4 
301668071 301668071 1195242461 1195242461 0 65535 69 69 17 17 4 
301668071 301668071 1195242461 1195242461 0 65535 514 514 17 17 2 
301668071 301668071 286600475 286600475 0 65535 162 162 17 17 3 
301668071 301668071 3209011768 3209011768 0 65535 1646 1646 6 6 3 
301668071 301668071 3209011761 3209011761 0 65535 69 69 17 17 3 
301668071 301668071 459025063 459025063 0 65535 514 514 17 17 3 
301680254 301680254 295646694 295646694 0 65535 514 514 17 17 0 
301680254 301680254 3208988952 3208988952 0 65535 137 137 17 17 0 
301680254 301680254 1452564752 1452564752 0 65535 1646 1646 6 6 4 
301680254 301680254 1452564745 1452564745 0 65535 162 162 17 17 3 
301680254 301680254 3208988958 3208988958 0 65535 514 514 17 17 1 
301680254 301680254 1452564745 1452564745 0 65535 69 69 17 17 1 
301680254 301680254 3208988940 3208988940 0 65535 514 514 17 17 2 
301680254 301680254 73174351 73174351 0 65535 7000 7000 6 6 2 
301680254 301680254 3208988940 3208988940 0 65535 5550 5550 17 17 1 
301680254 301680254 73174351 73174351 0 65535 514 514 6 6 0 
301680254 301680254 3208988940 3208988940 0 65535 9003 9003 6 6 4 
301680254 301680254 1452564743 1452564743 0 65535 80 80 6 6 2 
301680254 301680254 3208988940 3208988940 0 65535 69 69 17 17 3 
301680254 301680254 459025046 459025046 0 65535 9003 9003 6 6 3 
301680254 301680254 3208988940 3208988940 0 65535 2549 2549 6 6 1 
301680254 301680254 1452564874 1452564874 0 65535 25 25 17 17 2 
301680254 301680254 3206195962 3206195962 0 65535 514 514 17 17 1 
301680254 301680254 3206195960 3206195960 0 65535 53 53 17 17 1 
301680254 301680254 3206195960 3206195960 0 65535 1433 1433 17 17 3 
301680254 301680254 1452564874 1452564874 0 65535 5631 5631 17 17 2 
301680254 301680254 73174351 73174351 0 65535 119 119 17 17 2 
301680254 301680254 1452543716 1452543716 0 65535 119 119 17 17 3 
301680254 301680254 3206256039 3206256039 0 65535 80 80 17 17 0 
301680254 301680254 3206256039 3206256039 0 65535 25 25 6 6 0 
301680254 301680254 3206256039 3206256039 0 65535 22 22 17 17 1 
301680254 301680254 1400532168 1400532168 0 65535 53 53 17 17 4 
301680254 301680254 1400532168 1400532168 0 65535 143 143 6 6 2 
301680254 301680254 1400532168 1400532168 0 65535 1433 1433 17 17 0 
301680254 301680254 3206256047 3206256047 0 65535 161 161 17 17 0 
301680254 301680254 3206256047 3206256047 0 65535 9003 9003 17 17 1 
301680254 301680254 301680344 301680344 0 65535 514 514 6 6 4 
301680254 301680254 3206256047 3206256047 0 65535 514 514 17 17 1 
301680254 301680254 1400532560 1400532560 0 65535 53 53 6 6 0 
468471315 468471315 3206256047 3206256047 0 65535 69 69 17 17 3 
468471315 468471315 3206256047 3206256047 0 65535 53 53 17 17 1 
468472927 468472927 3206256047 3206256047 0 65535 9003 9003 17 17 1 
468472924 468472924 73174891 73174891 0 65535 9003 9003 17 17 4 
468472924 468472924 301680344 301680344 0 65535 69 69 17 17 0 
468472924 468472924 73174891 73174891 0 65535 135 135 17 17 1 
468482049 468482049 3206232666 3206232666 0 65535 69 69 6 6 1 
468482085 468482085 1400532561 1400532561 0 65535 69 69 17 17 2 
468482085 468482085 468496388 468496388 0 65535 9003 9003 17 17 4 
468482085 468482085 2721554664 2721554664 0 65535 69 69 17 17 4 
458719546 458719546 2721554664 2721554664 0 65535 80 80 17 17 3 
459024943 459024943 459025046 459025046 0 65535 123 123 6 6 1 
459024943 459024943 1355722155 1355722155 0 65535 22 22 6 6 2 
459024935 459024935 301680344 301680344 0 65535 1433 1433 17 17 3 
459024935 459024935 2783967042 2783967042 0 65535 5631 5631 17 17 1 
459024935 459024935 2780330782 2780330782 0 65535 80 80 17 17 0 
459024935 459024935 2780330804 2780330804 0 65535 9003 9003 17 17 0 
459024935 459024935 73174891 73174891 0 65535 135 135 17 17 2 
458194620 458194620 458194551 458194551 0 65535 25 25 6 6 2 
458194622 458194622 1355715591 1355715591 0 65535 9003 9003 17 17 2 
458194622 458194622 2791114586 2791114586 0 65535 69 69 6 6 1 
458181599 458181599 2791114562 2791114562 0 65535 9003 9003 6 6 0 
458181599 458181599 1355715705 1355715705 0 65535 69 69 17 17 0 
458181599 458181599 2791114563 2791114563 0 65535 25 25 17 17 2 
458181599 458181599 2791114198 2791114198 0 65535 80 80 17 17 0 
458219407 458219407 1355715705 1355715705 0 65535 9003 9003 17 17 3 
458219407 458219407 2791168427 2791168427 0 65535 80 80 17 17 1 
458219407 458219407 1355715705 1355715705 0 65535 69 69 6 6 3 
458219407 458219407 2791168420 2791168420 0 65535 80 80 17 17 2 
458219407 458219407 73196839 73196839 0 65535 500 500 17 17 2 
458214907 458214907 2791168420 2791168420 0 65535 9003 9003 17 17 1 
458214907 458214907 2800958389 2800958389 0 65535 6970 6970 17 17 0 
458214907 458214907 1355715705 1355715705 0 65535 80 80 6 6 1 
458214907 458214907 301680344 301680344 0 65535 139 139 17 17 3 
458214907 458214907 73203256 73203256 0 65535 514 514 6 6 3 
458214907 458214907 2794843376 2794843376 0 65535 80 80 17 17 3 
458214907 458214907 2794843376 2794843376 0 65535 514 514 6 6 0 
458214907 458214907 2794843376 2794843376 0 65535 135 135 17 17 0 
458214907 458214907 2794809786 2794809786 0 65535 5550 5550 17 17 2 
458214907 458214907 1350228363 1350228363 0 65535 25 25 17 17 4 
33200957 33200957 459043689 459043689 0 65535 6699 6699 6 6 0 
33200957 33200957 459043689 459043689 0 65535 514 514 6 6 2 
33200956 33200956 2883775182 2883775182 0 65535 162 162 17 17 1 
33200956 33200956 459043664 459043664 0 65535 514 514 17 17 4 
33235272 33235272 73200799 73200799 0 65535 161 161 17 17 3 
33231675 33231675 2883771783 2883771783 0 65535 53 53 6 6 1 
33231675 33231675 33231765 33231765 0 65535 514 514 17 17 1 
33231675 33231675 2883771783 2883771783 0 65535 143 143 17 17 4 
33231675 33231675 1350228411 1350228411 0 65535 514 514 6 6 4 
33156070 33156070 73200799 73200799 0 65535 53 53 6 6 4 
33156070 33156070 459043772 459043772 0 65535 5540 5540 17 17 0 
33156070 33156070 1343090795 1343090795 0 65535 80 80 6 6 2 
33104760 33104760 1343090795 1343090795 0 65535 113 113 17 17 1 
33104760 33104760 1343090795 1343090795 0 65535 69 69 17 17 0 
33110379 33110379 2883742270 2883742270 0 65535 113 113 17 17 1 
33110379 33110379 459043772 459043772 0 65535 1723 1723 17 17 3 
33110379 33110379 459043772 459043772 0 65535 53 53 17 17 0 
33110341 33110341 1343032218 1343032218 0 65535 69 69 17 17 0 
33110341 33110341 459043764 459043764 0 65535 514 514 17 17 3 
33110340 33110340 2883742388 2883742388 0 65535 514 514 6 6 4 
33110340 33110340 2883742388 2883742388 0 65535 500 500 17 17 3 
33110340 33110340 1343032249 1343032249 0 65535 80 80 17 17 3 
73200725 73200725 2883742388 2883742388 0 65535 5540 5540 17 17 4 
73200725 73200725 1343057208 1343057208 0 65535 9003 9003 17 17 0 
73200725 73200725 2883742396 2883742396 0 65535 1646 1646 17 17 3 
73200725 73200725 33155986 33155986 0 65535 137 137 17 17 0 
73200725 73200725 70725286 70725286 0 65535 53 53 17 17 3 
73200725 73200725 459043764 459043764 0 65535 162 162 17 17 1 
73200725 73200725 33155986 33155986 0 65535 7777 7777 17 17 3 
73200725 73200725 1493567471 1493567471 0 65535 8875 8875 17 17 3 
73250064 73250064 2950214740 2950214740 0 65535 9003 9003 6 6 2 
73250064 73250064 2950214740 2950214740 0 65535 119 119 17 17 1 
73250064 73250064 2950214740 2950214740 0 65535 69 69 17 17 3 
73250064 73250064 2950214736 2950214736 0 65535 1646 1646 17 17 0 
73250064 73250064 1493567137 1493567137 0 65535 9003 9003 17 17 0 
73250064 73250064 2950214736 2950214736 0 65535 25 25 17 17 1 
73250064 73250064 2950214736 2950214736 0 65535 113 113 17 17 0 
73250064 73250064 2950214736 2950214736 0 65535 69 69 17 17 3 
73250064 73250064 73209358 73209358 0 65535 514 514 17 17 4 
73250064 73250064 2950214736 2950214736 0 65535 2549 2549 17 17 0 
73250064 73250064 1493605455 1493605455 0 65535 69 69 17 17 3 
73250064 73250064 240838968 240838968 0 65535 25 25 6 6 4 
73250064 73250064 2950175612 2950175612 0 65535 25 25 17 17 3 
240788568 240788568 1017593841 1017593841 0 65535 514 514 6 6 1 
240788568 240788568 459023423 459023423 0 65535 139 139 17 17 4 
240788568 240788568 459023423 459023423 0 65535 69 69 17 17 2 
240788568 240788568 2950175562 2950175562 0 65535 9003 9003 17 17 2 
240788568 240788568 1493605485 1493605485 0 65535 80 80 17 17 1 
240788568 240788568 1493605484 1493605484 0 65535 80 80 17 17 1 
240788568 240788568 1493503441 1493503441 0 65535 69 69 17 17 2 
240788568 240788568 134321579 134321579 0 65535 1433 1433 17 17 4 
240788568 240788568 2950175692 2950175692 0 65535 9003 9003 17 17 1 
240788568 240788568 459023423 459023423 0 65535 5500 5500 6 6 3 
240788568 240788568 2950175690 2950175690 0 65535 1646 1646 17 17 4 
240788568 240788568 2950175690 2950175690 0 65535 514 514 17 17 2 
240788568 240788568 1493503441 1493503441 0 65535 53 53 6 6 3 
240788568 240788568 2950175684 2950175684 0 65535 69 69 17 17 4 
240730638 240730638 2950175684 2950175684 0 65535 5520 5520 6 6 2 
240730638 240730638 2950175684 2950175684 0 65535 69 69 6 6 1 
240730638 240730638 2950175684 2950175684 0 65535 25 25 6 6 0 
240730638 240730638 2950175684 2950175684 0 65535 123 123 17 17 3 
240730639 240730639 1493503454 1493503454 0 65535 9003 9003 6 6 4 
240730639 240730639 2950175684 2950175684 0 65535 9003 9003 6 6 4 
240730639 240730639 2950175684 2950175684 0 65535 1433 1433 17 17 4 
240730639 240730639 2937338726 2937338726 0 65535 69 69 17 17 0 
240730639 240730639 2937338726 2937338726 0 65535 162 162 17 17 2 
240714862 240714862 240715762 240715762 0 65535 161 161 17 17 1 
240714862 240714862 2937338726 2937338726 0 65535 25 25 17 17 3 
240714862 240714862 73200799 73200799 0 65535 514 514 17 17 1 
240714862 240714862 2937338726 2937338726 0 65535 9003 9003 17 17 0 
240714862 240714862 2937338726 2937338726 0 65535 514 514 17 17 0 
240714863 240714863 2937373996 2937373996 0 65535 514 514 17 17 2 
240714863 240714863 459023423 459023423 0 65535 514 514 17 17 3 
240714863 240714863 1493555826 1493555826 0 65535 514 514 6 6 4 
240714863 240714863 459023423 459023423 0 65535 4899 4899 17 17 3 
240714863 240714863 2937373955 2937373955 0 65535 514 514 6 6 3 
240714863 240714863 2937373955 2937373955 0 65535 53 53 17 17 3 
240714863 240714863 2937373955 2937373955 0 65535 5500 5500 6 6 3 
240714857 240714857 2937370818 2937370818 0 65535 1433 1433 17 17 0 
240714857 240714857 1017593852 1017593852 0 65535 123 123 6 6 2 
240714857 240714857 459024928 459024928 0 65535 53 53 17 17 1 
240714857 240714857 2937370862 2937370862 0 65535 69 69 17 17 0 
240714857 240714857 2937370789 2937370789 0 65535 6699 6699 6 6 1 
240714857 240714857 2937370789 2937370789 0 65535 80 80 17 17 0 
240714857 240714857 2937370779 2937370779 0 65535 7000 7000 17 17 1 
240714857 240714857 2937370779 2937370779 0 65535 1433 1433 17 17 3 
240714859 240714859 2937370779 2937370779 0 65535 2549 2549 6 6 3 
240714859 240714859 2941071500 2941071500 0 65535 1433 1433 17 17 0 
240714859 240714859 1493555786 1493555786 0 65535 514 514 17 17 2 
240714859 240714859 2941071500 2941071500 0 65535 53 53 17 17 3 
240714859 240714859 2941071607 2941071607 0 65535 1433 1433 17 17 4 
240714859 240714859 73200799 73200799 0 65535 80 80 17 17 0 
240714859 240714859 2941066498 2941066498 0 65535 69 69 17 17 3 
897904159 897904159 703550911 703550911 0 65535 514 514 17 17 2 
887375684 887375684 1493555786 1493555786 0 65535 161 161 6 6 3 
887375710 887375710 2941066530 2941066530 0 65535 25 25 17 17 0 
887375710 887375710 1493555786 1493555786 0 65535 69 69 17 17 4 
877873032 877873032 2941066530 2941066530 0 65535 514 514 6 6 3 
877217370 877217370 1563154434 1563154434 0 65535 80 80 17 17 2 
877217370 877217370 1563154435 1563154435 0 65535 514 514 17 17 2 
877217370 877217370 2941201807 2941201807 0 65535 69 69 6 6 0 
877217361 877217361 1563154432 1563154432 0 65535 25 25 17 17 1 
877217361 877217361 703550908 703550908 0 65535 5540 5540 17 17 4 
877217361 877217361 2351952174 2351952174 0 65535 53 53 6 6 0 
857021075 857021075 2351952232 2351952232 0 65535 514 514 17 17 0 
857021075 857021075 1017613871 1017613871 0 65535 9003 9003 17 17 4 
857021075 857021075 2351952232 2351952232 0 65535 1433 1433 6 6 4 
857036859 857036859 2351932108 2351932108 0 65535 137 137 17 17 1 
857036859 857036859 703550859 703550859 0 65535 137 137 6 6 4 
857036859 857036859 877897559 877897559 0 65535 143 143 6 6 1 
857036859 857036859 857036984 857036984 0 65535 514 514 17 17 4 
857036859 857036859 2338496781 2338496781 0 65535 69 69 17 17 0 
858735176 858735176 2338496795 2338496795 0 65535 7000 7000 17 17 1 
858735176 858735176 1567941634 1567941634 0 65535 1723 1723 17 17 4 
858735176 858735176 2334195502 2334195502 0 65535 69 69 17 17 2 
858735176 858735176 703550859 703550859 0 65535 9003 9003 17 17 0 
858735176 858735176 703550859 703550859 0 65535 69 69 17 17 2 
858735176 858735176 2334188788 2334188788 0 65535 119 119 17 17 0 
858735176 858735176 2334318818 2334318818 0 65535 69 69 6 6 0 
858735176 858735176 2334318818 2334318818 0 65535 9003 9003 17 17 1 
858735176 858735176 2334318599 2334318599 0 65535 69 69 17 17 0 
858735176 858735176 2334318599 2334318599 0 65535 137 137 6 6 3 
858735176 858735176 1567941693 1567941693 0 65535 5540 5540 17 17 1 
858735176 858735176 1567941693 1567941693 0 65535 514 514 17 17 4 
858735176 858735176 1567941693 1567941693 0 65535 9003 9003 17 17 1 
858735176 858735176 703550859 703550859 0 65535 514 514 6 6 2 
858735176 858735176 2346141113 2346141113 0 65535 69 69 6 6 4 
858735176 858735176 2346141113 2346141113 0 65535 514 514 17 17 0 
858735176 858735176 2346141113 2346141113 0 65535 9003 9003 17 17 3 
858735176 858735176 2346141113 2346141113 0 65535 69 69 17 17 2 
858735176 858735176 2341454337 2341454337 0 65535 69 69 6 6 0 
858735176 858735176 2341454361 2341454361 0 65535 80 80 17 17 2 
858735176 858735176 1567941688 1567941688 0 65535 5631 5631 17 17 1 
858735176 858735176 73146995 73146995 0 65535 69 69 6 6 0 
858735176 858735176 703550859 703550859 0 65535 514 514 17 17 4 
858735176 858735176 703550859 703550859 0 65535 69 69 6 6 4 
858735176 858735176 1567941688 1567941688 0 65535 514 514 6 6 1 
858735176 858735176 2341463755 2341463755 0 65535 2549 2549 17 17 3 
1009849442 1009849442 945863614 945863614 0 65535 119 119 6 6 4 
1009857467 1009857467 1009859760 1009859760 0 65535 137 137 6 6 3 
1009856335 1009856335 2341426231 2341426231 0 65535 500 500 17 17 2 
1009856350 1009856350 703550859 703550859 0 65535 69 69 17 17 1 
1009856351 1009856351 703550859 703550859 0 65535 69 69 17 17 4 
1009856280 1009856280 2341424727 2341424727 0 65535 69 69 17 17 2 
1009856280 1009856280 1567941688 1567941688 0 65535 524 524 6 6 2 
1009856280 1009856280 1009856511 1009856511 0 65535 500 500 17 17 1 
1009856280 1009856280 2155310305 2155310305 0 65535 23 23 6 6 3 
1017593638 1017593638 1017613871 1017613871 0 65535 80 80 17 17 0 
1017593638 1017593638 945863614 945863614 0 65535 514 514 6 6 4 
1017593638 1017593638 1592425264 1592425264 0 65535 69 69 17 17 1 
1017593638 1017593638 2155310305 2155310305 0 65535 25 25 6 6 3 
1017593638 1017593638 2155341122 2155341122 0 65535 514 514 6 6 2 
1017593638 1017593638 2155323574 2155323574 0 65535 514 514 17 17 0 
1017593638 1017593638 2155323572 2155323572 0 65535 80 80 6 6 2 
1017593638 1017593638 1592425264 1592425264 0 65535 161 161 6 6 2 
1017593638 1017593638 2155325917 2155325917 0 65535 514 514 6 6 3 
1017593638 1017593638 2155325917 2155325917 0 65535 9003 9003 17 17 0 
1017593638 1017593638 877897562 877897562 0 65535 25 25 17 17 2 
1017593638 1017593638 945863614 945863614 0 65535 69 69 17 17 1 
1017593638 1017593638 1592425264 1592425264 0 65535 53 53 17 17 1 
1017593638 1017593638 703550863 703550863 0 65535 69 69 17 17 2 
1017593638 1017593638 1592425264 1592425264 0 65535 137 137 17 17 1 
1017593638 1017593638 1592425264 1592425264 0 65535 80 80 17 17 0 
1017593639 1017593639 2150978206 2150978206 0 65535 514 514 17 17 0 
1017593639 1017593639 2150978206 2150978206 0 65535 1433 1433 17 17 2 
1017593639 1017593639 703550863 703550863 0 65535 139 139 17 17 3 
1017593639 1017593639 1592425264 1592425264 0 65535 9003 9003 17 17 3 
1017593639 1017593639 2150978206 2150978206 0 65535 161 161 6 6 1 
1017593639 1017593639 2150978206 2150978206 0 65535 1645 1645 6 6 1 
1017593639 1017593639 1017593823 1017593823 0 65535 161 161 17 17 0 
1017593639 1017593639 2150978206 2150978206 0 65535 514 514 6 6 4 
1017593639 1017593639 1017613871 1017613871 0 65535 53 53 17 17 3 
1017593639 1017593639 2150978206 2150978206 0 65535 53 53 17 17 3 
1017593639 1017593639 1589370302 1589370302 0 65535 80 80 17 17 3 
1017593639 1017593639 2150978206 2150978206 0 65535 80 80 17 17 3 
1017593639 1017593639 2150978206 2150978206 0 65535 21 21 17 17 4 
1017593639 1017593639 2233304861 2233304861 0 65535 80 80 17 17 1 
1017593639 1017593639 2233304858 2233304858 0 65535 500 500 17 17 3 
1017593639 1017593639 2233305068 2233305068 0 65535 139 139 6 6 3 
1017593639 1017593639 2233305068 2233305068 0 65535 9003 9003 6 6 4 
1017593639 1017593639 2233304124 2233304124 0 65535 69 69 6 6 3 
1017593639 1017593639 1589370302 1589370302 0 65535 69 69 6 6 3 
1017593639 1017593639 1589370302 1589370302 0 65535 8875 8875 17 17 3 
764465972 764465972 1017593793 1017593793 0 65535 69 69 17 17 2 
769309161 769309161 2233310952 2233310952 0 65535 113 113 17 17 0 
769309160 769309160 1589370302 1589370302 0 65535 514 514 17 17 0 
769288717 769288717 2233310959 2233310959 0 65535 162 162 6 6 3 
769288717 769288717 1017593823 1017593823 0 65535 80 80 17 17 3 
763135979 763135979 2233310959 2233310959 0 65535 514 514 17 17 2 
763135880 763135880 2233310959 2233310959 0 65535 69 69 6 6 1 
762645730 762645730 2233310950 2233310950 0 65535 119 119 17 17 1 
762645610 762645610 2233310950 2233310950 0 65535 23 23 17 17 3 
762645610 762645610 2233310950 2233310950 0 65535 53 53 17 17 2 
759664014 759664014 759663929 759663929 0 65535 69 69 17 17 2 
759664126 759664126 2233310950 2233310950 0 65535 80 80 6 6 3 
759664126 759664126 2233310950 2233310950 0 65535 69 69 17 17 2 
759691025 759691025 703550863 703550863 0 65535 69 69 17 17 0 
759691025 759691025 1589366619 1589366619 0 65535 32774 32774 17 17 0 
759691025 759691025 1589366619 1589366619 0 65535 514 514 6 6 1 
759677143 759677143 2265142981 2265142981 0 65535 514 514 17 17 4 
759677137 759677137 1017637212 1017637212 0 65535 53 53 17 17 1 
759677137 759677137 703550863 703550863 0 65535 514 514 6 6 3 
759677137 759677137 2265142981 2265142981 0 65535 514 514 17 17 2 
759677138 759677138 2265142981 2265142981 0 65535 514 514 6 6 4 
759677138 759677138 2265142981 2265142981 0 65535 1433 1433 17 17 4 
759677138 759677138 2265142981 2265142981 0 65535 9003 9003 17 17 1 
697527971 697527971 1589366615 1589366615 0 65535 7000 7000 6 6 4 
697527971 697527971 2265142981 2265142981 0 65535 53 53 17 17 2 
703560349 703560349 2265142981 2265142981 0 65535 139 139 17 17 3 
703560349 703560349 1589366615 1589366615 0 65535 53 53 17 17 2 
703560350 703560350 1589366615 1589366615 0 65535 5530 5530 17 17 0 
703560350 703560350 656752194 656752194 0 65535 9003 9003 17 17 2 
703560350 703560350 2265142981 2265142981 0 65535 1723 1723 17 17 2 
703570528 703570528 2265142981 2265142981 0 65535 8875 8875 17 17 0 
703570528 703570528 2265142981 2265142981 0 65535 25 25 17 17 4 
703570528 703570528 2265142981 2265142981 0 65535 9003 9003 17 17 4 
703570528 703570528 2265142981 2265142981 0 65535 137 137 6 6 4 
703570528 703570528 2273733174 2273733174 0 65535 7000 7000 17 17 1 
703570528 703570528 1578589709 1578589709 0 65535 137 137 6 6 4 
703570528 703570528 1578589709 1578589709 0 65535 5540 5540 17 17 2 
703570528 703570528 2273733174 2273733174 0 65535 514 514 17 17 4 
703570528 703570528 1578589709 1578589709 0 65535 69 69 17 17 0 
667116579 667116579 1578589709 1578589709 0 65535 53 53 6 6 2 
665678775 665678775 2273733174 2273733174 0 65535 69 69 17 17 0 
665677521 665677521 1578625512 1578625512 0 65535 69 69 17 17 3 
665677359 665677359 2273766895 2273766895 0 65535 143 143 17 17 3 
665677358 665677358 2273766713 2273766713 0 65535 69 69 17 17 1 
665677353 665677353 2273763509 2273763509 0 65535 53 53 17 17 0 
665677353 665677353 2273763508 2273763508 0 65535 514 514 17 17 4 
656748056 656748056 1017613831 1017613831 0 65535 9003 9003 17 17 0 
656748056 656748056 1017613831 1017613831 0 65535 80 80 6 6 0 
656748056 656748056 3724218282 3724218282 0 65535 80 80 17 17 1 
656748056 656748056 1578625512 1578625512 0 65535 514 514 17 17 3 
656748056 656748056 3719703145 3719703145 0 65535 1645 1645 17 17 2 
656748056 656748056 1017613834 1017613834 0 65535 1433 1433 17 17 2 
656749646 656749646 3719797462 3719797462 0 65535 9003 9003 17 17 2 
656749646 656749646 1578625512 1578625512 0 65535 53 53 17 17 4 
656749646 656749646 1578625512 1578625512 0 65535 22 22 17 17 0 
656749646 656749646 1578625512 1578625512 0 65535 5631 5631 17 17 4 
656749646 656749646 1017613870 1017613870 0 65535 113 113 17 17 3 
656749646 656749646 3684844095 3684844095 0 65535 514 514 17 17 1 
656749646 656749646 656759125 656759125 0 65535 9003 9003 17 17 2 
656749646 656749646 1581540132 1581540132 0 65535 514 514 17 17 3 
656752125 656752125 3654146738 3654146738 0 65535 514 514 6 6 2 
656752125 656752125 1581540132 1581540132 0 65535 69 69 17 17 3 
656752125 656752125 1581540141 1581540141 0 65535 139 139 17 17 4 
656752125 656752125 656759133 656759133 0 65535 6346 6346 6 6 0 
656752125 656752125 1581540157 1581540157 0 65535 69 69 17 17 2 
656752125 656752125 3652698961 3652698961 0 65535 119 119 6 6 3 
656752125 656752125 3652698961 3652698961 0 65535 1645 1645 17 17 3 
656752125 656752125 3652699056 3652699056 0 65535 69 69 6 6 2 
656752125 656752125 3652699061 3652699061 0 65535 514 514 17 17 4 
656752125 656752125 3652698262 3652698262 0 65535 53 53 6 6 0 
656752125 656752125 3645903787 3645903787 0 65535 25 25 17 17 0 
656752125 656752125 703550863 703550863 0 65535 514 514 6 6 4 
656752125 656752125 1581540157 1581540157 0 65535 6699 6699 17 17 0 
656752125 656752125 3645903776 3645903776 0 65535 5550 5550 6 6 4 
656752125 656752125 1581540151 1581540151 0 65535 69 69 6 6 0 
656752125 656752125 1581540151 1581540151 0 65535 69 69 17 17 3 
656752125 656752125 656752141 656752141 0 65535 6970 6970 6 6 2 
656752125 656752125 1017613870 1017613870 0 65535 69 69 6 6 2 
656752125 656752125 3645952515 3645952515 0 65535 22 22 6 6 4 
656752125 656752125 1581540149 1581540149 0 65535 514 514 6 6 0 
2052937399 2052937399 3645952117 3645952117 0 65535 514 514 17 17 1 
2052937399 2052937399 454024316 454024316 0 65535 69 69 17 17 3 
2052937399 2052937399 3645952115 3645952115 0 65535 9003 9003 17 17 0 
2052933999 2052933999 454021075 454021075 0 65535 9003 9003 6 6 4 
2052933999 2052933999 3643582000 3643582000 0 65535 9003 9003 17 17 1 
2052933999 2052933999 1620812461 1620812461 0 65535 137 137 17 17 3 
2052933999 2052933999 3643582063 3643582063 0 65535 69 69 17 17 4 
2052941605 2052941605 454021075 454021075 0 65535 143 143 17 17 3 
2052941605 2052941605 3643582032 3643582032 0 65535 4899 4899 17 17 4 
2052941605 2052941605 3643558230 3643558230 0 65535 9003 9003 17 17 1 
2052941605 2052941605 454021075 454021075 0 65535 80 80 17 17 0 
2052941605 2052941605 3643558227 3643558227 0 65535 80 80 17 17 3 
2052941605 2052941605 1620812461 1620812461 0 65535 514 514 17 17 4 
2052941605 2052941605 3643558256 3643558256 0 65535 9003 9003 17 17 1 
2052941605 2052941605 3643558377 3643558377 0 65535 80 80 17 17 2 
2052941605 2052941605 454021075 454021075 0 65535 514 514 6 6 3 
2052941603 2052941603 3560224291 3560224291 0 65535 514 514 17 17 0 
2052941603 2052941603 2063531646 2063531646 0 65535 9003 9003 17 17 3 
2052941603 2052941603 1620812461 1620812461 0 65535 69 69 6 6 1 
2052941603 2052941603 454021075 454021075 0 65535 514 514 17 17 4 
2052941603 2052941603 1620812461 1620812461 0 65535 69 69 17 17 3 
2052941603 2052941603 459064411 459064411 0 65535 9003 9003 17 17 2 
2052941603 2052941603 3560224291 3560224291 0 65535 7000 7000 6 6 4 
2052941603 2052941603 3560224291 3560224291 0 65535 514 514 6 6 3 
2052941603 2052941603 1581518646 1581518646 0 65535 514 514 17 17 2 
2052941603 2052941603 3560224291 3560224291 0 65535 5540 5540 17 17 0 
2108596681 2108596681 1620812460 1620812460 0 65535 53 53 17 17 1 
2108596681 2108596681 459069772 459069772 0 65535 9003 9003 6 6 1 
2108596681 2108596681 3560224291 3560224291 0 65535 1646 1646 17 17 4 
2108537634 2108537634 459069723 459069723 0 65535 69 69 17 17 2 
2108537642 2108537642 459069734 459069734 0 65535 69 69 17 17 0 
2108537659 2108537659 3560224291 3560224291 0 65535 69 69 17 17 0 
2101978654 2101978654 3560224291 3560224291 0 65535 6699 6699 17 17 1 
2101978654 2101978654 3560224291 3560224291 0 65535 5510 5510 6 6 4 
2101978654 2101978654 459078088 459078088 0 65535 137 137 17 17 3 
2101978644 2101978644 3560224291 3560224291 0 65535 69 69 17 17 1 
2101978644 2101978644 3560224291 3560224291 0 65535 69 69 6 6 3 
2101978644 2101978644 3560224291 3560224291 0 65535 5530 5530 6 6 3 
2101978644 2101978644 1916682823 1916682823 0 65535 137 137 6 6 1 
2101978644 2101978644 1620812460 1620812460 0 65535 9003 9003 17 17 4 
2101978644 2101978644 3536328908 3536328908 0 65535 514 514 17 17 3 
2101978644 2101978644 3536328908 3536328908 0 65535 80 80 17 17 3 
2101978644 2101978644 3536325111 3536325111 0 65535 25 25 6 6 3 
2101978644 2101978644 1620812460 1620812460 0 65535 7777 7777 17 17 3 
2101978644 2101978644 459078088 459078088 0 65535 69 69 17 17 4 
2101978644 2101978644 3536325112 3536325112 0 65535 9003 9003 17 17 1 
1959549543 1959549543 3536325112 3536325112 0 65535 80 80 6 6 3 
1959575264 1959575264 3536325112 3536325112 0 65535 514 514 17 17 1 
1959575277 1959575277 3536325112 3536325112 0 65535 5631 5631 6 6 0 
1959575277 1959575277 1620812460 1620812460 0 65535 514 514 17 17 2 
1954074126 1954074126 1620812460 1620812460 0 65535 53 53 17 17 0 
1954074127 1954074127 459039424 459039424 0 65535 69 69 17 17 2 
1954074127 1954074127 3536357776 3536357776 0 65535 514 514 17 17 0 
1996428324 1996428324 1996428489 1996428489 0 65535 53 53 17 17 2 
1996446453 1996446453 3536357776 3536357776 0 65535 137 137 6 6 4 
1990660314 1990660314 134332405 134332405 0 65535 69 69 17 17 0 
1990660314 1990660314 3536357776 3536357776 0 65535 1433 1433 17 17 2 
1990660314 1990660314 3536357776 3536357776 0 65535 80 80 17 17 4 
1990660314 1990660314 3536357776 3536357776 0 65535 69 69 17 17 1 
1984124066 1984124066 2050642689 2050642689 0 65535 137 137 17 17 4 
1984124066 1984124066 3536357776 3536357776 0 65535 137 137 17 17 3 
1984124066 1984124066 3536357776 3536357776 0 65535 53 53 6 6 2 
1984124066 1984124066 134329670 134329670 0 65535 113 113 17 17 3 
1984124066 1984124066 3536357776 3536357776 0 65535 113 113 17 17 3 
1984124066 1984124066 3536357776 3536357776 0 65535 80 80 17 17 4 
1984124066 1984124066 3526753157 3526753157 0 65535 80 80 17 17 4 
1984124066 1984124066 3526752014 3526752014 0 65535 53 53 17 17 4 
1984124071 1984124071 134321579 134321579 0 65535 524 524 6 6 1 
1984124071 1984124071 1620812460 1620812460 0 65535 7000 7000 17 17 2 
1984124071 1984124071 3526844321 3526844321 0 65535 514 514 17 17 1 
1984124071 1984124071 3526844321 3526844321 0 65535 23 23 6 6 2 
1984124071 1984124071 212737879 212737879 0 65535 9003 9003 17 17 4 
1984124071 1984124071 3526844321 3526844321 0 65535 1646 1646 17 17 4 
1984124071 1984124071 3526857066 3526857066 0 65535 514 514 17 17 1 
1984124071 1984124071 1620812460 1620812460 0 65535 1433 1433 17 17 4 
1984124071 1984124071 3526857066 3526857066 0 65535 25 25 6 6 4 
1984124071 1984124071 3526857091 3526857091 0 65535 69 69 17 17 4 
1984124071 1984124071 3526857091 3526857091 0 65535 514 514 17 17 3 
1617963468 1617963468 3526857091 3526857091 0 65535 69 69 17 17 4 
1617963468 1617963468 3530202190 3530202190 0 65535 69 69 17 17 2 
1617963468 1617963468 1734959100 1734959100 0 65535 9003 9003 17 17 3 
1617963468 1617963468 212735069 212735069 0 65535 22 22 17 17 3 
1617963468 1617963468 3530202190 3530202190 0 65535 9003 9003 17 17 1 
1617963468 1617963468 3530202190 3530202190 0 65535 161 161 17 17 2 
1617963468 1617963468 3530202190 3530202190 0 65535 514 514 17 17 2 
1617963468 1617963468 212735143 212735143 0 65535 1645 1645 17 17 3 
1617963468 1617963468 3530202190 3530202190 0 65535 162 162 6 6 0 
1617963468 1617963468 212735166 212735166 0 65535 53 53 17 17 4 
1617963468 1617963468 3530202190 3530202190 0 65535 80 80 17 17 1 
1617963468 1617963468 249187694 249187694 0 65535 514 514 6 6 2 
1620809724 1620809724 249187694 249187694 0 65535 22 22 17 17 4 
1620809724 1620809724 2050642689 2050642689 0 65535 123 123 17 17 3 
1620809724 1620809724 3530202190 3530202190 0 65535 514 514 6 6 3 
1620804631 1620804631 249187694 249187694 0 65535 514 514 17 17 1 
1620804631 1620804631 3530202190 3530202190 0 65535 113 113 17 17 2 
1620804631 1620804631 249187694 249187694 0 65535 80 80 17 17 1 
1620804631 1620804631 249184463 249184463 0 65535 9003 9003 17 17 0 
1620804631 1620804631 3530202190 3530202190 0 65535 69 69 17 17 0 
1620804631 1620804631 3530202190 3530202190 0 65535 53 53 17 17 3 
1620804631 1620804631 3530164207 3530164207 0 65535 9003 9003 17 17 2 
1620804631 1620804631 1617961998 1617961998 0 65535 514 514 6 6 4 
1620812317 1620812317 3530164207 3530164207 0 65535 21 21 17 17 2 
1620812317 1620812317 3383875439 3383875439 0 65535 53 53 17 17 4 
1620812317 1620812317 3383875415 3383875415 0 65535 25 25 17 17 3 
1620812317 1620812317 3383875415 3383875415 0 65535 1214 1214 17 17 3 
1620812317 1620812317 1626333575 1626333575 0 65535 1723 1723 17 17 3 
1620812317 1620812317 1626333575 1626333575 0 65535 5540 5540 6 6 1 
1620812317 1620812317 3383962415 3383962415 0 65535 524 524 17 17 2 
1620812317 1620812317 3386617055 3386617055 0 65535 69 69 17 17 2 
1620812317 1620812317 3386617026 3386617026 0 65535 162 162 6 6 2 
1620812317 1620812317 3386407582 3386407582 0 65535 69 69 17 17 1 
1620812317 1620812317 1626333575 1626333575 0 65535 69 69 6 6 0 
1620812317 1620812317 3386407569 3386407569 0 65535 80 80 17 17 3 
1620812317 1620812317 1626333575 1626333575 0 65535 514 514 17 17 4 
1620812316 1620812316 3459905277 3459905277 0 65535 69 69 6 6 4 
1620812316 1620812316 3459905270 3459905270 0 65535 119 119 17 17 4 
1620812316 1620812316 235547468 235547468 0 65535 80 80 6 6 4 
1620812316 1620812316 3459984502 3459984502 0 65535 69 69 17 17 0 
1620812316 1620812316 1734959100 1734959100 0 65535 9003 9003 17 17 0 
1620812316 1620812316 3460037285 3460037285 0 65535 137 137 17 17 1 
1620812316 1620812316 3460037259 3460037259 0 65535 137 137 17 17 4 
1620812316 1620812316 235547468 235547468 0 65535 69 69 17 17 4 
1620812316 1620812316 2050642689 2050642689 0 65535 69 69 17 17 4 
1620812316 1620812316 3454938222 3454938222 0 65535 514 514 6 6 4 
1801464728 1801464728 3454823941 3454823941 0 65535 80 80 6 6 3 
1801464728 1801464728 3442157522 3442157522 0 65535 69 69 17 17 0 
1801464728 1801464728 3442184820 3442184820 0 65535 1723 1723 17 17 4 
1801464728 1801464728 3442184820 3442184820 0 65535 514 514 17 17 4 
1801464728 1801464728 3442184821 3442184821 0 65535 161 161 17 17 0 
1801464728 1801464728 240788699 240788699 0 65535 69 69 6 6 3 
1801464728 1801464728 240788735 240788735 0 65535 1433 1433 17 17 4 
1801464728 1801464728 2050642689 2050642689 0 65535 25 25 6 6 3 
1801464728 1801464728 3444190766 3444190766 0 65535 80 80 6 6 4 
1801464728 1801464728 3444190936 3444190936 0 65535 69 69 6 6 1 
1801464728 1801464728 3444190936 3444190936 0 65535 25 25 17 17 4 
1801464728 1801464728 1801464626 1801464626 0 65535 514 514 17 17 3 
1801464728 1801464728 3444232262 3444232262 0 65535 5631 5631 17 17 2 
1766640841 1766640841 3310264223 3310264223 0 65535 53 53 6 6 2 
1766624364 1766624364 2050642689 2050642689 0 65535 5631 5631 17 17 2 
1766057075 1766057075 3310264225 3310264225 0 65535 5520 5520 17 17 2 
1766057075 1766057075 21694311 21694311 0 65535 139 139 17 17 2 
1766057075 1766057075 21694311 21694311 0 65535 5520 5520 17 17 3 
1766057075 1766057075 3310264236 3310264236 0 65535 514 514 17 17 1 
1763948080 1763948080 3310264236 3310264236 0 65535 25 25 17 17 4 
1763948080 1763948080 1855913319 1855913319 0 65535 53 53 17 17 2 
1763948080 1763948080 3310264236 3310264236 0 65535 69 69 17 17 4 
1763948080 1763948080 21694316 21694316 0 65535 113 113 17 17 1 
1763948080 1763948080 2050642689 2050642689 0 65535 22 22 17 17 4 
1763948080 1763948080 21694316 21694316 0 65535 80 80 6 6 0 
1763948080 1763948080 21694316 21694316 0 65535 137 137 6 6 1 
1763948080 1763948080 1581518780 1581518780 0 65535 53 53 6 6 2 
1763944633 1763944633 3305646849 3305646849 0 65535 6346 6346 17 17 4 
1763944633 1763944633 3305646877 3305646877 0 65535 119 119 17 17 1 
1763944633 1763944633 21694316 21694316 0 65535 22 22 17 17 0 
1763944633 1763944633 21694316 21694316 0 65535 1433 1433 6 6 2 
1763944633 1763944633 1620812460 1620812460 0 65535 22 22 17 17 4 
1763944009 1763944009 3305646288 3305646288 0 65535 162 162 17 17 4 
1763944009 1763944009 3305646288 3305646288 0 65535 5520 5520 17 17 3 
1763944009 1763944009 1763944187 1763944187 0 65535 1646 1646 6 6 1 
1763944009 1763944009 25371157 25371157 0 65535 80 80 17 17 1 
1763944009 1763944009 3305700850 3305700850 0 65535 1214 1214 17 17 2 
1763944009 1763944009 3305700850 3305700850 0 65535 514 514 17 17 2 
1763944009 1763944009 25371157 25371157 0 65535 1433 1433 17 17 4 
1763944009 1763944009 3305700850 3305700850 0 65535 5550 5550 17 17 0 
1763944009 1763944009 2050642689 2050642689 0 65535 514 514 17 17 3 
1763944009 1763944009 25408593 25408593 0 65535 69 69 17 17 1 
1230635401 1230635401 33233838 33233838 0 65535 139 139 17 17 1 
1230635401 1230635401 33233826 33233826 0 65535 137 137 17 17 0 
1230635401 1230635401 3305700850 3305700850 0 65535 514 514 17 17 1 
1230635401 1230635401 3305700850 3305700850 0 65535 69 69 17 17 1 
1230635401 1230635401 33233778 33233778 0 65535 80 80 17 17 0 
1230635401 1230635401 33231765 33231765 0 65535 9003 9003 17 17 0 
1230635401 1230635401 33231765 33231765 0 65535 500 500 17 17 4 
1230635401 1230635401 3262013404 3262013404 0 65535 6699 6699 6 6 1 
1230635401 1230635401 3262013370 3262013370 0 65535 80 80 17 17 0 
1230635401 1230635401 3262013323 3262013323 0 65535 514 514 6 6 3 
1230635401 1230635401 3262013323 3262013323 0 65535 524 524 6 6 2 
1230635401 1230635401 1581518780 1581518780 0 65535 9003 9003 17 17 0 
1230635401 1230635401 1195242461 1195242461 0 65535 80 80 6 6 2 
1230635401 1230635401 3261869945 3261869945 0 65535 80 80 17 17 4 
1230635401 1230635401 1581518780 1581518780 0 65535 32774 32774 17 17 3 
1230635401 1230635401 3261869946 3261869946 0 65535 5500 5500 17 17 4 
1230635401 1230635401 3261869144 3261869144 0 65535 9003 9003 17 17 0 
1230635401 1230635401 3261869122 3261869122 0 65535 53 53 6 6 0 
1230635401 1230635401 3261869172 3261869172 0 65535 2549 2549 6 6 3 
1230635401 1230635401 3261869172 3261869172 0 65535 514 514 17 17 2 
1230635401 1230635401 33155986 33155986 0 65535 22 22 6 6 2 
1230635401 1230635401 1195242461 1195242461 0 65535 9003 9003 17 17 3 
1230635401 1230635401 33155986 33155986 0 65535 80 80 17 17 1 
1230635401 1230635401 3261869156 3261869156 0 65535 514 514 6 6 4 
1230635401 1230635401 3261869156 3261869156 0 65535 9003 9003 17 17 2 
1230635401 1230635401 1581555621 1581555621 0 65535 9003 9003 6 6 0 
1230635401 1230635401 1323738771 1323738771 0 65535 6699 6699 6 6 0 
1230635401 1230635401 3242036403 3242036403 0 65535 1433 1433 17 17 3 
1230635401 1230635401 1581555625 1581555625 0 65535 2549 2549 17 17 4 
1230635401 1230635401 1581555625 1581555625 0 65535 514 514 17 17 4 
1230635401 1230635401 79686753 79686753 0 65535 162 162 17 17 1 
1230635401 1230635401 1195242461 1195242461 0 65535 25 25 6 6 4 
1230635401 1230635401 79686752 79686752 0 65535 113 113 17 17 2 
1230635401 1230635401 3242036403 3242036403 0 65535 514 514 17 17 2 
1230635401 1230635401 1581555598 1581555598 0 65535 9003 9003 6 6 2 
1230635401 1230635401 79686752 79686752 0 65535 69 69 17 17 1 
1230635401 1230635401 79686720 79686720 0 65535 139 139 17 17 0 
1230635401 1230635401 3242036403 3242036403 0 65535 23 23 17 17 0 
1230635401 1230635401 79686723 79686723 0 65535 514 514 17 17 4 
1230635401 1230635401 3242036403 3242036403 0 65535 113 113 17 17 2 
1230635401 1230635401 1581555598 1581555598 0 65535 21 21 17 17 3 
1230635401 1230635401 3242036403 3242036403 0 65535 5510 5510 17 17 0 
1230635401 1230635401 79686726 79686726 0 65535 25 25 6 6 0 
1230635401 1230635401 1581555598 1581555598 0 65535 69 69 17 17 2 
1230635401 1230635401 3242036405 3242036405 0 65535 53 53 17 17 2 
1230635401 1230635401 79686726 79686726 0 65535 113 113 6 6 4 
1230635401 1230635401 1230635318 1230635318 0 65535 113 113 17 17 0 
1230635401 1230635401 79686734 79686734 0 65535 500 500 17 17 2 
1230635401 1230635401 1230687487 1230687487 0 65535 162 162 6 6 1 
1230635401 1230635401 3242036405 3242036405 0 65535 80 80 17 17 4 
1230635401 1230635401 3242036405 3242036405 0 65535 25 25 17 17 3 
1230635401 1230635401 3242036405 3242036405 0 65535 22 22 6 6 2 
1230635401 1230635401 3242036405 3242036405 0 65535 69 69 17 17 3 
1230635401 1230635401 3242036405 3242036405 0 65535 137 137 17 17 2 
1230635401 1230635401 3242036405 3242036405 0 65535 53 53 6 6 0 
1202292995 1202292995 3242036405 3242036405 0 65535 25 25 17 17 1 
1202292995 1202292995 3242036405 3242036405 0 65535 69 69 17 17 4 
1202292995 1202292995 79686734 79686734 0 65535 9003 9003 17 17 2 
1202292995 1202292995 1117476098 1117476098 0 65535 69 69 17 17 0 
1202292995 1202292995 3242036405 3242036405 0 65535 53 53 17 17 0 
1202292995 1202292995 79686734 79686734 0 65535 2549 2549 17 17 4 
1197037520 1197037520 3242036405 3242036405 0 65535 53 53 17 17 4 
1196596530 1196596530 79686734 79686734 0 65535 69 69 17 17 1 
1191223606 1191223606 3242036405 3242036405 0 65535 69 69 17 17 1 
1191187675 1191187675 3248590784 3248590784 0 65535 80 80 17 17 2 
1195214069 1195214069 3248590784 3248590784 0 65535 6699 6699 6 6 4 
1195214069 1195214069 3248590784 3248590784 0 65535 80 80 17 17 1 
1195214069 1195214069 3248590784 3248590784 0 65535 9003 9003 17 17 2 
1195214069 1195214069 3248590784 3248590784 0 65535 80 80 6 6 0 
1195214069 1195214069 3248590784 3248590784 0 65535 514 514 17 17 0 
1195214069 1195214069 3248590784 3248590784 0 65535 1433 1433 6 6 0 
1195214069 1195214069 3248590784 3248590784 0 65535 7000 7000 6 6 3 
1195214069 1195214069 3248590784 3248590784 0 65535 69 69 17 17 1 
1195214069 1195214069 3248590784 3248590784 0 65535 22 22 17 17 2 
1195214069 1195214069 1195242461 1195242461 0 65535 137 137 17 17 3 
1121458206 1121458206 3248590784 3248590784 0 65535 80 80 17 17 2 
1121457369 1121457369 79636092 79636092 0 65535 514 514 17 17 4 
1121457181 1121457181 3248590784 3248590784 0 65535 80 80 17 17 2 
1121457270 1121457270 1117476098 1117476098 0 65535 139 139 17 17 3 
1117497698 1117497698 3251630837 3251630837 0 65535 514 514 17 17 0 
1117497698 1117497698 79636092 79636092 0 65535 69 69 17 17 2 
1117497698 1117497698 3251630837 3251630837 0 65535 514 514 6 6 1 
1117497698 1117497698 3251601585 3251601585 0 65535 69 69 17 17 1 
1117497698 1117497698 79636092 79636092 0 65535 113 113 17 17 4 
1117497698 1117497698 3251601591 3251601591 0 65535 514 514 17 17 4 
1117497698 1117497698 4221492449 4221492449 0 65535 514 514 17 17 3 
1117497698 1117497698 4221492473 4221492473 0 65535 80 80 6 6 2 
1117497698 1117497698 1581573403 1581573403 0 65535 69 69 6 6 0 
1117497698 1117497698 1195242461 1195242461 0 65535 53 53 17 17 3 
1117497698 1117497698 79636094 79636094 0 65535 80 80 6 6 4 
1117497698 1117497698 4227148403 4227148403 0 65535 9003 9003 17 17 4 
1117497698 1117497698 4227148384 4227148384 0 65535 514 514 17 17 4 
1117497698 1117497698 79636094 79636094 0 65535 80 80 17 17 2 
1117497698 1117497698 1117476098 1117476098 0 65535 69 69 17 17 1 
1589369645 1589369645 4271056425 4271056425 0 65535 514 514 17 17 3 
1589369643 1589369643 79636094 79636094 0 65535 143 143 17 17 0 
1589369643 1589369643 4271056603 4271056603 0 65535 69 69 6 6 1 
1589369643 1589369643 4271056603 4271056603 0 65535 80 80 17 17 4 
1589369643 1589369643 4271056620 4271056620 0 65535 9003 9003 17 17 3 
1589348593 1589348593 4271056621 4271056621 0 65535 4899 4899 17 17 0 
1589348593 1589348593 1195242461 1195242461 0 65535 69 69 17 17 4 
1589348593 1589348593 4239439953 4239439953 0 65535 53 53 6 6 2 
1589348593 1589348593 4239439953 4239439953 0 65535 25 25 6 6 1 
1589348595 1589348595 4239439953 4239439953 0 65535 514 514 17 17 0 
1589348595 1589348595 79636094 79636094 0 65535 80 80 6 6 1 
1589348595 1589348595 4239439959 4239439959 0 65535 139 139 17 17 4 
1589348595 1589348595 1581573517 1581573517 0 65535 9003 9003 6 6 4 
1589348595 1589348595 1493555786 1493555786 0 65535 9003 9003 17 17 3 
1589348595 1589348595 1195242461 1195242461 0 65535 53 53 17 17 0 
1589348595 1589348595 1195242461 1195242461 0 65535 80 80 17 17 0 
1578625215 1578625215 1589366615 1589366615 0 65535 53 53 6 6 3 
1578625215 1578625215 4239439959 4239439959 0 65535 514 514 17 17 2 
1578576958 1578576958 4239439959 4239439959 0 65535 69 69 17 17 2 
1578576958 1578576958 4239439959 4239439959 0 65535 80 80 17 17 4 
1578576958 1578576958 4239439959 4239439959 0 65535 53 53 17 17 2 
1578576959 1578576959 79636094 79636094 0 65535 1433 1433 17 17 1 
1578576959 1578576959 1195242461 1195242461 0 65535 7777 7777 17 17 0 
1581579162 1581579162 4241932303 4241932303 0 65535 9003 9003 17 17 4 
1581579161 1581579161 70732581 70732581 0 65535 22 22 17 17 2 
1581579161 1581579161 70732581 70732581 0 65535 80 80 17 17 4 
1581579167 1581579167 4241932303 4241932303 0 65535 514 514 17 17 4 
1581579167 1581579167 4241932303 4241932303 0 65535 9003 9003 17 17 2 
1581579167 1581579167 1195242461 1195242461 0 65535 9003 9003 17 17 4 
1581573482 1581573482 70732651 70732651 0 65535 137 137 17 17 3 
1581573482 1581573482 4241907674 4241907674 0 65535 25 25 17 17 0 
1581573482 1581573482 4241907674 4241907674 0 65535 80 80 17 17 0 
1581573482 1581573482 4241907674 4241907674 0 65535 9003 9003 17 17 1 
1581573482 1581573482 4099734983 4099734983 0 65535 69 69 6 6 3 
1581573482 1581573482 4099734979 4099734979 0 65535 53 53 6 6 3 
1581573482 1581573482 4099735034 4099735034 0 65535 161 161 17 17 1 
1581573479 1581573479 4099734932 4099734932 0 65535 514 514 17 17 2 
1581573479 1581573479 4099734925 4099734925 0 65535 139 139 17 17 2 
1581573479 1581573479 4099734925 4099734925 0 65535 69 69 17 17 2 
1581573479 1581573479 4099734924 4099734924 0 65535 524 524 17 17 3 
1581573479 1581573479 4099734924 4099734924 0 65535 1433 1433 17 17 4 
1581573479 1581573479 70725286 70725286 0 65535 9003 9003 17 17 2 
1581573479 1581573479 4099686625 4099686625 0 65535 162 162 17 17 1 
1581573479 1581573479 4099686625 4099686625 0 65535 5510 5510 17 17 3 
1581573479 1581573479 4099686625 4099686625 0 65535 80 80 17 17 0 
1581573479 1581573479 1581518780 1581518780 0 65535 514 514 17 17 0 
1343057677 1343057677 70725286 70725286 0 65535 80 80 6 6 3 
1343057677 1343057677 4099686625 4099686625 0 65535 3389 3389 17 17 4 
1343057677 1343057677 4099686625 4099686625 0 65535 80 80 17 17 0 
1343057677 1343057677 4099686625 4099686625 0 65535 25 25 17 17 2 
1343057677 1343057677 4099686625 4099686625 0 65535 2549 2549 17 17 2 
1343057677 1343057677 1195242461 1195242461 0 65535 7000 7000 6 6 3 
1343057677 1343057677 4050063493 4050063493 0 65535 69 69 6 6 1 
1343057677 1343057677 4050063491 4050063491 0 65535 9003 9003 17 17 2 
1343057677 1343057677 4050063533 4050063533 0 65535 80 80 6 6 2 
1343057677 1343057677 4050063533 4050063533 0 65535 80 80 17 17 3 
1343057677 1343057677 4050063533 4050063533 0 65535 69 69 17 17 4 
1343057677 1343057677 4050063533 4050063533 0 65535 139 139 17 17 2 
1343057677 1343057677 1581573515 1581573515 0 65535 514 514 17 17 3 
1343057677 1343057677 4050063521 4050063521 0 65535 80 80 17 17 2 
1343057677 1343057677 4050063521 4050063521 0 65535 25 25 17 17 0 
1343057677 1343057677 4050063521 4050063521 0 65535 53 53 17 17 1 
1343057677 1343057677 4050063521 4050063521 0 65535 32774 32774 17 17 1 
1343057677 1343057677 4050063521 4050063521 0 65535 113 113 17 17 0 
1343057676 1343057676 4050103172 4050103172 0 65535 53 53 17 17 3 
1343057676 1343057676 4050103172 4050103172 0 65535 80 80 17 17 1 
1343057676 1343057676 4050103172 4050103172 0 65535 500 500 6 6 1 
1343057676 1343057676 1452543514 1452543514 0 65535 32774 32774 17 17 4 
1343057676 1343057676 4050103172 4050103172 0 65535 162 162 6 6 3 
1343057676 1343057676 4050103154 4050103154 0 65535 53 53 17 17 2 
1343057676 1343057676 4050103114 4050103114 0 65535 69 69 17 17 3 
1343057676 1343057676 4050103114 4050103114 0 65535 1433 1433 6 6 2 
1343057676 1343057676 4050103114 4050103114 0 65535 139 139 6 6 0 
1343057676 1343057676 73152693 73152693 0 65535 22 22 17 17 3 
1343057676 1343057676 1195242461 1195242461 0 65535 80 80 17 17 4 
1343057676 1343057676 1452543514 1452543514 0 65535 69 69 17 17 1 
1343057676 1343057676 1195242461 1195242461 0 65535 1433 1433 6 6 3 
1343057676 1343057676 4050102138 4050102138 0 65535 21 21 17 17 0 
1343057676 1343057676 4050102138 4050102138 0 65535 53 53 17 17 2 
1343057676 1343057676 4050102138 4050102138 0 65535 69 69 17 17 0 
1343057676 1343057676 4050102138 4050102138 0 65535 6970 6970 6 6 2 
1343057676 1343057676 4050102138 4050102138 0 65535 9003 9003 6 6 1 
1343057676 1343057676 4050102138 4050102138 0 65535 162 162 17 17 4 
1343057676 1343057676 1452543514 1452543514 0 65535 80 80 17 17 1 
1343057676 1343057676 4050102138 4050102138 0 65535 69 69 6 6 2 
1343057676 1343057676 1195242461 1195242461 0 65535 514 514 17 17 2 
1343057676 1343057676 73148839 73148839 0 65535 162 162 17 17 3 
1343057676 1343057676 4050102138 4050102138 0 65535 137 137 17 17 2 
1343057676 1343057676 4050102138 4050102138 0 65535 53 53 6 6 2 
3874593197 3874593197 4056017459 4056017459 1433 1433 0 65535 17 17 2 
3867175084 3867175084 2278503810 2278503810 161 161 0 65535 6 6 1 
3864432596 3864432596 2050645235 2050645235 22 22 0 65535 6 6 3 
3864432596 3864432596 2050645243 2050645243 80 80 0 65535 17 17 2 
3864432596 3864432596 1855913322 1855913322 25 25 0 65535 17 17 3 
3949958178 3949958178 1770693566 1770693566 20 20 0 65535 6 6 1 
3950638033 3950638033 1763906126 1763906126 5500 5500 0 65535 17 17 4 
3950624599 3950624599 1734959100 1734959100 5550 5550 0 65535 17 17 4 
4057791402 4057791402 2672988238 2672988238 53 53 0 65535 17 17 4 
4056017520 4056017520 1617961998 1617961998 25 25 0 65535 17 17 3 
4056017520 4056017520 1617961998 1617961998 22 22 0 65535 17 17 0 
4241907536 4241907536 3864432594 3864432594 161 161 0 65535 17 17 3 
4238920925 4238920925 4056017459 4056017459 53 53 0 65535 6 6 2 
4221470453 4221470453 1620785308 1620785308 1433 1433 0 65535 6 6 1 
4221492427 4221492427 1620785308 1620785308 5500 5500 0 65535 17 17 4 
4227155476 4227155476 1323738799 1323738799 161 161 0 65535 6 6 1 
4227155711 4227155711 2443801812 2443801812 123 123 0 65535 6 6 0 
3525965990 3525965990 1225387379 1225387379 161 161 0 65535 6 6 0 
3526857082 3526857082 2531513988 2531513988 5520 5520 0 65535 17 17 2 
3645952202 3645952202 3719784777 3719784777 161 161 0 65535 17 17 0 
3642205143 3642205143 1117476155 1117476155 1433 1433 0 65535 6 6 4 
3642205143 3642205143 1117476098 1117476098 1433 1433 0 65535 17 17 3 
3251601640 3251601640 3530164207 3530164207 5540 5540 0 65535 17 17 3 
3251601640 3251601640 3530164207 3530164207 25 25 0 65535 17 17 0 
3251601640 3251601640 3530164207 3530164207 5530 5530 0 65535 17 17 3 
3251450239 3251450239 2520248556 2520248556 5550 5550 0 65535 17 17 2 
3251453082 3251453082 2520193076 2520193076 161 161 0 65535 6 6 2 
3444232337 3444232337 659471976 659471976 161 161 0 65535 6 6 3 
3444232337 3444232337 3444227290 3444227290 5550 5550 0 65535 6 6 3 
3444203591 3444203591 2524572682 2524572682 22 22 0 65535 17 17 3 
3444203620 3444203620 764465700 764465700 1433 1433 0 65535 6 6 0 
2780330821 2780330821 2721554664 2721554664 161 161 0 65535 6 6 1 
2780330821 2780330821 693443538 693443538 53 53 0 65535 17 17 4 
2794785054 2794785054 689869239 689869239 143 143 0 65535 6 6 2 
2794785043 2794785043 689864941 689864941 161 161 0 65535 6 6 1 
2941202122 2941202122 697338600 697338600 161 161 0 65535 6 6 0 
2941202157 2941202157 697470975 697470975 80 80 0 65535 17 17 1 
2941252043 2941252043 703535465 703535465 5540 5540 0 65535 17 17 4 
2941252043 2941252043 2883742396 2883742396 80 80 0 65535 17 17 1 
2941252043 2941252043 4056017459 4056017459 161 161 0 65535 17 17 2 
2941252043 2941252043 2524519360 2524519360 5510 5510 0 65535 17 17 0 
3032613411 3032613411 888266976 888266976 161 161 0 65535 17 17 1 
3032613411 3032613411 888221981 888221981 161 161 0 65535 17 17 1 
3032613411 3032613411 888221981 888221981 80 80 0 65535 17 17 4 
3032613411 3032613411 888221981 888221981 53 53 0 65535 17 17 1 
3032613411 3032613411 875474164 875474164 161 161 0 65535 6 6 3 
3032613411 3032613411 877910350 877910350 80 80 0 65535 17 17 1 
3032613411 3032613411 3206232666 3206232666 5500 5500 0 65535 6 6 0 
3187439021 3187439021 945863614 945863614 143 143 0 65535 17 17 0 
3172333075 3172333075 3172333299 3172333299 1433 1433 0 65535 17 17 1 
3204960872 3204960872 1014376446 1014376446 161 161 0 65535 17 17 4 
2529513770 2529513770 1009856511 1009856511 143 143 0 65535 17 17 3 
2531473574 2531473574 2278438907 2278438907 5540 5540 0 65535 6 6 0 
2520193115 2520193115 2278475157 2278475157 137 137 0 65535 17 17 2 
2520193115 2520193115 3784650233 3784650233 1433 1433 0 65535 17 17 4 
2520193115 2520193115 1009859760 1009859760 161 161 0 65535 17 17 2 
2520193115 2520193115 3836195611 3836195611 5550 5550 0 65535 6 6 3 
2520193115 2520193115 1017597198 1017597198 80 80 0 65535 17 17 4 
2594217444 2594217444 365832389 365832389 161 161 0 65535 17 17 0 
2680316003 2680316003 3867175460 3867175460 161 161 0 65535 17 17 4 
2278462729 2278462729 468709627 468709627 53 53 0 65535 6 6 1 
2278462728 2278462728 468709627 468709627 53 53 0 65535 6 6 3 
2278462728 2278462728 468709627 468709627 80 80 0 65535 17 17 2 
2341422918 2341422918 3861903235 3861903235 1433 1433 0 65535 6 6 3 
2341422918 2341422918 3861903235 3861903235 69 69 0 65535 17 17 0 
2337428385 2337428385 468496388 468496388 161 161 0 65535 17 17 0 
2338475691 2338475691 3864482778 3864482778 53 53 0 65535 17 17 4 
2338475690 2338475690 2524536668 2524536668 25 25 0 65535 17 17 4 
2338475690 2338475690 2524534372 2524534372 161 161 0 65535 17 17 4 
301668071 301668071 3218281401 3218281401 53 53 0 65535 17 17 0 
301668071 301668071 73146979 73146979 80 80 0 65535 17 17 0 
301668071 301668071 459025075 459025075 53 53 0 65535 6 6 2 
301680254 301680254 73174351 73174351 161 161 0 65535 17 17 4 
458219407 458219407 454021075 454021075 22 22 0 65535 6 6 2 
73200725 73200725 2883742396 2883742396 53 53 0 65535 17 17 0 
73250064 73250064 1493567137 1493567137 161 161 0 65535 17 17 3 
73250064 73250064 79636094 79636094 161 161 0 65535 17 17 2 
240788568 240788568 73203250 73203250 22 22 0 65535 6 6 2 
240788568 240788568 240788705 240788705 5510 5510 0 65535 17 17 4 
240788568 240788568 134321579 134321579 80 80 0 65535 6 6 0 
240788568 240788568 2950175692 2950175692 53 53 0 65535 6 6 4 
240730639 240730639 2937338726 2937338726 161 161 0 65535 17 17 2 
240714862 240714862 2937338726 2937338726 22 22 0 65535 6 6 0 
240714859 240714859 2941071500 2941071500 25 25 0 65535 17 17 0 
240714859 240714859 1493555786 1493555786 53 53 0 65535 17 17 4 
887375710 887375710 703550911 703550911 5500 5500 0 65535 17 17 0 
877901267 877901267 1017613871 1017613871 80 80 0 65535 6 6 3 
1009856280 1009856280 2155310305 2155310305 161 161 0 65535 17 17 3 
1017593638 1017593638 703550863 703550863 161 161 0 65535 6 6 4 
1017593638 1017593638 1592425264 1592425264 123 123 0 65535 17 17 0 
1017593638 1017593638 703550863 703550863 161 161 0 65535 17 17 1 
1017593639 1017593639 703550863 703550863 161 161 0 65535 6 6 4 
697527971 697527971 2265142981 2265142981 53 53 0 65535 17 17 4 
703570528 703570528 2265142981 2265142981 25 25 0 65535 17 17 0 
665678775 665678775 1017637492 1017637492 5530 5530 0 65535 6 6 0 
656748056 656748056 1578625512 1578625512 5540 5540 0 65535 17 17 4 
656749646 656749646 548020537 548020537 161 161 0 65535 6 6 4 
656749646 656749646 1578625512 1578625512 1433 1433 0 65535 6 6 1 
2052937399 2052937399 3645952551 3645952551 161 161 0 65535 6 6 0 
2052933999 2052933999 2050642689 2050642689 53 53 0 65535 6 6 3 
2052941603 2052941603 3560224291 3560224291 161 161 0 65535 17 17 1 
2052941603 2052941603 1620812461 1620812461 80 80 0 65535 17 17 4 
2108596681 2108596681 1916682823 1916682823 53 53 0 65535 17 17 4 
2101978644 2101978644 3560224291 3560224291 443 443 0 65535 17 17 1 
1959575275 1959575275 1916682823 1916682823 5510 5510 0 65535 17 17 2 
1954074126 1954074126 3536369019 3536369019 25 25 0 65535 6 6 4 
1954074126 1954074126 459078088 459078088 1433 1433 0 65535 17 17 4 
1996429003 1996429003 3536357776 3536357776 161 161 0 65535 17 17 2 
1990660314 1990660314 3536357776 3536357776 161 161 0 65535 17 17 4 
1990660314 1990660314 3536357776 3536357776 5500 5500 0 65535 6 6 0 
1984124066 1984124066 134321539 134321539 161 161 0 65535 6 6 4 
1984124066 1984124066 3526692775 3526692775 80 80 0 65535 6 6 0 
1984124071 1984124071 3526844321 3526844321 5632 5632 0 65535 17 17 4 
1984124071 1984124071 134321579 134321579 161 161 0 65535 17 17 3 
1617963468 1617963468 1763943458 1763943458 20 20 0 65535 17 17 2 
1617963468 1617963468 249187694 249187694 143 143 0 65535 6 6 0 
1620812316 1620812316 3459905114 3459905114 5632 5632 0 65535 17 17 3 
1620812316 1620812316 235547468 235547468 5520 5520 0 65535 17 17 3 
1620812316 1620812316 235547468 235547468 5520 5520 0 65535 6 6 0 
1801464728 1801464728 3444190766 3444190766 25 25 0 65535 17 17 4 
1763944009 1763944009 3305646302 3305646302 161 161 0 65535 17 17 4 
1763944009 1763944009 3305700850 3305700850 5530 5530 0 65535 17 17 3 
1230635401 1230635401 3305700850 3305700850 5631 5631 0 65535 17 17 3 
1230635401 1230635401 3262013323 3262013323 22 22 0 65535 17 17 2 
1230635401 1230635401 3261869172 3261869172 80 80 0 65535 17 17 4 
1197037520 1197037520 3242036405 3242036405 53 53 0 65535 17 17 4 
1196593181 1196593181 3242036405 3242036405 143 143 0 65535 17 17 1 
1196596530 1196596530 79686734 79686734 53 53 0 65535 17 17 0 
1195214069 1195214069 3248590784 3248590784 123 123 0 65535 17 17 0 
1195214069 1195214069 3248590784 3248590784 1433 1433 0 65535 17 17 4 
1195214069 1195214069 79636092 79636092 80 80 0 65535 6 6 0 
1117497698 1117497698 1581579186 1581579186 25 25 0 65535 17 17 1 
1117497698 1117497698 79636094 79636094 161 161 0 65535 17 17 4 
1117497698 1117497698 79636094 79636094 161 161 0 65535 6 6 0 
1581579161 1581579161 4241932303 4241932303 53 53 0 65535 17 17 0 
1343057677 1343057677 4050063533 4050063533 22 22 0 65535 17 17 2 
1343057676 1343057676 4050103148 4050103148 138 138 0 65535 17 17 4 
1343057676 1343057676 73152693 73152693 1433 1433 0 65535 17 17 2 
4057791380 4057791380 2668470511 2668470511 0 65535 109 110 6 6 4 
240730636 240730637 2950175684 2950175684 0 65535 514 514 6 6 3 
1117497696 1117497697 4221492449 4221492449 0 65535 137 137 6 6 2 
1230635401 1230635401 1581555594 1581555594 109 110 0 65535 6 6 4 
3864432598 3864432599 1855913319 1855913319 0 65535 5540 5540 17 17 2 
4056017522 4056017523 1617961998 1617961998 0 65535 80 80 17 17 3 
3536357694 3536357695 2443801812 2443801812 0 65535 1645 1645 6 6 0 
3525921994 3525921995 1225387379 1225387379 0 65535 5540 5540 17 17 0 
3525921994 3525921995 1230687243 1230687243 0 65535 9003 9003 17 17 3 
3444237802 3444237803 2524576774 2524576774 0 65535 514 514 17 17 3 
3444203622 3444203623 769308930 769308930 0 65535 514 514 17 17 4 
2941202148 2941202149 697451929 697451929 0 65535 162 162 17 17 0 
3032613408 3032613409 888267638 888267638 0 65535 1433 1433 17 17 1 
3032613408 3032613409 888267524 888267524 0 65535 161 161 6 6 3 
3204962614 3204962615 3784690170 3784690170 0 65535 69 69 17 17 3 
2524573212 2524573213 1009859760 1009859760 0 65535 53 53 17 17 4 
2520193112 2520193113 2680318582 2680318582 0 65535 53 53 17 17 1 
2594217446 2594217447 1017597198 1017597198 0 65535 6970 6970 6 6 4 
2341422916 2341422917 2278462938 2278462938 0 65535 22 22 6 6 2 
301668068 301668069 1195242461 1195242461 0 65535 80 80 17 17 4 
459024940 459024941 2721554664 2721554664 0 65535 139 139 17 17 1 
33200958 33200959 459043664 459043664 0 65535 53 53 6 6 2 
33200958 33200959 459043664 459043664 0 65535 137 137 17 17 3 
73250066 73250067 1493605511 1493605511 0 65535 162 162 17 17 3 
73250066 73250067 1017593623 1017593623 0 65535 23 23 6 6 2 
858735178 858735179 2334195494 2334195494 0 65535 514 514 17 17 2 
656748058 656748059 1578625512 1578625512 0 65535 514 514 17 17 1 
656749644 656749645 1017613870 1017613870 0 65535 514 514 17 17 2 
2101978646 2101978647 3536328908 3536328908 0 65535 514 514 6 6 4 
1195214070 1195214071 3248590784 3248590784 0 65535 7000 7000 17 17 4 
1581573476 1581573477 4099686625 4099686625 0 65535 69 69 6 6 0 
1343057678 1343057679 1343090788 1343090788 0 65535 53 53 17 17 4 
1343057678 1343057679 73152693 73152693 0 65535 9003 9003 17 17 3 
1343057678 1343057679 4050102138 4050102138 0 65535 119 119 17 17 4 
4227155711 4227155711 1323738797 1323738797 1645 1646 0 65535 17 17 2 
33156070 33156070 2883771785 2883771785 1645 1646 0 65535 17 17 2 
2101978654 2101978654 3560224291 3560224291 109 110 0 65535 6 6 4 
1117497698 1117497698 79636094 79636094 20 21 0 65535 6 6 1 
1343057677 1343057677 4099686625 4099686625 1645 1646 0 65535 6 6 1 
2794790174 2794790174 689790465 689790465 0 65535 109 110 6 6 1 
2937374100 2937374103 2794787604 2794787604 0 65535 69 69 6 6 3 
3172285880 3172285883 3950527661 3950527661 0 65535 69 69 6 6 4 
2278462732 2278462735 3873566819 3873566819 0 65535 69 69 6 6 3 
1230635404 1230635407 79686734 79686734 0 65535 113 113 6 6 2 
1117497700 1117497703 1230635327 1230635327 0 65535 80 80 6 6 1 
3864432592 3864432595 4056017459 4056017459 0 65535 9003 9003 17 17 3 
3950624592 3950624595 1734959100 1734959100 0 65535 9003 9003 17 17 3 
4227155472 4227155475 1620809581 1620809581 0 65535 5500 5500 17 17 3 
3530007360 3530007363 1236370555 1236370555 0 65535 9003 9003 17 17 0 
3526857084 3526857087 2527178740 2527178740 0 65535 69 69 6 6 4 
3643606396 3643606399 3251453002 3251453002 0 65535 69 69 6 6 0 
3444203628 3444203631 764450522 764450522 0 65535 5510 5510 6 6 0 
2780330816 2780330819 759663921 759663921 0 65535 22 22 17 17 3 
2780330816 2780330819 759677020 759677020 0 65535 69 69 17 17 0 
3032635904 3032635907 703550911 703550911 0 65535 80 80 17 17 2 
3172270784 3172270787 2941251921 2941251921 0 65535 80 80 17 17 1 
2594217440 2594217443 1017592868 1017592868 0 65535 514 514 17 17 4 
2278462764 2278462767 3873566819 3873566819 0 65535 22 22 6 6 1 
2278462732 2278462735 506284879 506284879 0 65535 514 514 6 6 4 
2338475692 2338475695 3864415390 3864415390 0 65535 53 53 17 17 3 
301680248 301680251 3206256039 3206256039 0 65535 514 514 6 6 4 
877901268 877901271 2941066530 2941066530 0 65535 22 22 17 17 1 
858735180 858735183 2346141113 2346141113 0 65535 25 25 17 17 2 
1017593632 1017593635 703550863 703550863 0 65535 69 69 17 17 3 
656752120 656752123 3652656464 3652656464 0 65535 514 514 17 17 3 
2108554396 2108554399 3560224291 3560224291 0 65535 80 80 17 17 1 
1801464732 1801464735 3444279102 3444279102 0 65535 80 80 6 6 0 
1763944012 1763944015 25408798 25408798 0 65535 53 53 6 6 1 
1195214064 1195214067 79636092 79636092 0 65535 514 514 17 17 2 
1578576952 1578576955 4241932333 4241932333 0 65535 80 80 6 6 4 
1343057672 1343057675 4099686625 4099686625 0 65535 80 80 6 6 2 
3032613411 3032613411 3032613629 3032613629 20 23 0 65535 6 6 4 
3864432596 3864432596 1770530112 1770530175 143 143 0 65535 6 6 2 
3949958178 3949958178 3864432512 3864432575 161 161 0 65535 6 6 2 
4057791380 4057791380 2673009984 2673010047 161 161 0 65535 6 6 3 
4056017520 4056017520 1617962048 1617962111 161 161 0 65535 6 6 4 
4238878940 4238878940 1620785344 1620785407 53 53 0 65535 6 6 3 
4238902869 4238902869 3864432512 3864432575 1433 1433 0 65535 6 6 3 
4221492427 4221492427 2443801600 2443801663 5550 5550 0 65535 6 6 1 
4227156216 4227156216 2443801600 2443801663 5540 5540 0 65535 6 6 0 
3536369032 3536369032 1236370432 1236370495 161 161 0 65535 6 6 4 
3529841177 3529841177 1225387840 1225387903 1433 1433 0 65535 6 6 2 
3526857082 3526857082 1112414656 1112414719 80 80 0 65535 6 6 0 
3645952202 3645952202 2531513984 2531514047 53 53 0 65535 6 6 4 
3642205050 3642205050 1202258496 1202258559 161 161 0 65535 6 6 0 
3444203620 3444203620 2524573184 2524573247 80 80 0 65535 6 6 1 
2780330821 2780330821 759635648 759635711 161 161 0 65535 6 6 0 
2529484938 2529484938 1009856384 1009856447 5540 5540 0 65535 6 6 1 
2520193115 2520193115 1022413504 1022413567 138 138 0 65535 6 6 3 
2341422918 2341422918 468469504 468469567 135 135 0 65535 6 6 0 
458219407 458219407 2791168448 2791168511 53 53 0 65535 6 6 3 
458214907 458214907 2794843328 2794843391 5631 5631 0 65535 6 6 0 
458214907 458214907 2794809728 2794809791 53 53 0 65535 6 6 0 
33156070 33156070 2883771776 2883771839 1433 1433 0 65535 6 6 1 
73250064 73250064 2950214656 2950214719 1433 1433 0 65535 6 6 2 
877873032 877873032 877897472 877897535 25 25 0 65535 6 6 4 
857021075 857021075 2351952192 2351952255 161 161 0 65535 6 6 3 
858735176 858735176 2338499264 2338499327 53 53 0 65535 6 6 1 
858735176 858735176 703550912 703550975 53 53 0 65535 6 6 1 
1017593639 1017593639 1592425280 1592425343 161 161 0 65535 6 6 3 
769288805 769288805 2233310848 2233310911 53 53 0 65535 6 6 4 
762645730 762645730 1017637120 1017637183 143 143 0 65535 6 6 1 
697535787 697535787 689864832 689864895 143 143 0 65535 6 6 2 
697527971 697527971 2265142912 2265142975 135 135 0 65535 6 6 2 
703570528 703570528 1017637376 1017637439 5540 5540 0 65535 6 6 4 
656752125 656752125 1581540096 1581540159 161 161 0 65535 6 6 3 
2052941605 2052941605 3560224320 3560224383 25 25 0 65535 6 6 2 
2052941605 2052941605 3560224320 3560224383 53 53 0 65535 6 6 3 
2108596681 2108596681 2108596480 2108596543 161 161 0 65535 6 6 4 
1230635401 1230635401 79686656 79686719 53 53 0 65535 6 6 2 
1581573482 1581573482 70731712 70731775 161 161 0 65535 6 6 3 
1343057676 1343057676 73148864 73148927 161 161 0 65535 6 6 1 
3526844288 3526844351 1230637509 1230637509 80 80 0 65535 6 6 3 
3251453120 3251453183 1195214033 1195214033 0 65535 7777 7777 6 6 1 
2941251968 2941252031 4056017459 4056017459 0 65535 1645 1645 6 6 2 
2941251968 2941252031 703535456 703535456 0 65535 80 80 6 6 4 
2680318528 2680318591 3867175462 3867175462 0 65535 139 139 6 6 0 
295646464 295646527 1195242461 1195242461 0 65535 9003 9003 6 6 2 
468482112 468482175 1355718834 1355718834 0 65535 1433 1433 6 6 3 
1581573376 1581573439 4099734932 4099734932 0 65535 69 69 6 6 2 
1343057728 1343057791 4050103172 4050103172 0 65535 1723 1723 6 6 2 
3874570496 3874570559 2050647526 2050647526 0 65535 1645 1646 6 6 3 
3864432512 3864432575 2278455875 2278455875 0 65535 20 21 6 6 1 
4227156096 4227156159 3864432592 3864432592 0 65535 1645 1646 6 6 3 
3530202304 3530202367 3530202190 3530202190 0 65535 1645 1646 6 6 0 
2594217344 2594217407 362630160 362630160 0 65535 1812 1813 6 6 0 
2101978688 2101978751 3536325112 3536325112 0 65535 1645 1646 6 6 4 
1230635456 1230635519 1230635318 1230635318 0 65535 20 21 6 6 0 
3867151808 3867151871 2050647763 2050647763 0 65535 53 53 17 17 2 
3864432512 3864432575 2050645235 2050645235 0 65535 69 69 6 6 0 
3950634496 3950634559 1763944173 1763944173 0 65535 514 514 6 6 1 
4057743680 4057743743 2668470511 2668470511 0 65535 53 53 17 17 2 
4056017408 4056017471 1626160031 1626160031 0 65535 514 514 17 17 2 
3536325440 3536325503 3251601519 3251601519 0 65535 514 514 6 6 4 
3444237632 3444237695 671082582 671082582 0 65535 119 119 17 17 3 
3444203520 3444203583 656759102 656759102 0 65535 113 113 17 17 2 
2794790208 2794790271 4052337415 4052337415 0 65535 162 162 17 17 0 
2794785088 2794785151 3206232666 3206232666 0 65535 514 514 17 17 3 
2794785088 2794785151 4052337415 4052337415 0 65535 69 69 6 6 2 
2941251968 2941252031 703535456 703535456 0 65535 1646 1646 6 6 3 
2941251968 2941252031 4056017459 4056017459 0 65535 9003 9003 6 6 0 
2941251968 2941252031 703535126 703535126 0 65535 53 53 17 17 2 
3032613440 3032613503 3946282267 3946282267 0 65535 137 137 17 17 4 
2520193024 2520193087 1022413484 1022413484 0 65535 514 514 6 6 3 
2278462784 2278462847 506284879 506284879 0 65535 53 53 17 17 0 
2278462784 2278462847 2341422945 2341422945 0 65535 5530 5530 17 17 1 
2338475712 2338475775 453992707 453992707 0 65535 69 69 17 17 4 
301680128 301680191 73174351 73174351 0 65535 5540 5540 17 17 0 
468472832 468472895 506284879 506284879 0 65535 514 514 6 6 4 
468482112 468482175 459025046 459025046 0 65535 69 69 17 17 4 
458214784 458214847 73203256 73203256 0 65535 514 514 17 17 0 
33110272 33110335 2883742270 2883742270 0 65535 80 80 17 17 1 
73200640 73200703 2883742396 2883742396 0 65535 69 69 17 17 4 
240714752 240714815 73200799 73200799 0 65535 135 135 17 17 1 
240714752 240714815 2941071607 2941071607 0 65535 80 80 6 6 4 
887375616 887375679 2941066530 2941066530 0 65535 69 69 17 17 2 
1017593664 1017593727 2150978206 2150978206 0 65535 69 69 17 17 4 
1017593664 1017593727 2150978206 2150978206 0 65535 6970 6970 17 17 4 
1017593664 1017593727 877897558 877897558 0 65535 69 69 17 17 1 
764465984 764466047 2233304110 2233304110 0 65535 69 69 6 6 1 
697535808 697535871 2265142981 2265142981 0 65535 80 80 17 17 2 
697528000 697528063 2265142981 2265142981 0 65535 9003 9003 17 17 2 
703570432 703570495 703550863 703550863 0 65535 53 53 17 17 0 
656749568 656749631 3684872786 3684872786 0 65535 25 25 17 17 3 
656752000 656752063 3652656396 3652656396 0 65535 162 162 17 17 2 
1959549440 1959549503 1620812460 1620812460 0 65535 9003 9003 17 17 0 
0 4294967295 0 4294967295 0 65535 0 65535 0 255 3 
