1230635456 1230635519 3242036405 3242036405 0 65535 9003 9003 6 6 0 
1230635456 1230635519 1581555595 1581555595 0 65535 32774 32774 6 6 2 
1195213952 1195214015 3248590784 3248590784 0 65535 25 25 17 17 4 
1589348480 1589348543 4239439953 4239439953 0 65535 514 514 17 17 2 
1343057728 1343057791 73148695 73148695 0 65535 1646 1646 17 17 4 
3864432596 3864432596 3950624640 3950624703 161 161 0 65535 6 6 2 
3864432596 3864432596 2278455872 2278455935 161 161 0 65535 6 6 2 
3864432596 3864432596 4056017472 4056017535 1433 1433 0 65535 17 17 0 
3864432596 3864432596 3873566720 3873566783 25 25 0 65535 17 17 1 
3864432596 3864432596 1855913216 1855913279 53 53 0 65535 6 6 3 
3864432596 3864432596 1855913216 1855913279 5540 5540 0 65535 17 17 4 
3864432596 3864432596 1855913216 1855913279 25 25 0 65535 17 17 0 
3864432596 3864432596 1770530112 1770530175 161 161 0 65535 17 17 2 
3949958178 3949958178 1765828032 1765828095 22 22 0 65535 17 17 0 
3950634577 3950634577 1763905984 1763906047 5510 5510 0 65535 6 6 2 
3950624599 3950624599 1734958976 1734959039 161 161 0 65535 17 17 1 
3950624599 3950624599 1734958976 1734959039 161 161 0 65535 6 6 4 
3950624599 3950624599 3950634496 3950634559 80 80 0 65535 17 17 4 
4057791402 4057791402 1617983744 1617983807 1433 1433 0 65535 6 6 1 
4056017520 4056017520 1617962048 1617962111 143 143 0 65535 17 17 3 
4227902765 4227902765 1626333184 1626333247 5500 5500 0 65535 6 6 4 
4238920922 4238920922 4227155584 4227155647 161 161 0 65535 6 6 1 
4221470452 4221470452 3864432512 3864432575 161 161 0 65535 6 6 1 
3530007364 3530007364 2443801728 2443801791 5530 5530 0 65535 6 6 4 
3529841207 3529841207 3251486208 3251486271 138 138 0 65535 17 17 3 
3529841177 3529841177 3251486208 3251486271 80 80 0 65535 6 6 3 
3529841183 3529841183 2443801728 2443801791 161 161 0 65535 6 6 4 
3525965990 3525965990 2443801728 2443801791 53 53 0 65535 6 6 2 
3525921993 3525921993 2443801728 2443801791 53 53 0 65535 17 17 3 
3526844361 3526844361 2527178688 2527178751 25 25 0 65535 17 17 4 
3526844361 3526844361 1230637440 1230637503 1433 1433 0 65535 17 17 2 
3526844361 3526844361 2527178688 2527178751 53 53 0 65535 17 17 3 
3526857082 3526857082 2527147648 2527147711 5500 5500 0 65535 17 17 1 
3645952202 3645952202 2531513984 2531514047 161 161 0 65535 17 17 2 
3645952202 3645952202 1123005696 1123005759 161 161 0 65535 6 6 1 
3642205138 3642205138 1117476096 1117476159 1433 1433 0 65535 6 6 4 
3642205050 3642205050 2531473408 2531473471 161 161 0 65535 17 17 3 
3643582365 3643582365 3251450304 3251450367 53 53 0 65535 6 6 2 
3643606394 3643606394 1202258496 1202258559 161 161 0 65535 17 17 1 
3251601643 3251601643 1202258496 1202258559 22 22 0 65535 17 17 0 
3251601643 3251601643 1202258496 1202258559 5540 5540 0 65535 17 17 2 
3251601642 3251601642 3444227264 3444227327 5550 5550 0 65535 6 6 3 
3251601642 3251601642 1202258496 1202258559 5530 5530 0 65535 6 6 3 
3251601640 3251601640 1195213952 1195214015 80 80 0 65535 17 17 1 
3251450239 3251450239 2520248512 2520248575 5632 5632 0 65535 17 17 0 
3251453082 3251453082 1195213952 1195214015 53 53 0 65535 17 17 4 
3251453082 3251453082 3251501248 3251501311 1098 1098 0 65535 17 17 1 
3444232337 3444232337 2524576832 2524576895 25 25 0 65535 6 6 3 
3444210967 3444210967 659434752 659434815 161 161 0 65535 17 17 3 
3444203591 3444203591 656781312 656781375 5540 5540 0 65535 17 17 0 
3444203591 3444203591 2524572672 2524572735 5520 5520 0 65535 6 6 0 
3444203591 3444203591 656781312 656781375 143 143 0 65535 17 17 4 
3444203627 3444203627 3530164096 3530164159 5510 5510 0 65535 6 6 3 
3444203620 3444203620 3251452928 3251452991 123 123 0 65535 17 17 4 
3444203620 3444203620 2524573184 2524573247 161 161 0 65535 6 6 4 
2780330821 2780330821 4052304448 4052304511 143 143 0 65535 6 6 3 
2780330821 2780330821 4052304448 4052304511 22 22 0 65535 6 6 2 
2780330821 2780330821 693443520 693443583 138 138 0 65535 17 17 4 
2794785054 2794785054 3206232576 3206232639 25 25 0 65535 17 17 3 
2794785046 2794785046 4052337472 4052337535 143 143 0 65535 17 17 1 
2794785046 2794785046 4052337472 4052337535 53 53 0 65535 17 17 4 
2794785043 2794785043 689864832 689864895 5632 5632 0 65535 6 6 2 
2937374097 2937374097 689864832 689864895 80 80 0 65535 17 17 0 
3032613411 3032613411 875338496 875338559 1433 1433 0 65535 6 6 2 
3032613411 3032613411 3206232576 3206232639 5510 5510 0 65535 17 17 1 
3032613411 3032613411 945863616 945863679 53 53 0 65535 17 17 2 
3187547230 3187547230 3946282240 3946282303 138 138 0 65535 6 6 1 
3172285886 3172285886 3950527616 3950527679 1433 1433 0 65535 17 17 2 
3172275814 3172275814 3950585792 3950585855 161 161 0 65535 17 17 4 
3209994724 3209994724 945863616 945863679 80 80 0 65535 6 6 4 
3206255928 3206255928 3784690432 3784690495 1723 1723 0 65535 17 17 1 
2527178098 2527178098 3784650112 3784650175 5550 5550 0 65535 17 17 1 
2531471138 2531471138 3784650112 3784650175 5550 5550 0 65535 6 6 0 
2524573215 2524573215 3784650112 3784650175 53 53 0 65535 6 6 1 
2524573215 2524573215 3784650112 3784650175 53 53 0 65535 17 17 2 
2520193115 2520193115 3836195648 3836195711 53 53 0 65535 17 17 1 
2520193115 2520193115 1022413504 1022413567 5631 5631 0 65535 17 17 1 
2520193115 2520193115 1022413504 1022413567 161 161 0 65535 6 6 1 
2594217444 2594217444 2587972224 2587972287 143 143 0 65535 17 17 3 
2594217444 2594217444 1017593600 1017593663 25 25 0 65535 6 6 4 
2594217444 2594217444 2278475008 2278475071 22 22 0 65535 17 17 4 
2680296671 2680296671 332452992 332453055 5530 5530 0 65535 6 6 4 
2680316003 2680316003 3867175488 3867175551 80 80 0 65535 6 6 2 
2680318513 2680318513 2278462848 2278462911 80 80 0 65535 6 6 3 
2680318513 2680318513 3867175488 3867175551 53 53 0 65535 6 6 1 
2274732691 2274732691 2524519296 2524519359 5540 5540 0 65535 17 17 4 
2274732691 2274732691 506284800 506284863 161 161 0 65535 17 17 3 
2278462761 2278462761 3873566720 3873566783 161 161 0 65535 17 17 2 
2278462761 2278462761 2278475008 2278475071 53 53 0 65535 6 6 2 
2278462761 2278462761 506284800 506284863 5631 5631 0 65535 17 17 3 
2278462761 2278462761 506284800 506284863 25 25 0 65535 17 17 0 
2278462728 2278462728 2341422848 2341422911 161 161 0 65535 17 17 2 
2341422918 2341422918 2524536704 2524536767 161 161 0 65535 17 17 3 
2334318773 2334318773 468496448 468496511 69 69 0 65535 17 17 3 
2338475690 2338475690 2524534272 2524534335 53 53 0 65535 17 17 2 
295646530 295646530 3218281408 3218281471 80 80 0 65535 6 6 4 
295646530 295646530 1195242368 1195242431 5540 5540 0 65535 17 17 1 
295646530 295646530 3218281408 3218281471 161 161 0 65535 17 17 0 
301668071 301668071 1195242368 1195242431 69 69 0 65535 6 6 0 
301668071 301668071 3209003648 3209003711 5550 5550 0 65535 6 6 2 
301668071 301668071 3209011712 3209011775 80 80 0 65535 17 17 3 
301680254 301680254 73174784 73174847 80 80 0 65535 6 6 0 
468472927 468472927 3206256064 3206256127 53 53 0 65535 17 17 3 
468482085 468482085 1017593600 1017593663 5500 5500 0 65535 6 6 4 
458214907 458214907 2800958336 2800958399 1433 1433 0 65535 6 6 0 
458214907 458214907 1355715648 1355715711 5500 5500 0 65535 17 17 0 
458214907 458214907 2794843328 2794843391 5631 5631 0 65535 17 17 0 
458214907 458214907 1350228416 1350228479 500 500 0 65535 17 17 4 
458214907 458214907 2794809728 2794809791 5530 5530 0 65535 6 6 1 
33156070 33156070 1343090688 1343090751 80 80 0 65535 17 17 0 
33110349 33110349 2883742208 2883742271 5550 5550 0 65535 17 17 3 
73250064 73250064 2950214656 2950214719 5530 5530 0 65535 6 6 2 
73250064 73250064 1493605440 1493605503 1433 1433 0 65535 17 17 4 
240788568 240788568 2950175488 2950175551 161 161 0 65535 17 17 4 
240788568 240788568 2950175616 2950175679 161 161 0 65535 17 17 3 
240788568 240788568 2950175616 2950175679 161 161 0 65535 6 6 3 
877217370 877217370 1563154432 1563154495 53 53 0 65535 6 6 1 
877217360 877217360 2941201856 2941201919 161 161 0 65535 17 17 4 
877217361 877217361 2351952128 2351952191 80 80 0 65535 6 6 1 
857021075 857021075 2351932032 2351932095 161 161 0 65535 6 6 0 
857036859 857036859 857078528 857078591 5550 5550 0 65535 17 17 3 
857036859 857036859 2338496768 2338496831 5550 5550 0 65535 17 17 0 
858735176 858735176 1567941696 1567941759 53 53 0 65535 17 17 0 
858735176 858735176 703550912 703550975 161 161 0 65535 6 6 2 
1014376209 1014376209 1017613888 1017613951 25 25 0 65535 6 6 4 
1014376209 1014376209 2341463040 2341463103 5550 5550 0 65535 17 17 2 
1009857467 1009857467 2341426240 2341426303 161 161 0 65535 17 17 0 
1017593638 1017593638 2155310272 2155310335 80 80 0 65535 17 17 1 
1017593638 1017593638 703550912 703550975 80 80 0 65535 17 17 3 
1017593638 1017593638 703550912 703550975 80 80 0 65535 6 6 0 
1017593639 1017593639 2150978240 2150978303 161 161 0 65535 17 17 0 
1017593639 1017593639 2233304128 2233304191 500 500 0 65535 6 6 0 
697535791 697535791 1589366528 1589366591 161 161 0 65535 17 17 2 
697527971 697527971 1589366528 1589366591 1433 1433 0 65535 6 6 2 
703560350 703560350 2265142912 2265142975 53 53 0 65535 6 6 2 
703570528 703570528 2273733184 2273733247 53 53 0 65535 17 17 0 
665678775 665678775 1578589760 1578589823 161 161 0 65535 17 17 1 
665678775 665678775 2273733184 2273733247 161 161 0 65535 6 6 3 
665677521 665677521 1578625408 1578625471 80 80 0 65535 17 17 0 
656748056 656748056 3724218112 3724218175 5530 5530 0 65535 17 17 2 
656752125 656752125 3645903680 3645903743 161 161 0 65535 6 6 1 
2052941605 2052941605 2063531520 2063531583 161 161 0 65535 17 17 3 
2052941603 2052941603 3560224320 3560224383 161 161 0 65535 6 6 1 
2052941603 2052941603 3560224320 3560224383 161 161 0 65535 17 17 3 
2052941603 2052941603 1620812480 1620812543 5631 5631 0 65535 6 6 4 
2052941603 2052941603 3560224320 3560224383 138 138 0 65535 17 17 0 
2108554394 2108554394 1916682752 1916682815 53 53 0 65535 17 17 1 
2108537659 2108537659 1620812480 1620812543 53 53 0 65535 17 17 2 
1954074127 1954074127 459042560 459042623 80 80 0 65535 17 17 4 
1954074127 1954074127 1620812480 1620812543 143 143 0 65535 17 17 0 
1990660314 1990660314 3536357824 3536357887 138 138 0 65535 17 17 4 
1620809724 1620809724 3530202112 3530202175 5520 5520 0 65535 17 17 0 
1620804631 1620804631 3530164096 3530164159 143 143 0 65535 6 6 3 
1620812317 1620812317 3386616960 3386617023 80 80 0 65535 17 17 3 
1620812317 1620812317 3386407616 3386407679 161 161 0 65535 6 6 1 
1620812317 1620812317 3462428928 3462428991 161 161 0 65535 6 6 0 
1620812316 1620812316 2050642752 2050642815 1433 1433 0 65535 17 17 4 
1801464728 1801464728 3444279040 3444279103 5632 5632 0 65535 6 6 2 
1801464728 1801464728 21694208 21694271 161 161 0 65535 17 17 1 
1766615999 1766615999 21694208 21694271 161 161 0 65535 17 17 1 
1763944009 1763944009 3305700736 3305700799 5500 5500 0 65535 6 6 4 
1230635401 1230635401 3261869888 3261869951 53 53 0 65535 17 17 0 
1230635401 1230635401 3261869888 3261869951 5520 5520 0 65535 17 17 4 
1230635401 1230635401 1195242368 1195242431 161 161 0 65535 17 17 3 
1230635401 1230635401 1236370432 1236370495 500 500 0 65535 6 6 1 
1230635401 1230635401 1195242368 1195242431 53 53 0 65535 6 6 4 
1195214069 1195214069 3248590720 3248590783 80 80 0 65535 17 17 3 
1117497698 1117497698 3251601600 3251601663 161 161 0 65535 6 6 0 
1117497698 1117497698 79635968 79636031 143 143 0 65535 6 6 3 
1117497698 1117497698 4271056384 4271056447 6789 6789 0 65535 17 17 0 
1578576959 1578576959 4241932352 4241932415 53 53 0 65535 17 17 1 
1581573479 1581573479 70725312 70725375 138 138 0 65535 17 17 4 
1581573479 1581573479 4099686528 4099686591 6789 6789 0 65535 6 6 0 
1343057677 1343057677 1343090688 1343090751 5632 5632 0 65535 17 17 2 
1343057677 1343057677 1452543552 1452543615 161 161 0 65535 17 17 0 
3864432512 3864432575 2278455914 2278455914 161 161 0 65535 17 17 4 
3643582400 3643582463 2531471195 2531471195 5632 5632 0 65535 17 17 4 
2278462784 2278462847 468709627 468709627 161 161 0 65535 17 17 4 
301670336 301670399 459024944 459024944 25 25 0 65535 17 17 2 
1801464768 1801464831 3444232262 3444232262 53 53 0 65535 17 17 4 
3950624640 3950624767 1734959100 1734959100 0 65535 80 80 6 6 3 
3529841280 3529841407 1225387784 1225387784 0 65535 4899 4899 6 6 2 
2524573312 2524573439 1009859760 1009859760 0 65535 53 53 6 6 0 
2520193152 2520193279 2524534370 2524534370 0 65535 161 161 6 6 1 
301680256 301680383 3206256039 3206256039 0 65535 1646 1646 6 6 1 
458214656 458214783 2794843376 2794843376 0 65535 80 80 6 6 3 
759691136 759691263 1017637212 1017637212 0 65535 53 53 6 6 0 
4057791380 4057791380 1617983872 1617983999 5550 5550 0 65535 6 6 1 
4221470452 4221470452 1620785152 1620785279 1433 1433 0 65535 6 6 4 
3442204140 3442204140 664571008 664571135 25 25 0 65535 6 6 4 
2780330821 2780330821 4052304384 4052304511 53 53 0 65535 6 6 1 
2794785043 2794785043 689864832 689864959 22 22 0 65535 6 6 0 
2941245949 2941245949 697494400 697494527 161 161 0 65535 6 6 0 
3032613411 3032613411 3958664576 3958664703 5540 5540 0 65535 6 6 2 
3032613411 3032613411 888222080 888222207 5540 5540 0 65535 6 6 2 
2338475690 2338475690 453992832 453992959 23 23 0 65535 6 6 3 
459024943 459024943 2783936128 2783936255 5540 5540 0 65535 6 6 1 
73200725 73200725 2883742336 2883742463 53 53 0 65535 6 6 2 
240730639 240730639 2950175616 2950175743 5632 5632 0 65535 6 6 3 
240714859 240714859 1493555712 1493555839 53 53 0 65535 6 6 4 
1009849442 1009849442 1567941760 1567941887 53 53 0 65535 6 6 3 
1954074127 1954074127 3536357760 3536357887 25 25 0 65535 6 6 1 
1620812317 1620812317 235547520 235547647 5520 5520 0 65535 6 6 3 
1620812316 1620812316 2050642688 2050642815 53 53 0 65535 6 6 1 
1230635401 1230635401 3242036224 3242036351 5530 5530 0 65535 6 6 1 
1117497698 1117497698 1122962944 1122963071 53 53 0 65535 6 6 4 
1589348595 1589348595 4239440000 4239440127 123 123 0 65535 6 6 4 
3643582365 3643582365 2531473408 2531473471 0 65535 9003 9003 6 6 4 
2801305327 2801305327 693443520 693443583 0 65535 69 69 17 17 3 
759691025 759691025 1017637120 1017637183 0 65535 22 22 17 17 3 
73200725 73200725 73200768 73200831 1645 1646 0 65535 6 6 1 
1343057676 1343057676 4050103168 4050103231 109 110 0 65535 6 6 0 
3864432596 3864432596 2278503808 2278503935 20 20 0 65535 17 17 4 
3864432596 3864432596 3784650112 3784650239 161 161 0 65535 17 17 0 
3864432596 3864432596 1855913216 1855913343 5520 5520 0 65535 6 6 1 
3526857082 3526857082 2527147520 2527147647 5550 5550 0 65535 6 6 1 
3526857082 3526857082 1083624832 1083624959 53 53 0 65535 17 17 2 
3643606394 3643606394 2531471104 2531471231 5530 5530 0 65535 17 17 4 
3251450963 3251450963 3530163968 3530164095 161 161 0 65535 17 17 3 
3251453082 3251453082 1195213824 1195213951 161 161 0 65535 17 17 1 
3251453082 3251453082 548020480 548020607 161 161 0 65535 17 17 4 
3442184914 3442184914 2524576896 2524577023 53 53 0 65535 6 6 0 
2780330821 2780330821 759663872 759663999 53 53 0 65535 6 6 3 
2780330821 2780330821 759683328 759683455 5540 5540 0 65535 6 6 3 
2780330821 2780330821 759676928 759677055 25 25 0 65535 6 6 3 
2794785054 2794785054 2941251968 2941252095 161 161 0 65535 17 17 3 
2794785043 2794785043 2800780160 2800780287 25 25 0 65535 17 17 1 
2941252043 2941252043 703535488 703535615 80 80 0 65535 17 17 0 
2941252043 2941252043 4056017536 4056017663 25 25 0 65535 17 17 0 
3032635910 3032635910 3989468160 3989468287 25 25 0 65535 6 6 2 
3032635912 3032635912 2524519168 2524519295 53 53 0 65535 17 17 3 
3032613411 3032613411 888222080 888222207 143 143 0 65535 6 6 2 
3172275814 3172275814 945863424 945863551 161 161 0 65535 17 17 2 
2520193115 2520193115 2520191360 2520191487 5540 5540 0 65535 17 17 3 
2520193115 2520193115 3836195712 3836195839 5550 5550 0 65535 17 17 4 
2680296669 2680296669 2524534400 2524534527 5530 5530 0 65535 17 17 2 
2334318773 2334318773 2334318592 2334318719 80 80 0 65535 17 17 3 
2338475690 2338475690 453992832 453992959 5550 5550 0 65535 6 6 1 
295646530 295646530 459024896 459025023 25 25 0 65535 6 6 1 
301670297 301670297 3218281216 3218281343 161 161 0 65535 6 6 1 
301668071 301668071 73147008 73147135 5500 5500 0 65535 6 6 0 
301668071 301668071 1195242240 1195242367 161 161 0 65535 17 17 3 
301680254 301680254 3206195712 3206195839 143 143 0 65535 6 6 0 
458214907 458214907 1350228224 1350228351 5632 5632 0 65535 17 17 2 
73200725 73200725 2950214784 2950214911 5500 5500 0 65535 6 6 3 
1017593638 1017593638 703550720 703550847 161 161 0 65535 17 17 2 
1017593639 1017593639 2150978176 2150978303 5530 5530 0 65535 17 17 0 
759677143 759677143 2265142784 2265142911 161 161 0 65535 6 6 0 
759677143 759677143 2265142784 2265142911 53 53 0 65535 17 17 0 
697535776 697535776 2265142784 2265142911 161 161 0 65535 17 17 1 
703570528 703570528 2265142784 2265142911 53 53 0 65535 6 6 2 
703570528 703570528 1017637504 1017637631 53 53 0 65535 17 17 0 
656752125 656752125 3652656512 3652656639 1098 1098 0 65535 6 6 0 
2101978654 2101978654 459077888 459078015 80 80 0 65535 17 17 2 
2101978644 2101978644 2101978752 2101978879 123 123 0 65535 17 17 1 
1954074127 1954074127 3536357760 3536357887 1098 1098 0 65535 17 17 3 
1984124071 1984124071 1620812288 1620812415 161 161 0 65535 17 17 3 
1984124071 1984124071 1916682880 1916683007 5530 5530 0 65535 17 17 1 
1620812316 1620812316 235547520 235547647 161 161 0 65535 17 17 4 
1763944633 1763944633 21694336 21694463 5520 5520 0 65535 17 17 0 
1230635401 1230635401 33123712 33123839 53 53 0 65535 6 6 1 
1230635401 1230635401 3242036224 3242036351 161 161 0 65535 17 17 4 
1195214069 1195214069 1581555456 1581555583 80 80 0 65535 17 17 1 
1117497698 1117497698 4221492352 4221492479 5520 5520 0 65535 17 17 3 
1117497698 1117497698 1581573504 1581573631 80 80 0 65535 17 17 1 
1343057677 1343057677 4050063360 4050063487 80 80 0 65535 17 17 4 
1343057677 1343057677 4050063360 4050063487 53 53 0 65535 17 17 1 
1343057676 1343057676 4050102144 4050102271 53 53 0 65535 17 17 3 
3864432596 3864432596 3861770240 3861770495 161 161 0 65535 6 6 1 
3950624599 3950624599 2619945984 2619946239 161 161 0 65535 6 6 3 
3950624599 3950624599 2620062464 2620062719 5540 5540 0 65535 6 6 1 
4238920922 4238920922 1620785152 1620785407 161 161 0 65535 6 6 4 
4227155476 4227155476 1323738624 1323738879 5530 5530 0 65535 6 6 4 
4227155711 4227155711 1323738624 1323738879 161 161 0 65535 6 6 4 
4227155711 4227155711 1323738624 1323738879 80 80 0 65535 6 6 1 
3526844413 3526844413 3526844160 3526844415 500 500 0 65535 6 6 4 
3642205143 3642205143 1117476096 1117476351 161 161 0 65535 6 6 1 
3643582365 3643582365 1202258688 1202258943 5520 5520 0 65535 6 6 2 
3643606394 3643606394 1202258688 1202258943 25 25 0 65535 6 6 3 
3251601640 3251601640 2520126464 2520126719 80 80 0 65535 6 6 3 
3251453082 3251453082 1195214080 1195214335 22 22 0 65535 6 6 3 
3251453082 3251453082 1195214080 1195214335 1433 1433 0 65535 6 6 3 
3251453082 3251453082 2520193024 2520193279 80 80 0 65535 6 6 1 
3251453082 3251453082 548020480 548020735 22 22 0 65535 6 6 4 
3251453082 3251453082 3530163968 3530164223 5550 5550 0 65535 6 6 0 
3444210967 3444210967 656781312 656781567 161 161 0 65535 6 6 4 
2780330821 2780330821 759632896 759633151 161 161 0 65535 6 6 4 
2780330821 2780330821 4052304384 4052304639 161 161 0 65535 6 6 3 
2937374097 2937374097 689864704 689864959 5550 5550 0 65535 6 6 3 
2941202122 2941202122 697338368 697338623 161 161 0 65535 6 6 3 
2941202122 2941202122 4056017664 4056017919 80 80 0 65535 6 6 3 
2941202163 2941202163 4056017664 4056017919 69 69 0 65535 6 6 2 
2941252043 2941252043 2883742208 2883742463 161 161 0 65535 6 6 4 
3032635912 3032635912 3989468160 3989468415 1433 1433 0 65535 6 6 3 
3032613411 3032613411 3032667904 3032668159 137 137 0 65535 6 6 2 
3032613411 3032613411 875331840 875332095 25 25 0 65535 6 6 1 
3032613411 3032613411 877910272 877910527 5500 5500 0 65535 6 6 2 
3206255928 3206255928 1009856256 1009856511 53 53 0 65535 6 6 0 
2520193115 2520193115 1009859584 1009859839 161 161 0 65535 6 6 0 
2594217444 2594217444 3836195328 3836195583 500 500 0 65535 6 6 4 
2594217444 2594217444 2278475008 2278475263 5631 5631 0 65535 6 6 0 
2594217444 2594217444 362630144 362630399 143 143 0 65535 6 6 2 
2278462761 2278462761 506284544 506284799 53 53 0 65535 6 6 2 
2278462729 2278462729 506284544 506284799 161 161 0 65535 6 6 2 
2278462729 2278462729 3873566720 3873566975 80 80 0 65535 6 6 3 
2334318773 2334318773 2341422848 2341423103 53 53 0 65535 6 6 2 
2337428384 2337428384 2341422848 2341423103 5540 5540 0 65535 6 6 2 
2338475691 2338475691 3861770240 3861770495 5520 5520 0 65535 6 6 0 
2338475691 2338475691 468496384 468496639 69 69 0 65535 6 6 3 
295646530 295646530 73146880 73147135 25 25 0 65535 6 6 3 
295646530 295646530 362647040 362647295 161 161 0 65535 6 6 3 
301668071 301668071 3209016576 3209016831 1433 1433 0 65535 6 6 1 
301680254 301680254 1452543488 1452543743 5530 5530 0 65535 6 6 4 
301680254 301680254 3206255872 3206256127 80 80 0 65535 6 6 4 
468482085 468482085 2721554432 2721554687 53 53 0 65535 6 6 1 
458214907 458214907 2800958208 2800958463 20 20 0 65535 6 6 1 
73250064 73250064 2950214656 2950214911 53 53 0 65535 6 6 0 
240788568 240788568 2950175488 2950175743 5550 5550 0 65535 6 6 1 
240730639 240730639 2950175488 2950175743 1098 1098 0 65535 6 6 3 
240714862 240714862 1493555712 1493555967 5550 5550 0 65535 6 6 0 
240714859 240714859 2941066496 2941066751 1433 1433 0 65535 6 6 2 
877217361 877217361 703550720 703550975 161 161 0 65535 6 6 0 
858735176 858735176 877897472 877897727 161 161 0 65535 6 6 3 
762645612 762645612 2233310720 2233310975 5500 5500 0 65535 6 6 1 
759691025 759691025 2265143040 2265143295 161 161 0 65535 6 6 2 
703570528 703570528 2265143040 2265143295 1433 1433 0 65535 6 6 3 
665677359 665677359 1578625280 1578625535 161 161 0 65535 6 6 3 
656748056 656748056 3719794688 3719794943 5500 5500 0 65535 6 6 1 
656749646 656749646 3684780032 3684780287 1433 1433 0 65535 6 6 0 
2101978654 2101978654 3560224512 3560224767 1433 1433 0 65535 6 6 0 
1959549543 1959549543 2050642688 2050642943 53 53 0 65535 6 6 2 
1984124071 1984124071 3526856704 3526856959 161 161 0 65535 6 6 3 
1620809724 1620809724 3530202112 3530202367 5530 5530 0 65535 6 6 1 
1620809724 1620809724 1620809472 1620809727 161 161 0 65535 6 6 0 
1620804631 1620804631 1734958592 1734958847 5632 5632 0 65535 6 6 2 
1620812317 1620812317 2050642688 2050642943 80 80 0 65535 6 6 4 
1801464728 1801464728 3442157312 3442157567 123 123 0 65535 6 6 0 
1766057075 1766057075 3310264064 3310264319 22 22 0 65535 6 6 4 
1763944009 1763944009 25408512 25408767 5500 5500 0 65535 6 6 3 
1230635401 1230635401 3262012416 3262012671 500 500 0 65535 6 6 2 
1230635401 1230635401 3242036224 3242036479 123 123 0 65535 6 6 1 
1230635401 1230635401 1195242240 1195242495 80 80 0 65535 6 6 1 
1195214069 1195214069 3248590592 3248590847 53 53 0 65535 6 6 3 
1121457180 1121457180 3248590592 3248590847 5540 5540 0 65535 6 6 1 
1581573482 1581573482 4241907456 4241907711 1433 1433 0 65535 6 6 0 
1581573482 1581573482 4241907456 4241907711 25 25 0 65535 6 6 4 
1581573482 1581573482 1195242240 1195242495 53 53 0 65535 6 6 1 
1581573479 1581573479 70731520 70731775 80 80 0 65535 6 6 1 
1581573479 1581573479 70725120 70725375 53 53 0 65535 6 6 3 
1343057677 1343057677 4099686400 4099686655 80 80 0 65535 6 6 2 
3864432596 3864432596 1855913216 1855913279 20 21 0 65535 6 6 3 
3864432596 3864432596 3873566720 3873566783 109 110 0 65535 6 6 1 
2800780101 2800780101 4052337472 4052337535 20 21 0 65535 17 17 0 
3032613411 3032613411 888222016 888222079 109 110 0 65535 17 17 2 
1343057677 1343057677 4050063552 4050063615 109 110 0 65535 17 17 0 
3864432128 3864432383 1770681244 1770681244 0 65535 25 25 6 6 2 
3949948160 3949948415 1770693566 1770693566 0 65535 514 514 6 6 2 
3949958400 3949958655 3958664528 3958664528 0 65535 514 514 6 6 0 
3949958400 3949958655 3864432593 3864432593 0 65535 5540 5540 6 6 2 
3950634752 3950635007 1763906027 1763906027 0 65535 514 514 6 6 0 
3950624256 3950624511 1734959100 1734959100 0 65535 514 514 6 6 4 
3950624256 3950624511 2668440113 2668440113 0 65535 80 80 6 6 0 
4057790976 4057791231 1617983839 1617983839 0 65535 514 514 6 6 0 
3536368640 3536368895 2443801812 2443801812 0 65535 514 514 6 6 0 
3529841408 3529841663 1225387787 1225387787 0 65535 69 69 6 6 4 
3526856704 3526856959 2531513988 2531513988 0 65535 9003 9003 6 6 2 
3645952256 3645952511 1117503200 1117503200 0 65535 514 514 6 6 4 
3643606016 3643606271 3251453002 3251453002 0 65535 53 53 6 6 4 
3251601664 3251601919 1202258461 1202258461 0 65535 53 53 6 6 4 
3251601664 3251601919 1202258461 1202258461 0 65535 69 69 6 6 1 
3251453184 3251453439 2520193076 2520193076 0 65535 53 53 6 6 2 
3444232448 3444232703 2524576774 2524576774 0 65535 69 69 6 6 2 
3444203776 3444204031 656748105 656748105 0 65535 69 69 6 6 4 
2780330496 2780330751 3206232666 3206232666 0 65535 69 69 6 6 1 
2780330496 2780330751 759663929 759663929 0 65535 69 69 6 6 2 
2780330496 2780330751 2524573234 2524573234 0 65535 5550 5550 6 6 2 
2794784768 2794785023 689831746 689831746 0 65535 514 514 6 6 2 
2937375744 2937375999 4056017459 4056017459 0 65535 1433 1433 6 6 3 
3172333312 3172333567 945863614 945863614 0 65535 143 143 6 6 3 
3206255616 3206255871 1014376392 1014376392 0 65535 80 80 6 6 1 
2527177984 2527178239 2527147767 2527147767 0 65535 53 53 6 6 4 
2529484800 2529485055 1009856511 1009856511 0 65535 1646 1646 6 6 1 
2531470848 2531471103 2524534370 2524534370 0 65535 9003 9003 6 6 3 
2520193280 2520193535 1022413484 1022413484 0 65535 514 514 6 6 1 
2680316160 2680316415 2524534370 2524534370 0 65535 162 162 6 6 3 
2274732800 2274733055 301702826 301702826 0 65535 80 80 6 6 2 
2274732800 2274733055 3873566819 3873566819 0 65535 9003 9003 6 6 0 
2278462464 2278462719 2341424741 2341424741 0 65535 69 69 6 6 2 
2278462464 2278462719 3861903352 3861903352 0 65535 137 137 6 6 1 
2337427968 2337428223 468496388 468496388 0 65535 514 514 6 6 4 
2338475776 2338476031 3861770430 3861770430 0 65535 514 514 6 6 3 
2338475776 2338476031 453992705 453992705 0 65535 514 514 6 6 1 
295646208 295646463 459024944 459024944 0 65535 514 514 6 6 0 
301680384 301680639 1195242461 1195242461 0 65535 514 514 6 6 4 
301680384 301680639 1452543678 1452543678 0 65535 69 69 6 6 4 
301680384 301680639 1400532168 1400532168 0 65535 514 514 6 6 4 
301680384 301680639 459025046 459025046 0 65535 7000 7000 6 6 0 
301680384 301680639 3206256047 3206256047 0 65535 514 514 6 6 1 
301680384 301680639 3206256047 3206256047 0 65535 1723 1723 6 6 4 
468473088 468473343 3206256047 3206256047 0 65535 119 119 6 6 2 
468482304 468482559 73174891 73174891 0 65535 119 119 6 6 3 
459025152 459025407 1355715591 1355715591 0 65535 500 500 6 6 2 
458194688 458194943 73196807 73196807 0 65535 69 69 6 6 4 
458214400 458214655 2800958389 2800958389 0 65535 69 69 6 6 0 
458214400 458214655 2800780219 2800780219 0 65535 514 514 6 6 4 
33238016 33238271 2883771783 2883771783 0 65535 69 69 6 6 2 
33155584 33155839 2883771785 2883771785 0 65535 69 69 6 6 0 
73249792 73250047 1493605466 1493605466 0 65535 69 69 6 6 1 
240788736 240788991 1493503441 1493503441 0 65535 514 514 6 6 4 
240788736 240788991 240839093 240839093 0 65535 22 22 6 6 4 
240730880 240731135 2937338726 2937338726 0 65535 22 22 6 6 2 
240715008 240715263 1493555826 1493555826 0 65535 80 80 6 6 0 
877217536 877217791 703550911 703550911 0 65535 9003 9003 6 6 4 
1017593344 1017593599 2150978206 2150978206 0 65535 80 80 6 6 1 
1017593344 1017593599 1589370302 1589370302 0 65535 53 53 6 6 4 
759677184 759677439 703550863 703550863 0 65535 9003 9003 6 6 4 
703560448 703560703 1589366615 1589366615 0 65535 69 69 6 6 3 
703570688 703570943 1017637492 1017637492 0 65535 123 123 6 6 1 
703570688 703570943 2265142981 2265142981 0 65535 139 139 6 6 1 
703570688 703570943 2265142981 2265142981 0 65535 53 53 6 6 0 
703570688 703570943 2265142981 2265142981 0 65535 514 514 6 6 1 
703570688 703570943 2265142981 2265142981 0 65535 69 69 6 6 0 
703570688 703570943 1017637492 1017637492 0 65535 25 25 6 6 1 
665678336 665678591 2273766872 2273766872 0 65535 143 143 6 6 2 
656749824 656750079 1578625512 1578625512 0 65535 53 53 6 6 4 
2052941312 2052941567 1620812461 1620812461 0 65535 25 25 6 6 0 
2052941312 2052941567 3560224291 3560224291 0 65535 5540 5540 6 6 1 
2108596224 2108596479 459069763 459069763 0 65535 32774 32774 6 6 4 
2101978880 2101979135 459078088 459078088 0 65535 1433 1433 6 6 1 
1959549440 1959549695 2050642689 2050642689 0 65535 1433 1433 6 6 4 
1990660352 1990660607 3536357776 3536357776 0 65535 119 119 6 6 2 
1617963008 1617963263 2050642689 2050642689 0 65535 514 514 6 6 3 
1620812544 1620812799 3462428936 3462428936 0 65535 69 69 6 6 3 
1766056960 1766057215 3310264225 3310264225 0 65535 80 80 6 6 3 
1763944704 1763944959 1620812460 1620812460 0 65535 69 69 6 6 1 
1763944192 1763944447 1801464626 1801464626 0 65535 80 80 6 6 3 
1230635008 1230635263 3262013404 3262013404 0 65535 25 25 6 6 4 
1230635008 1230635263 3261869162 3261869162 0 65535 80 80 6 6 1 
1121457408 1121457663 1581579123 1581579123 0 65535 9003 9003 6 6 3 
1581573120 1581573375 4099735034 4099735034 0 65535 69 69 6 6 3 
1581573120 1581573375 1581573516 1581573516 0 65535 5540 5540 6 6 2 
1343057408 1343057663 4099686625 4099686625 0 65535 137 137 6 6 4 
1343057408 1343057663 73152693 73152693 0 65535 6346 6346 6 6 2 
1343057408 1343057663 4050103116 4050103116 0 65535 500 500 6 6 3 
1343057408 1343057663 4050102138 4050102138 0 65535 69 69 6 6 4 
1343057408 1343057663 73148839 73148839 0 65535 9003 9003 6 6 0 
3949958208 3949958271 4056017459 4056017459 0 65535 109 110 6 6 4 
4056017408 4056017471 2680349732 2680349732 0 65535 109 110 17 17 4 
2794790208 2794790271 689790466 689790466 0 65535 1645 1646 17 17 1 
2937374144 2937374207 689864941 689864941 0 65535 1812 1813 17 17 4 
2937376192 2937376255 697332669 697332669 0 65535 20 21 6 6 3 
2520193024 2520193087 2278475086 2278475086 0 65535 1812 1813 17 17 2 
2278462784 2278462847 506284879 506284879 0 65535 1812 1813 6 6 2 
301680128 301680191 1452543711 1452543711 0 65535 20 21 17 17 3 
458181504 458181567 2791114205 2791114205 0 65535 1812 1813 17 17 0 
73250112 73250175 73209358 73209358 0 65535 109 110 6 6 0 
240714752 240714815 2937338726 2937338726 0 65535 1812 1813 17 17 1 
858735104 858735167 2346141113 2346141113 0 65535 20 21 6 6 0 
1017593664 1017593727 2150978206 2150978206 0 65535 109 110 6 6 0 
1195213952 1195214015 3248590784 3248590784 0 65535 1645 1646 17 17 1 
3950624599 3950624599 3950585600 3950585727 20 21 0 65535 6 6 1 
4227155711 4227155711 1240708480 1240708607 1645 1646 0 65535 6 6 2 
3251453082 3251453082 1195213824 1195213951 20 21 0 65535 6 6 4 
4056017520 4056017520 4099686400 4099686655 0 65535 25 25 6 6 0 
4056017520 4056017520 2676050176 2676050431 0 65535 80 80 6 6 3 
3530007364 3530007364 1236370432 1236370687 0 65535 69 69 6 6 0 
3251450239 3251450239 1195214080 1195214335 0 65535 80 80 6 6 4 
2594217444 2594217444 1017597184 1017597439 0 65535 143 143 6 6 4 
2594217444 2594217444 1017597184 1017597439 0 65535 4899 4899 6 6 4 
887375710 887375710 2941066496 2941066751 0 65535 69 69 6 6 2 
1017593639 1017593639 945863424 945863679 0 65535 9003 9003 6 6 1 
1117497698 1117497698 79636224 79636479 0 65535 113 113 6 6 1 
4056017536 4056017663 3864415383 3864415383 0 65535 69 69 17 17 3 
4056017536 4056017663 1617961998 1617961998 0 65535 514 514 17 17 3 
3525965824 3525965951 2443801812 2443801812 0 65535 514 514 6 6 3 
3251451008 3251451135 3530164207 3530164207 0 65535 69 69 6 6 3 
3251450240 3251450367 2520248511 2520248511 0 65535 1214 1214 17 17 3 
3444203648 3444203775 656759125 656759125 0 65535 53 53 6 6 1 
2780330880 2780331007 4052304443 4052304443 0 65535 25 25 17 17 1 
3172333184 3172333311 3950527661 3950527661 0 65535 32774 32774 6 6 1 
3172270592 3172270719 945863614 945863614 0 65535 5631 5631 17 17 2 
2520193152 2520193279 1022413484 1022413484 0 65535 53 53 17 17 4 
2274732544 2274732671 506284872 506284872 0 65535 514 514 17 17 1 
2341422976 2341423103 468469608 468469608 0 65535 119 119 6 6 3 
301670144 301670271 301680344 301680344 0 65535 514 514 6 6 4 
301680256 301680383 1452564892 1452564892 0 65535 80 80 17 17 0 
33201024 33201151 2883774980 2883774980 0 65535 22 22 17 17 0 
73200768 73200895 33155986 33155986 0 65535 514 514 6 6 3 
703570560 703570687 1017637492 1017637492 0 65535 514 514 6 6 4 
2052934016 2052934143 3643581973 3643581973 0 65535 514 514 17 17 4 
2052941696 2052941823 1620812461 1620812461 0 65535 1433 1433 17 17 3 
1763948160 1763948287 1620812460 1620812460 0 65535 53 53 17 17 3 
1230635264 1230635391 3261870075 3261870075 0 65535 514 514 17 17 2 
1230635264 1230635391 3261870062 3261870062 0 65535 69 69 17 17 3 
1230635264 1230635391 3242036405 3242036405 0 65535 22 22 17 17 1 
1195213824 1195213951 1581555595 1581555595 0 65535 69 69 17 17 3 
4238920960 4238921215 2443801725 2443801725 1433 1433 0 65535 6 6 3 
3642204672 3642204927 3530164207 3530164207 22 22 0 65535 6 6 4 
3251451136 3251451391 2520227091 2520227091 161 161 0 65535 6 6 1 
2800749056 2800749311 693459176 693459176 161 161 0 65535 6 6 0 
2794789888 2794790143 689790529 689790529 5500 5500 0 65535 6 6 2 
2794784768 2794785023 689869204 689869204 53 53 0 65535 6 6 0 
2937375744 2937375999 4056017459 4056017459 25 25 0 65535 6 6 2 
2941251584 2941251839 3989564133 3989564133 161 161 0 65535 6 6 3 
3172270848 3172271103 2941251921 2941251921 25 25 0 65535 6 6 2 
2594216960 2594217215 3836195611 3836195611 161 161 0 65535 6 6 1 
2278462464 2278462719 2150978206 2150978206 5540 5540 0 65535 6 6 0 
2341422592 2341422847 2278462913 2278462913 161 161 0 65535 6 6 3 
2341422592 2341422847 2346141113 2346141113 22 22 0 65535 6 6 4 
459025152 459025407 1355715591 1355715591 143 143 0 65535 6 6 3 
1017593344 1017593599 703550863 703550863 1433 1433 0 65535 6 6 0 
1954074368 1954074623 459078088 459078088 143 143 0 65535 6 6 2 
1230635008 1230635263 1581518780 1581518780 1433 1433 0 65535 6 6 3 
1581573120 1581573375 70725286 70725286 1098 1098 0 65535 6 6 4 
1343057408 1343057663 70725286 70725286 5530 5530 0 65535 6 6 1 
3206256000 3206256127 3784690531 3784690531 0 65535 20 21 6 6 2 
240730752 240730879 2937338726 2937338726 0 65535 20 21 6 6 0 
1763944009 1763944009 25371136 25371199 20 23 0 65535 6 6 2 
3874595840 3874596095 2050647526 2050647526 0 65535 9003 9003 17 17 1 
3867175168 3867175423 2273763507 2273763507 0 65535 9003 9003 6 6 2 
3864432128 3864432383 2278503822 2278503822 0 65535 80 80 17 17 2 
3864432128 3864432383 2050645243 2050645243 0 65535 139 139 6 6 0 
3864432128 3864432383 2050645243 2050645243 0 65535 514 514 6 6 1 
3864432128 3864432383 2050645243 2050645243 0 65535 9003 9003 17 17 3 
3864432128 3864432383 2050645243 2050645243 0 65535 5500 5500 17 17 1 
3864432128 3864432383 2050645243 2050645243 0 65535 162 162 17 17 3 
3864432128 3864432383 2278455914 2278455914 0 65535 514 514 17 17 4 
3864432128 3864432383 3950624672 3950624672 0 65535 69 69 6 6 1 
3864432128 3864432383 2050645243 2050645243 0 65535 80 80 17 17 3 
3864432128 3864432383 4056017459 4056017459 0 65535 9003 9003 17 17 3 
3864432128 3864432383 1855913332 1855913332 0 65535 25 25 6 6 4 
3864432128 3864432383 2278455908 2278455908 0 65535 69 69 17 17 0 
3864432128 3864432383 2278438893 2278438893 0 65535 9003 9003 17 17 2 
3864432128 3864432383 2278438909 2278438909 0 65535 5631 5631 17 17 4 
3864432128 3864432383 3861770430 3861770430 0 65535 80 80 6 6 0 
3864432128 3864432383 1801464626 1801464626 0 65535 514 514 17 17 4 
3864432128 3864432383 3864432593 3864432593 0 65535 9003 9003 6 6 0 
3864432128 3864432383 2598746569 2598746569 0 65535 69 69 17 17 0 
3864432128 3864432383 1770681234 1770681234 0 65535 137 137 17 17 1 
3949940480 3949940735 3946282267 3946282267 0 65535 80 80 17 17 4 
3949958400 3949958655 1765834428 1765834428 0 65535 69 69 17 17 1 
3949958400 3949958655 1765828062 1765828062 0 65535 9003 9003 6 6 3 
3949958400 3949958655 1765828062 1765828062 0 65535 514 514 6 6 1 
3950637568 3950637823 1763906128 1763906128 0 65535 80 80 17 17 3 
3950634752 3950635007 2621596697 2621596697 0 65535 9003 9003 6 6 4 
3950634752 3950635007 1763906027 1763906027 0 65535 514 514 17 17 1 
3950634752 3950635007 4056017459 4056017459 0 65535 514 514 17 17 1 
3950634752 3950635007 1763948537 1763948537 0 65535 5520 5520 17 17 3 
3950624256 3950624511 3864432593 3864432593 0 65535 137 137 17 17 1 
3950624256 3950624511 3958664528 3958664528 0 65535 32774 32774 17 17 1 
3950624256 3950624511 1734959100 1734959100 0 65535 162 162 17 17 1 
3950624256 3950624511 3946282267 3946282267 0 65535 5510 5510 6 6 2 
3950624256 3950624511 2619946199 2619946199 0 65535 5510 5510 6 6 1 
3950624256 3950624511 2620062637 2620062637 0 65535 80 80 17 17 1 
3950624256 3950624511 2620062040 2620062040 0 65535 514 514 17 17 4 
3950624256 3950624511 3251601519 3251601519 0 65535 80 80 17 17 1 
3950624256 3950624511 3989468290 3989468290 0 65535 69 69 17 17 4 
3950624256 3950624511 1734959100 1734959100 0 65535 9003 9003 17 17 3 
3950624256 3950624511 1734959100 1734959100 0 65535 162 162 6 6 1 
4057743360 4057743615 1617983838 1617983838 0 65535 69 69 6 6 0 
4057790976 4057791231 1617983824 1617983824 0 65535 80 80 17 17 0 
4057790976 4057791231 1617983828 1617983828 0 65535 514 514 17 17 2 
4056017664 4056017919 2672980978 2672980978 0 65535 113 113 17 17 2 
4056017664 4056017919 2672980959 2672980959 0 65535 113 113 17 17 0 
4056017664 4056017919 1617957150 1617957150 0 65535 514 514 17 17 1 
4056017664 4056017919 4241907674 4241907674 0 65535 53 53 17 17 0 
4056017664 4056017919 1617961998 1617961998 0 65535 500 500 17 17 0 
4056017664 4056017919 1617961998 1617961998 0 65535 8875 8875 17 17 1 
4056017664 4056017919 1617961998 1617961998 0 65535 69 69 17 17 2 
4056017664 4056017919 3864432594 3864432594 0 65535 514 514 17 17 2 
4056017664 4056017919 1626160038 1626160038 0 65535 25 25 17 17 3 
4056017664 4056017919 2680350307 2680350307 0 65535 514 514 17 17 4 
4056017664 4056017919 1626333293 1626333293 0 65535 25 25 6 6 2 
4230778368 4230778623 1626333293 1626333293 0 65535 514 514 17 17 1 
4227902720 4227902975 2680349952 2680349952 0 65535 53 53 17 17 4 
4241907456 4241907711 4239439959 4239439959 0 65535 53 53 17 17 1 
4238878720 4238878975 1626333575 1626333575 0 65535 5520 5520 17 17 4 
4238903040 4238903295 4056017459 4056017459 0 65535 69 69 17 17 3 
4238920960 4238921215 1620785308 1620785308 0 65535 80 80 17 17 0 
4238920960 4238921215 2443801717 2443801717 0 65535 23 23 17 17 4 
4238920960 4238921215 1620785308 1620785308 0 65535 25 25 6 6 4 
4221492480 4221492735 2443801725 2443801725 0 65535 80 80 17 17 2 
4227156224 4227156479 3864432592 3864432592 0 65535 514 514 17 17 3 
4227155712 4227155967 1620809569 1620809569 0 65535 9003 9003 6 6 4 
4227155712 4227155967 1620812461 1620812461 0 65535 69 69 17 17 3 
4227155712 4227155967 1323738768 1323738768 0 65535 80 80 6 6 3 
4227155712 4227155967 3864432593 3864432593 0 65535 69 69 17 17 1 
4227155712 4227155967 2443801812 2443801812 0 65535 25 25 17 17 1 
3536329216 3536329471 1240708607 1240708607 0 65535 514 514 6 6 1 
3536325120 3536325375 3251601515 3251601515 0 65535 500 500 17 17 0 
3536357376 3536357631 3530164207 3530164207 0 65535 514 514 17 17 1 
3536368640 3536368895 2443801812 2443801812 0 65535 139 139 6 6 3 
3536368640 3536368895 2443801812 2443801812 0 65535 25 25 17 17 3 
3536368640 3536368895 2443801812 2443801812 0 65535 514 514 17 17 3 
3530007296 3530007551 2443801812 2443801812 0 65535 53 53 6 6 4 
3530007296 3530007551 2443801812 2443801812 0 65535 1433 1433 6 6 3 
3530007296 3530007551 2443801812 2443801812 0 65535 53 53 17 17 4 
3529851392 3529851647 1225387784 1225387784 0 65535 80 80 17 17 0 
3529841408 3529841663 2443801812 2443801812 0 65535 9003 9003 6 6 4 
3525921792 3525922047 1225387379 1225387379 0 65535 80 80 6 6 1 
3525921792 3525922047 2443801812 2443801812 0 65535 80 80 17 17 1 
3525919488 3525919743 1230687482 1230687482 0 65535 69 69 17 17 3 
3525919488 3525919743 2443801812 2443801812 0 65535 69 69 6 6 0 
3526856704 3526856959 1230635293 1230635293 0 65535 80 80 6 6 4 
3526856704 3526856959 2527147760 2527147760 0 65535 9003 9003 6 6 1 
3526856704 3526856959 1086810531 1086810531 0 65535 80 80 17 17 2 
3526856704 3526856959 2527147760 2527147760 0 65535 1645 1645 17 17 0 
3526856704 3526856959 3560224291 3560224291 0 65535 110 110 17 17 0 
3526856704 3526856959 2531513988 2531513988 0 65535 9003 9003 17 17 2 
3526856704 3526856959 3643558384 3643558384 0 65535 53 53 17 17 4 
3645952256 3645952511 2531513988 2531513988 0 65535 9003 9003 6 6 4 
3645952256 3645952511 1122962639 1122962639 0 65535 500 500 17 17 4 
3642204672 3642204927 3719784777 3719784777 0 65535 80 80 6 6 0 
3642204672 3642204927 1117476098 1117476098 0 65535 53 53 6 6 1 
3642204672 3642204927 2531473478 2531473478 0 65535 69 69 17 17 2 
3643581952 3643582207 2531473497 2531473497 0 65535 80 80 17 17 3 
3643606016 3643606271 1202258461 1202258461 0 65535 25 25 17 17 2 
3643606016 3643606271 1202258461 1202258461 0 65535 69 69 17 17 2 
3643606016 3643606271 1202258461 1202258461 0 65535 9003 9003 17 17 2 
3643606016 3643606271 1202258461 1202258461 0 65535 143 143 17 17 2 
3251601664 3251601919 2531471195 2531471195 0 65535 514 514 17 17 2 
3251601664 3251601919 1202258461 1202258461 0 65535 514 514 17 17 2 
3251601664 3251601919 2531471195 2531471195 0 65535 25 25 6 6 2 
3251601664 3251601919 3305700850 3305700850 0 65535 80 80 17 17 0 
3251601664 3251601919 1195214044 1195214044 0 65535 69 69 17 17 1 
3251601664 3251601919 1195214044 1195214044 0 65535 514 514 17 17 2 
3251451136 3251451391 1195214044 1195214044 0 65535 53 53 17 17 4 
3251451136 3251451391 1195214033 1195214033 0 65535 514 514 17 17 2 
3251449856 3251450111 1195214033 1195214033 0 65535 80 80 17 17 2 
3251453184 3251453439 1195214033 1195214033 0 65535 25 25 6 6 4 
3251453184 3251453439 2520191257 2520191257 0 65535 80 80 17 17 0 
3251453184 3251453439 2520191261 2520191261 0 65535 53 53 17 17 4 
3251453184 3251453439 1195242461 1195242461 0 65535 2549 2549 17 17 0 
3251453184 3251453439 1195242461 1195242461 0 65535 22 22 6 6 3 
3251453184 3251453439 548020537 548020537 0 65535 22 22 17 17 3 
3442178560 3442178815 3442202735 3442202735 0 65535 5540 5540 17 17 0 
3442184960 3442185215 3454823949 3454823949 0 65535 514 514 17 17 3 
3442184960 3442185215 671040422 671040422 0 65535 69 69 17 17 3 
3442184960 3442185215 671040323 671040323 0 65535 514 514 17 17 3 
3444237312 3444237567 671040090 671040090 0 65535 25 25 17 17 1 
3444237312 3444237567 2524576774 2524576774 0 65535 119 119 17 17 2 
3444232448 3444232703 659452787 659452787 0 65535 113 113 6 6 0 
3444203776 3444204031 2524573247 2524573247 0 65535 53 53 17 17 3 
3444203776 3444204031 3251453050 3251453050 0 65535 514 514 17 17 0 
3444203776 3444204031 2524573234 2524573234 0 65535 80 80 17 17 1 
3444203776 3444204031 3444227284 3444227284 0 65535 514 514 17 17 1 
2780330496 2780330751 759633017 759633017 0 65535 2549 2549 17 17 2 
2780330496 2780330751 759633017 759633017 0 65535 80 80 17 17 4 
2780330496 2780330751 759676954 759676954 0 65535 514 514 6 6 4 
2780330496 2780330751 3206232666 3206232666 0 65535 514 514 17 17 3 
2801305088 2801305343 693443538 693443538 0 65535 80 80 17 17 1 
2801305088 2801305343 4052337415 4052337415 0 65535 514 514 17 17 4 
2794789888 2794790143 2524573234 2524573234 0 65535 1645 1645 17 17 4 
2794789888 2794790143 693459178 693459178 0 65535 53 53 17 17 2 
2794789888 2794790143 4052337415 4052337415 0 65535 69 69 17 17 1 
2794789888 2794790143 4052337415 4052337415 0 65535 143 143 17 17 1 
2794784768 2794785023 2794785204 2794785204 0 65535 514 514 6 6 4 
2794784768 2794785023 4052337415 4052337415 0 65535 80 80 17 17 2 
2794784768 2794785023 689869186 689869186 0 65535 80 80 17 17 3 
2937373696 2937373951 4056017459 4056017459 0 65535 9003 9003 17 17 0 
2937373696 2937373951 4056017459 4056017459 0 65535 119 119 17 17 3 
2937373696 2937373951 2937373955 2937373955 0 65535 69 69 17 17 2 
2937375744 2937375999 4056017459 4056017459 0 65535 69 69 6 6 1 
2941202176 2941202431 697338531 697338531 0 65535 524 524 17 17 4 
2941202176 2941202431 697452012 697452012 0 65535 5000 5000 6 6 1 
2941202176 2941202431 2937370779 2937370779 0 65535 69 69 6 6 1 
2941245440 2941245695 4056017459 4056017459 0 65535 69 69 6 6 0 
2941245184 2941245439 4056017459 4056017459 0 65535 113 113 17 17 2 
2941251584 2941251839 703535465 703535465 0 65535 139 139 17 17 0 
2941251584 2941251839 4056017459 4056017459 0 65535 69 69 17 17 4 
2941251584 2941251839 4056017459 4056017459 0 65535 9003 9003 6 6 1 
2941251584 2941251839 703535126 703535126 0 65535 69 69 6 6 0 
2941251584 2941251839 703535126 703535126 0 65535 1214 1214 17 17 2 
2941251584 2941251839 703535126 703535126 0 65535 80 80 6 6 1 
3032636160 3032636415 3989468290 3989468290 0 65535 514 514 6 6 3 
3032636160 3032636415 703535126 703535126 0 65535 80 80 17 17 1 
3032636160 3032636415 3989468290 3989468290 0 65535 69 69 17 17 2 
3032636160 3032636415 3989468290 3989468290 0 65535 7777 7777 6 6 2 
3032636160 3032636415 862483542 862483542 0 65535 119 119 17 17 1 
3032636160 3032636415 857078092 857078092 0 65535 445 445 17 17 3 
3032636160 3032636415 857078092 857078092 0 65535 5631 5631 6 6 1 
3032613632 3032613887 857036984 857036984 0 65535 53 53 17 17 3 
3032613632 3032613887 888221981 888221981 0 65535 69 69 17 17 0 
3032613632 3032613887 888221981 888221981 0 65535 113 113 6 6 1 
3032613632 3032613887 888221981 888221981 0 65535 9003 9003 6 6 1 
3032613632 3032613887 2975768219 2975768219 0 65535 161 161 17 17 0 
3032613632 3032613887 877910337 877910337 0 65535 514 514 17 17 0 
3032613632 3032613887 2524519360 2524519360 0 65535 514 514 6 6 2 
3032613632 3032613887 877910337 877910337 0 65535 9003 9003 17 17 1 
3032613632 3032613887 3206232666 3206232666 0 65535 80 80 17 17 1 
3032613632 3032613887 3958664528 3958664528 0 65535 53 53 17 17 0 
3032613632 3032613887 945863614 945863614 0 65535 69 69 17 17 0 
3174626816 3174627071 945863614 945863614 0 65535 69 69 17 17 1 
3173919488 3173919743 945863614 945863614 0 65535 143 143 17 17 0 
3173919488 3173919743 945863614 945863614 0 65535 69 69 6 6 4 
3172275968 3172276223 945863614 945863614 0 65535 514 514 17 17 2 
3172270848 3172271103 3950585840 3950585840 0 65535 514 514 17 17 1 
3208999168 3208999423 3950585676 3950585676 0 65535 1646 1646 6 6 2 
3209011456 3209011711 945863614 945863614 0 65535 514 514 6 6 1 
3204932352 3204932607 3784689984 3784689984 0 65535 53 53 17 17 3 
3204972032 3204972287 3032636067 3032636067 0 65535 53 53 6 6 4 
3204960768 3204961023 1014376446 1014376446 0 65535 113 113 6 6 1 
3206255616 3206255871 3784690142 3784690142 0 65535 25 25 17 17 2 
3206255616 3206255871 2941251855 2941251855 0 65535 9003 9003 17 17 0 
3206255616 3206255871 3784690531 3784690531 0 65535 80 80 17 17 4 
3206255616 3206255871 3784690533 3784690533 0 65535 22 22 17 17 2 
2529513728 2529513983 2680306908 2680306908 0 65535 69 69 17 17 4 
2531473664 2531473919 3784650233 3784650233 0 65535 69 69 17 17 0 
2531470848 2531471103 3784650233 3784650233 0 65535 25 25 17 17 3 
2531470848 2531471103 3784650233 3784650233 0 65535 514 514 17 17 1 
2531470848 2531471103 1009859760 1009859760 0 65535 25 25 17 17 1 
2524524288 2524524543 1009859760 1009859760 0 65535 514 514 6 6 0 
2524573440 2524573695 2680306908 2680306908 0 65535 137 137 6 6 0 
2520193280 2520193535 3784650233 3784650233 0 65535 514 514 17 17 4 
2520193280 2520193535 1022413484 1022413484 0 65535 69 69 17 17 2 
2520193280 2520193535 1022413484 1022413484 0 65535 25 25 17 17 1 
2520193280 2520193535 3836195611 3836195611 0 65535 514 514 6 6 2 
2520193280 2520193535 2278475139 2278475139 0 65535 514 514 17 17 1 
2520193280 2520193535 2443801812 2443801812 0 65535 22 22 6 6 1 
2520193280 2520193535 2520193093 2520193093 0 65535 69 69 17 17 0 
2520193280 2520193535 3836195611 3836195611 0 65535 69 69 17 17 1 
2520193280 2520193535 1017597198 1017597198 0 65535 9003 9003 17 17 3 
2520193280 2520193535 1017597198 1017597198 0 65535 524 524 17 17 0 
2594216960 2594217215 365832413 365832413 0 65535 80 80 17 17 0 
2594216960 2594217215 2278475078 2278475078 0 65535 514 514 6 6 3 
2594216960 2594217215 362647122 362647122 0 65535 9003 9003 6 6 4 
2680302592 2680302847 3867175460 3867175460 0 65535 69 69 17 17 0 
2680296704 2680296959 332452888 332452888 0 65535 514 514 17 17 2 
2680296704 2680296959 2278462972 2278462972 0 65535 69 69 17 17 1 
2680316160 2680316415 286600461 286600461 0 65535 161 161 6 6 0 
2680318720 2680318975 286600475 286600475 0 65535 69 69 17 17 1 
2680318720 2680318975 2278462956 2278462956 0 65535 514 514 6 6 0 
2680318720 2680318975 295689046 295689046 0 65535 69 69 17 17 1 
2680318720 2680318975 3867175462 3867175462 0 65535 80 80 17 17 2 
2680318720 2680318975 3867175462 3867175462 0 65535 514 514 6 6 4 
2680318720 2680318975 2524534370 2524534370 0 65535 53 53 17 17 2 
2680318720 2680318975 3867175462 3867175462 0 65535 69 69 17 17 2 
2680318720 2680318975 2524534370 2524534370 0 65535 9003 9003 6 6 3 
2274732800 2274733055 2524519365 2524519365 0 65535 80 80 17 17 0 
2274732800 2274733055 3873566819 3873566819 0 65535 113 113 17 17 2 
2274732800 2274733055 3873566819 3873566819 0 65535 53 53 17 17 2 
2274732800 2274733055 2524519365 2524519365 0 65535 514 514 17 17 2 
2274732800 2274733055 506284872 506284872 0 65535 69 69 17 17 4 
2278462464 2278462719 506284872 506284872 0 65535 9003 9003 6 6 0 
2278462464 2278462719 506284872 506284872 0 65535 514 514 17 17 2 
2278462464 2278462719 2273763507 2273763507 0 65535 80 80 6 6 4 
2278462464 2278462719 506284879 506284879 0 65535 143 143 17 17 4 
2278462464 2278462719 506284879 506284879 0 65535 69 69 6 6 2 
2278462464 2278462719 468709627 468709627 0 65535 9003 9003 17 17 0 
2278462464 2278462719 2273763507 2273763507 0 65535 69 69 17 17 2 
2278462464 2278462719 468709627 468709627 0 65535 9003 9003 6 6 4 
2341422592 2341422847 468469938 468469938 0 65535 69 69 17 17 3 
2341422592 2341422847 468469851 468469851 0 65535 80 80 17 17 0 
2335095552 2335095807 468469721 468469721 0 65535 514 514 6 6 1 
2334318848 2334319103 2941201827 2941201827 0 65535 69 69 17 17 4 
2337427968 2337428223 468496391 468496391 0 65535 53 53 17 17 4 
2337427968 2337428223 468496388 468496388 0 65535 9003 9003 17 17 4 
2338475776 2338476031 468496388 468496388 0 65535 514 514 17 17 0 
2338475776 2338476031 2524536668 2524536668 0 65535 1433 1433 17 17 3 
2338475776 2338476031 2351932108 2351932108 0 65535 137 137 17 17 0 
2338475776 2338476031 3864482789 3864482789 0 65535 113 113 6 6 1 
2338475776 2338476031 453992707 453992707 0 65535 514 514 17 17 2 
2338475776 2338476031 3864415390 3864415390 0 65535 80 80 6 6 4 
2338475776 2338476031 453992707 453992707 0 65535 9003 9003 17 17 0 
2338475776 2338476031 3864415390 3864415390 0 65535 6699 6699 17 17 3 
295646208 295646463 362647137 362647137 0 65535 25 25 17 17 0 
295646208 295646463 73146990 73146990 0 65535 1433 1433 17 17 1 
301669888 301670143 3218281401 3218281401 0 65535 69 69 17 17 0 
301668096 301668351 3209003670 3209003670 0 65535 53 53 6 6 0 
301680384 301680639 3208988959 3208988959 0 65535 514 514 17 17 0 
301680384 301680639 3208988940 3208988940 0 65535 514 514 17 17 3 
301680384 301680639 3208988940 3208988940 0 65535 139 139 17 17 4 
301680384 301680639 73174351 73174351 0 65535 80 80 17 17 4 
301680384 301680639 1400532184 1400532184 0 65535 514 514 17 17 2 
301680384 301680639 3206256039 3206256039 0 65535 53 53 17 17 4 
301680384 301680639 73174898 73174898 0 65535 53 53 6 6 0 
301680384 301680639 301680344 301680344 0 65535 9003 9003 17 17 3 
301680384 301680639 362647149 362647149 0 65535 25 25 17 17 3 
301680384 301680639 3206256047 3206256047 0 65535 8875 8875 17 17 4 
458596352 458596607 2721554664 2721554664 0 65535 5510 5510 17 17 3 
459025152 459025407 2721554664 2721554664 0 65535 9003 9003 17 17 2 
459025152 459025407 2721554664 2721554664 0 65535 514 514 17 17 4 
459025152 459025407 1355715591 1355715591 0 65535 69 69 17 17 1 
458194688 458194943 73196828 73196828 0 65535 25 25 17 17 4 
458181120 458181375 73196852 73196852 0 65535 53 53 17 17 3 
458181120 458181375 1355715705 1355715705 0 65535 514 514 17 17 1 
458214400 458214655 506284879 506284879 0 65535 80 80 17 17 2 
458214400 458214655 2794843376 2794843376 0 65535 137 137 17 17 0 
458214400 458214655 2794843376 2794843376 0 65535 25 25 17 17 4 
33209088 33209343 2794809759 2794809759 0 65535 69 69 17 17 2 
33231360 33231615 73200799 73200799 0 65535 80 80 17 17 3 
33155584 33155839 25408905 25408905 0 65535 514 514 6 6 3 
33155584 33155839 2883771785 2883771785 0 65535 162 162 6 6 2 
33104384 33104639 2883742270 2883742270 0 65535 137 137 6 6 0 
33104384 33104639 21694316 21694316 0 65535 9003 9003 6 6 4 
33104384 33104639 1343090788 1343090788 0 65535 25 25 17 17 3 
33110016 33110271 1343032249 1343032249 0 65535 80 80 17 17 0 
33110016 33110271 2883742388 2883742388 0 65535 1433 1433 17 17 0 
33110016 33110271 2883742388 2883742388 0 65535 5540 5540 17 17 3 
73200896 73201151 240838748 240838748 0 65535 80 80 17 17 0 
73200896 73201151 73146978 73146978 0 65535 514 514 17 17 0 
73200896 73201151 1493567388 1493567388 0 65535 69 69 17 17 3 
73200896 73201151 1493567465 1493567465 0 65535 161 161 17 17 0 
73200896 73201151 2950214740 2950214740 0 65535 1433 1433 17 17 2 
73249792 73250047 459043764 459043764 0 65535 25 25 17 17 0 
73249792 73250047 70725286 70725286 0 65535 514 514 17 17 1 
73249792 73250047 1493605511 1493605511 0 65535 119 119 17 17 0 
73249792 73250047 2950214736 2950214736 0 65535 6970 6970 17 17 3 
73249792 73250047 459023423 459023423 0 65535 1645 1645 17 17 3 
73249792 73250047 1017593630 1017593630 0 65535 69 69 17 17 4 
73249792 73250047 459023423 459023423 0 65535 53 53 17 17 3 
73249792 73250047 2950175608 2950175608 0 65535 25 25 17 17 1 
240788736 240788991 2950175562 2950175562 0 65535 53 53 6 6 2 
240788736 240788991 2950175562 2950175562 0 65535 80 80 17 17 2 
240788736 240788991 73203250 73203250 0 65535 69 69 6 6 1 
240788736 240788991 240839097 240839097 0 65535 514 514 6 6 4 
240788736 240788991 2950175690 2950175690 0 65535 80 80 6 6 0 
240788736 240788991 2950175690 2950175690 0 65535 25 25 17 17 2 
240730880 240731135 1493503454 1493503454 0 65535 5540 5540 17 17 2 
240730880 240731135 2950175684 2950175684 0 65535 53 53 17 17 1 
240730880 240731135 2937338726 2937338726 0 65535 139 139 17 17 1 
240730880 240731135 459023423 459023423 0 65535 80 80 17 17 2 
240715008 240715263 2937338726 2937338726 0 65535 5510 5510 17 17 4 
240715008 240715263 2937338726 2937338726 0 65535 80 80 17 17 2 
240715008 240715263 2937338726 2937338726 0 65535 137 137 6 6 4 
240715008 240715263 2937373955 2937373955 0 65535 69 69 17 17 1 
240715008 240715263 2937373955 2937373955 0 65535 1214 1214 17 17 2 
240715008 240715263 459024928 459024928 0 65535 162 162 17 17 0 
240715008 240715263 1493555786 1493555786 0 65535 1645 1645 17 17 1 
240715008 240715263 134321579 134321579 0 65535 69 69 17 17 3 
240715008 240715263 2941071607 2941071607 0 65535 514 514 17 17 3 
887375616 887375871 2941066530 2941066530 0 65535 69 69 17 17 1 
877872640 877872895 2941066530 2941066530 0 65535 514 514 17 17 3 
877888512 877888767 1563154434 1563154434 0 65535 80 80 17 17 1 
877217536 877217791 2941201829 2941201829 0 65535 69 69 17 17 2 
877217536 877217791 1563154432 1563154432 0 65535 514 514 17 17 4 
857020928 857021183 1567941633 1567941633 0 65535 22 22 17 17 1 
857037056 857037311 703550909 703550909 0 65535 9003 9003 17 17 1 
857037056 857037311 1567941633 1567941633 0 65535 9003 9003 17 17 1 
858735360 858735615 1567941634 1567941634 0 65535 5540 5540 17 17 1 
858735360 858735615 2334318599 2334318599 0 65535 80 80 17 17 2 
858735360 858735615 2346141073 2346141073 0 65535 514 514 17 17 0 
858735360 858735615 2346141113 2346141113 0 65535 25 25 17 17 3 
858735360 858735615 2346141113 2346141113 0 65535 514 514 17 17 1 
1014375936 1014376191 1014376392 1014376392 0 65535 25 25 17 17 3 
1014375936 1014376191 2341463054 2341463054 0 65535 143 143 17 17 3 
1014375936 1014376191 2341463050 2341463050 0 65535 80 80 17 17 2 
1009849600 1009849855 2341463050 2341463050 0 65535 9003 9003 17 17 4 
1009849600 1009849855 1017613871 1017613871 0 65535 1433 1433 6 6 2 
1009849600 1009849855 73146992 73146992 0 65535 119 119 17 17 1 
1009856768 1009857023 1567941688 1567941688 0 65535 514 514 17 17 0 
1009856000 1009856255 2341424717 2341424717 0 65535 514 514 17 17 4 
1009856000 1009856255 2155310287 2155310287 0 65535 69 69 6 6 2 
1017593344 1017593599 2155310305 2155310305 0 65535 514 514 6 6 0 
1017593344 1017593599 945863614 945863614 0 65535 9003 9003 17 17 3 
1017593344 1017593599 1017613871 1017613871 0 65535 69 69 17 17 4 
1017593344 1017593599 1017593823 1017593823 0 65535 53 53 17 17 2 
1017593344 1017593599 1592425264 1592425264 0 65535 162 162 17 17 2 
1017593344 1017593599 1592425264 1592425264 0 65535 5500 5500 6 6 0 
1017593344 1017593599 1592425264 1592425264 0 65535 53 53 17 17 2 
1017593344 1017593599 1592425264 1592425264 0 65535 69 69 17 17 3 
1017593344 1017593599 2150978206 2150978206 0 65535 80 80 17 17 1 
1017593344 1017593599 2150978206 2150978206 0 65535 9003 9003 17 17 4 
1017593344 1017593599 2150978206 2150978206 0 65535 113 113 17 17 4 
1017593344 1017593599 2150978206 2150978206 0 65535 69 69 17 17 0 
1017593344 1017593599 2233305076 2233305076 0 65535 113 113 17 17 1 
1017593344 1017593599 1589370302 1589370302 0 65535 80 80 17 17 1 
1017593344 1017593599 2233304110 2233304110 0 65535 53 53 17 17 3 
769288960 769289215 2233310959 2233310959 0 65535 80 80 17 17 0 
769288960 769289215 1017593823 1017593823 0 65535 80 80 17 17 0 
762645760 762646015 2233310950 2233310950 0 65535 9003 9003 17 17 2 
762645760 762646015 2233310950 2233310950 0 65535 119 119 17 17 2 
759663616 759663871 656751985 656751985 0 65535 514 514 17 17 1 
759677184 759677439 2265142981 2265142981 0 65535 1646 1646 17 17 0 
697528064 697528319 2265142981 2265142981 0 65535 9003 9003 17 17 2 
697528064 697528319 1589366615 1589366615 0 65535 9003 9003 17 17 4 
703560448 703560703 2265142981 2265142981 0 65535 9003 9003 17 17 2 
703560448 703560703 2265142981 2265142981 0 65535 1645 1645 17 17 1 
703560448 703560703 1017637492 1017637492 0 65535 514 514 6 6 3 
703570688 703570943 1017637492 1017637492 0 65535 53 53 6 6 1 
703570688 703570943 2265142981 2265142981 0 65535 113 113 17 17 4 
703570688 703570943 2265142981 2265142981 0 65535 69 69 17 17 1 
703570688 703570943 2273733174 2273733174 0 65535 25 25 17 17 3 
703570688 703570943 703550863 703550863 0 65535 22 22 17 17 1 
665678336 665678591 2273733174 2273733174 0 65535 113 113 17 17 0 
665678336 665678591 1578625512 1578625512 0 65535 80 80 17 17 1 
665677568 665677823 2273766711 2273766711 0 65535 514 514 17 17 3 
656748288 656748543 3724218299 3724218299 0 65535 139 139 17 17 0 
656748288 656748543 548020537 548020537 0 65535 53 53 17 17 3 
656749824 656750079 1017613834 1017613834 0 65535 9003 9003 6 6 1 
656749824 656750079 1017613834 1017613834 0 65535 80 80 6 6 4 
656749824 656750079 3684844095 3684844095 0 65535 514 514 17 17 1 
656749824 656750079 3684844095 3684844095 0 65535 9003 9003 17 17 4 
656749824 656750079 3684734794 3684734794 0 65535 80 80 17 17 3 
656751616 656751871 3654146665 3654146665 0 65535 53 53 17 17 0 
656751616 656751871 1017613870 1017613870 0 65535 1433 1433 17 17 2 
656751616 656751871 1581518646 1581518646 0 65535 9003 9003 17 17 1 
2052933632 2052933887 454021075 454021075 0 65535 514 514 6 6 3 
2052933632 2052933887 1620812461 1620812461 0 65535 1433 1433 6 6 3 
2052933632 2052933887 454021075 454021075 0 65535 139 139 17 17 1 
2052941312 2052941567 1620812461 1620812461 0 65535 9003 9003 17 17 0 
2052941312 2052941567 3643558371 3643558371 0 65535 9003 9003 17 17 4 
2052941312 2052941567 3560224291 3560224291 0 65535 25 25 17 17 4 
2101978880 2101979135 3560224291 3560224291 0 65535 6699 6699 17 17 0 
2101978880 2101979135 459078088 459078088 0 65535 514 514 6 6 3 
2101978880 2101979135 459078088 459078088 0 65535 53 53 17 17 0 
2101978880 2101979135 1916682823 1916682823 0 65535 514 514 17 17 2 
2101978880 2101979135 459078088 459078088 0 65535 9003 9003 17 17 4 
2101978880 2101979135 3536325111 3536325111 0 65535 69 69 17 17 0 
2101978880 2101979135 3536325110 3536325110 0 65535 53 53 17 17 4 
2101978880 2101979135 1620812460 1620812460 0 65535 25 25 6 6 1 
1959575040 1959575295 3536325112 3536325112 0 65535 137 137 17 17 2 
1959575040 1959575295 459078088 459078088 0 65535 69 69 17 17 0 
1954074368 1954074623 459078088 459078088 0 65535 139 139 17 17 3 
1954074368 1954074623 3536369019 3536369019 0 65535 53 53 17 17 2 
1954074368 1954074623 459078088 459078088 0 65535 53 53 6 6 1 
1954074368 1954074623 3536357801 3536357801 0 65535 25 25 17 17 2 
1954074368 1954074623 459042652 459042652 0 65535 69 69 17 17 4 
1954074368 1954074623 3536357776 3536357776 0 65535 514 514 17 17 3 
1990660352 1990660607 3536357776 3536357776 0 65535 514 514 6 6 3 
1990660352 1990660607 3536357776 3536357776 0 65535 25 25 6 6 0 
1984124160 1984124415 3536357776 3536357776 0 65535 69 69 6 6 1 
1984124160 1984124415 3536357776 3536357776 0 65535 514 514 6 6 4 
1984124160 1984124415 3526753154 3526753154 0 65535 514 514 6 6 4 
1984124160 1984124415 3526692778 3526692778 0 65535 5631 5631 17 17 0 
1984124160 1984124415 134321579 134321579 0 65535 53 53 17 17 2 
1984124160 1984124415 134321579 134321579 0 65535 69 69 17 17 0 
1984124160 1984124415 3526692775 3526692775 0 65535 1433 1433 17 17 3 
1984124160 1984124415 134321579 134321579 0 65535 139 139 6 6 1 
1984124160 1984124415 3526857066 3526857066 0 65535 80 80 6 6 0 
1984124160 1984124415 212737952 212737952 0 65535 514 514 6 6 0 
1617963008 1617963263 3530202190 3530202190 0 65535 6970 6970 17 17 1 
1617963008 1617963263 3530202190 3530202190 0 65535 6699 6699 17 17 0 
1617963008 1617963263 212735069 212735069 0 65535 25 25 17 17 3 
1617963008 1617963263 212735166 212735166 0 65535 80 80 6 6 1 
1617963008 1617963263 2050642689 2050642689 0 65535 143 143 17 17 0 
1617963008 1617963263 3530202190 3530202190 0 65535 53 53 17 17 4 
1620809216 1620809471 2050642689 2050642689 0 65535 1723 1723 17 17 2 
1620804864 1620805119 249184463 249184463 0 65535 80 80 17 17 1 
1620804864 1620805119 3530202190 3530202190 0 65535 5540 5540 17 17 2 
1620804864 1620805119 249184463 249184463 0 65535 25 25 6 6 3 
1620812544 1620812799 3530164207 3530164207 0 65535 23 23 17 17 0 
1620812544 1620812799 3384012939 3384012939 0 65535 514 514 6 6 2 
1620812544 1620812799 3383996225 3383996225 0 65535 80 80 17 17 0 
1620812544 1620812799 1620812460 1620812460 0 65535 9003 9003 17 17 4 
1620812544 1620812799 1617961998 1617961998 0 65535 25 25 6 6 2 
1620812544 1620812799 3386407569 3386407569 0 65535 514 514 17 17 0 
1620812544 1620812799 3462427885 3462427885 0 65535 143 143 17 17 0 
1620812544 1620812799 3454938134 3454938134 0 65535 6346 6346 17 17 0 
1620812544 1620812799 3454799932 3454799932 0 65535 69 69 6 6 2 
1801464320 1801464575 2050642689 2050642689 0 65535 514 514 17 17 4 
1801464320 1801464575 240760398 240760398 0 65535 69 69 6 6 0 
1801464320 1801464575 2050642689 2050642689 0 65535 1646 1646 17 17 0 
1801464320 1801464575 3442157525 3442157525 0 65535 80 80 6 6 4 
1801464320 1801464575 240788688 240788688 0 65535 514 514 17 17 1 
1801464320 1801464575 3444204278 3444204278 0 65535 69 69 6 6 1 
1801464320 1801464575 1620812460 1620812460 0 65535 69 69 17 17 4 
1801464320 1801464575 3444232262 3444232262 0 65535 69 69 6 6 1 
1801464320 1801464575 1581518601 1581518601 0 65535 69 69 17 17 0 
1801464320 1801464575 1855913319 1855913319 0 65535 80 80 17 17 0 
1766056960 1766057215 3310264225 3310264225 0 65535 53 53 17 17 2 
1766056960 1766057215 21694311 21694311 0 65535 69 69 17 17 3 
1763944704 1763944959 3305646877 3305646877 0 65535 514 514 17 17 4 
1763944704 1763944959 3305646288 3305646288 0 65535 69 69 17 17 0 
1230635008 1230635263 1323738771 1323738771 0 65535 119 119 6 6 0 
1230635008 1230635263 1195242461 1195242461 0 65535 32774 32774 17 17 1 
1230635008 1230635263 3262012782 3262012782 0 65535 9003 9003 17 17 0 
1230635008 1230635263 3262012782 3262012782 0 65535 514 514 17 17 1 
1230635008 1230635263 1581555618 1581555618 0 65535 80 80 17 17 1 
1230635008 1230635263 33123647 33123647 0 65535 9003 9003 17 17 0 
1230635008 1230635263 3261869156 3261869156 0 65535 514 514 17 17 3 
1230635008 1230635263 3242036403 3242036403 0 65535 1645 1645 17 17 1 
1230635008 1230635263 1323738771 1323738771 0 65535 514 514 17 17 4 
1230635008 1230635263 1195242461 1195242461 0 65535 69 69 17 17 1 
1230635008 1230635263 3242036403 3242036403 0 65535 80 80 6 6 2 
1230635008 1230635263 3242036403 3242036403 0 65535 119 119 17 17 0 
1230635008 1230635263 3242036405 3242036405 0 65535 9003 9003 6 6 3 
1230635008 1230635263 1581555594 1581555594 0 65535 5550 5550 6 6 4 
1230635008 1230635263 3242036405 3242036405 0 65535 514 514 17 17 1 
1202292992 1202293247 3242036405 3242036405 0 65535 1433 1433 17 17 0 
1202292992 1202293247 79686734 79686734 0 65535 514 514 17 17 2 
1202292992 1202293247 3242036405 3242036405 0 65535 53 53 6 6 1 
1202292992 1202293247 1620812461 1620812461 0 65535 113 113 17 17 1 
1196596224 1196596479 79686734 79686734 0 65535 69 69 17 17 4 
1196596224 1196596479 3242036405 3242036405 0 65535 53 53 6 6 2 
1195214080 1195214335 3248590784 3248590784 0 65535 53 53 17 17 1 
1195214080 1195214335 1581555595 1581555595 0 65535 22 22 17 17 0 
1195214080 1195214335 1230635327 1230635327 0 65535 514 514 17 17 0 
1121457408 1121457663 3248590784 3248590784 0 65535 69 69 6 6 3 
1117497344 1117497599 3251630837 3251630837 0 65535 139 139 17 17 4 
1117497344 1117497599 79636092 79636092 0 65535 69 69 17 17 2 
1117497344 1117497599 4221492473 4221492473 0 65535 80 80 6 6 3 
1117497344 1117497599 4227148363 4227148363 0 65535 25 25 17 17 2 
1117497344 1117497599 1581573440 1581573440 0 65535 9003 9003 17 17 2 
1117497344 1117497599 1581573456 1581573456 0 65535 514 514 17 17 0 
1578625280 1578625535 4239439959 4239439959 0 65535 514 514 17 17 2 
1578577152 1578577407 1578625512 1578625512 0 65535 514 514 17 17 1 
1578577152 1578577407 4239439959 4239439959 0 65535 514 514 17 17 1 
1581578752 1581579007 79636094 79636094 0 65535 514 514 17 17 1 
0 4294967295 0 4294967295 0 65535 0 65535 0 255 1 
