1581573120 1581573375 4241907674 4241907674 0 65535 80 80 17 17 3 
1581573120 1581573375 70732646 70732646 0 65535 69 69 17 17 1 
1581573120 1581573375 1195242461 1195242461 0 65535 514 514 17 17 3 
1581573120 1581573375 4099735034 4099735034 0 65535 5550 5550 17 17 3 
1581573120 1581573375 4099734932 4099734932 0 65535 69 69 6 6 3 
1581573120 1581573375 70731605 70731605 0 65535 514 514 17 17 1 
1581573120 1581573375 70725286 70725286 0 65535 514 514 17 17 4 
1581573120 1581573375 70725286 70725286 0 65535 139 139 17 17 1 
1581573120 1581573375 4099686625 4099686625 0 65535 9003 9003 17 17 4 
1343057408 1343057663 4099686625 4099686625 0 65535 22 22 17 17 1 
1343057408 1343057663 70725286 70725286 0 65535 514 514 6 6 3 
1343057408 1343057663 1195242461 1195242461 0 65535 53 53 17 17 3 
1343057408 1343057663 4050063521 4050063521 0 65535 69 69 17 17 0 
1343057408 1343057663 1343032249 1343032249 0 65535 514 514 17 17 1 
1343057408 1343057663 4050063521 4050063521 0 65535 22 22 17 17 1 
1343057408 1343057663 4050103172 4050103172 0 65535 69 69 17 17 1 
1343057408 1343057663 4050103148 4050103148 0 65535 5510 5510 17 17 0 
1343057408 1343057663 4050103116 4050103116 0 65535 9003 9003 17 17 3 
1343057408 1343057663 1195242461 1195242461 0 65535 514 514 6 6 4 
1343057408 1343057663 4050102138 4050102138 0 65535 514 514 17 17 0 
1343057408 1343057663 4050102138 4050102138 0 65535 53 53 6 6 0 
1343057408 1343057663 1452543514 1452543514 0 65535 9003 9003 17 17 1 
3867175085 3867175085 2050647808 2050648063 161 161 0 65535 17 17 4 
3867175084 3867175084 4056017664 4056017919 22 22 0 65535 6 6 2 
3864432596 3864432596 2278455808 2278456063 5500 5500 0 65535 17 17 0 
3864432596 3864432596 2050645248 2050645503 23 23 0 65535 17 17 3 
3864432596 3864432596 3784649984 3784650239 53 53 0 65535 6 6 4 
3864432596 3864432596 1801464576 1801464831 1098 1098 0 65535 6 6 1 
3864432596 3864432596 3950634496 3950634751 80 80 0 65535 17 17 3 
3949958178 3949958178 2587957760 2587958015 1433 1433 0 65535 17 17 0 
3950634577 3950634577 1763905792 1763906047 5510 5510 0 65535 17 17 2 
3950634577 3950634577 1763948288 1763948543 5510 5510 0 65535 6 6 2 
3950634577 3950634577 1763948288 1763948543 5550 5550 0 65535 17 17 1 
3950634577 3950634577 1763943936 1763944191 25 25 0 65535 17 17 0 
3950634577 3950634577 4056017664 4056017919 161 161 0 65535 17 17 0 
3950624599 3950624599 1734958592 1734958847 25 25 0 65535 17 17 0 
3950624599 3950624599 1734958592 1734958847 53 53 0 65535 17 17 2 
3950624599 3950624599 1734958592 1734958847 80 80 0 65535 6 6 3 
4057757948 4057757948 2668470272 2668470527 161 161 0 65535 17 17 0 
4057757946 4057757946 1734958592 1734958847 143 143 0 65535 6 6 3 
4057791380 4057791380 1617983744 1617983999 1433 1433 0 65535 17 17 0 
4056017520 4056017520 1617983744 1617983999 1433 1433 0 65535 6 6 2 
4056017520 4056017520 1617962240 1617962495 5631 5631 0 65535 6 6 1 
4056017520 4056017520 4056017408 4056017663 5631 5631 0 65535 17 17 0 
4056017520 4056017520 2676050176 2676050431 5510 5510 0 65535 17 17 1 
4056017520 4056017520 2680349696 2680349951 5520 5520 0 65535 17 17 4 
4238878803 4238878803 1626333440 1626333695 500 500 0 65535 6 6 3 
4238878803 4238878803 1626333440 1626333695 53 53 0 65535 6 6 0 
4238878936 4238878936 2680306688 2680306943 25 25 0 65535 17 17 0 
4238920925 4238920925 4056017664 4056017919 5530 5530 0 65535 6 6 1 
4221470453 4221470453 1620785152 1620785407 22 22 0 65535 17 17 2 
4227156216 4227156216 1620785152 1620785407 5510 5510 0 65535 17 17 3 
4227155711 4227155711 3864432384 3864432639 53 53 0 65535 17 17 4 
3536325432 3536325432 1240682752 1240683007 161 161 0 65535 17 17 2 
3536369036 3536369036 2443801856 2443802111 22 22 0 65535 17 17 0 
3530007364 3530007364 1236370432 1236370687 161 161 0 65535 6 6 3 
3529851832 3529851832 1225387776 1225388031 1433 1433 0 65535 6 6 3 
3525919373 3525919373 1230687232 1230687487 25 25 0 65535 6 6 0 
3526844413 3526844413 2527178496 2527178751 53 53 0 65535 17 17 2 
3526857082 3526857082 2527147520 2527147775 53 53 0 65535 17 17 0 
3526857082 3526857082 2527147520 2527147775 69 69 0 65535 6 6 0 
3526857082 3526857082 1112414976 1112415231 161 161 0 65535 17 17 3 
3526857082 3526857082 1112414976 1112415231 22 22 0 65535 17 17 2 
3526857082 3526857082 1112414464 1112414719 53 53 0 65535 6 6 3 
3526857082 3526857082 1112414464 1112414719 1433 1433 0 65535 17 17 2 
3645952202 3645952202 1123005696 1123005951 123 123 0 65535 17 17 1 
3642205050 3642205050 1202258688 1202258943 53 53 0 65535 17 17 2 
3643582365 3643582365 1202258688 1202258943 5540 5540 0 65535 6 6 4 
3643582365 3643582365 2531473408 2531473663 1433 1433 0 65535 6 6 2 
3643582365 3643582365 2531473408 2531473663 80 80 0 65535 6 6 1 
3643582365 3643582365 2531473408 2531473663 161 161 0 65535 17 17 0 
3643582365 3643582365 3251450112 3251450367 161 161 0 65535 6 6 0 
3643582365 3643582365 2531471104 2531471359 5550 5550 0 65535 6 6 1 
3643606394 3643606394 3530163968 3530164223 5530 5530 0 65535 6 6 3 
3643606394 3643606394 1202258688 1202258943 1098 1098 0 65535 6 6 1 
3643606394 3643606394 1202258688 1202258943 5500 5500 0 65535 6 6 3 
3251601643 3251601643 3530163968 3530164223 161 161 0 65535 17 17 1 
3251601643 3251601643 1202258688 1202258943 161 161 0 65535 6 6 4 
3251601643 3251601643 3864415232 3864415487 80 80 0 65535 17 17 3 
3251601640 3251601640 1195214080 1195214335 5540 5540 0 65535 17 17 0 
3251450239 3251450239 1195214080 1195214335 53 53 0 65535 17 17 1 
3251450239 3251450239 2520248320 2520248575 20 20 0 65535 17 17 1 
3251450239 3251450239 1195214080 1195214335 137 137 0 65535 17 17 3 
3251450239 3251450239 3530163968 3530164223 25 25 0 65535 17 17 2 
3251453082 3251453082 1195214080 1195214335 25 25 0 65535 17 17 0 
3251453082 3251453082 3444227072 3444227327 25 25 0 65535 6 6 3 
3251453082 3251453082 3530163968 3530164223 5540 5540 0 65535 6 6 0 
3442184914 3442184914 664570880 664571135 53 53 0 65535 17 17 0 
3444232337 3444232337 3442202624 3442202879 5550 5550 0 65535 6 6 2 
3444203591 3444203591 656781312 656781567 5530 5530 0 65535 17 17 0 
3444203591 3444203591 3530163968 3530164223 53 53 0 65535 6 6 2 
3444203591 3444203591 656781312 656781567 25 25 0 65535 17 17 4 
3444203627 3444203627 656748032 656748287 161 161 0 65535 17 17 2 
2780330821 2780330821 3206232576 3206232831 161 161 0 65535 17 17 0 
2780330821 2780330821 2783964928 2783965183 5550 5550 0 65535 17 17 4 
2780330821 2780330821 759683328 759683583 161 161 0 65535 17 17 0 
2780330821 2780330821 4052304384 4052304639 143 143 0 65535 17 17 4 
2780330821 2780330821 693443328 693443583 5520 5520 0 65535 6 6 4 
2801305327 2801305327 693443328 693443583 53 53 0 65535 6 6 4 
2800780101 2800780101 4052337152 4052337407 5632 5632 0 65535 17 17 1 
2800780101 2800780101 693458944 693459199 5550 5550 0 65535 17 17 1 
2794785046 2794785046 4056017664 4056017919 53 53 0 65535 17 17 0 
2794785043 2794785043 3206232576 3206232831 80 80 0 65535 17 17 0 
2937374097 2937374097 689864704 689864959 161 161 0 65535 6 6 0 
2937376074 2937376074 4056017664 4056017919 53 53 0 65535 6 6 4 
2937376071 2937376071 2937370624 2937370879 25 25 0 65535 17 17 3 
2941202122 2941202122 4056017664 4056017919 5632 5632 0 65535 17 17 0 
2941202151 2941202151 4056017664 4056017919 80 80 0 65535 17 17 1 
2941202157 2941202157 697470720 697470975 1433 1433 0 65535 17 17 1 
2941245794 2941245794 697470720 697470975 161 161 0 65535 17 17 2 
2941245951 2941245951 697470720 697470975 80 80 0 65535 6 6 4 
2941252043 2941252043 703535360 703535615 53 53 0 65535 17 17 3 
2941252043 2941252043 3206232576 3206232831 161 161 0 65535 6 6 0 
2941252043 2941252043 703535104 703535359 1098 1098 0 65535 17 17 0 
2941252043 2941252043 3989563904 3989564159 143 143 0 65535 17 17 4 
3032613411 3032613411 3958664192 3958664447 53 53 0 65535 6 6 4 
3032613411 3032613411 888221952 888222207 80 80 0 65535 17 17 3 
3032613411 3032613411 888221952 888222207 53 53 0 65535 6 6 1 
3032613411 3032613411 875473920 875474175 53 53 0 65535 6 6 2 
3032613411 3032613411 877897472 877897727 22 22 0 65535 17 17 1 
3032613411 3032613411 3946282240 3946282495 53 53 0 65535 6 6 3 
3181690878 3181690878 3946282240 3946282495 1433 1433 0 65535 17 17 3 
3173919338 3173919338 945863424 945863679 5632 5632 0 65535 17 17 1 
3173919338 3173919338 945863424 945863679 137 137 0 65535 17 17 0 
3172285886 3172285886 945863424 945863679 161 161 0 65535 6 6 0 
3172270791 3172270791 3950585600 3950585855 161 161 0 65535 6 6 1 
3204968197 3204968197 3784689920 3784690175 22 22 0 65535 17 17 1 
3204962579 3204962579 1014376192 1014376447 53 53 0 65535 6 6 2 
3206255928 3206255928 3784689920 3784690175 53 53 0 65535 17 17 4 
3206255928 3206255928 1014376192 1014376447 161 161 0 65535 17 17 1 
3206255928 3206255928 3784690432 3784690687 80 80 0 65535 17 17 3 
3206255928 3206255928 3784649984 3784650239 5510 5510 0 65535 17 17 3 
2524573215 2524573215 2524573184 2524573439 161 161 0 65535 6 6 0 
2524573215 2524573215 1009859584 1009859839 161 161 0 65535 6 6 3 
2520193115 2520193115 1009859584 1009859839 53 53 0 65535 17 17 4 
2520193115 2520193115 1022413568 1022413823 161 161 0 65535 6 6 4 
2520193115 2520193115 3836195328 3836195583 1098 1098 0 65535 17 17 2 
2520193115 2520193115 2680316160 2680316415 53 53 0 65535 17 17 1 
2520193115 2520193115 1022413568 1022413823 53 53 0 65535 17 17 2 
2520193115 2520193115 1022413568 1022413823 161 161 0 65535 17 17 4 
2594217444 2594217444 1017597184 1017597439 22 22 0 65535 17 17 0 
2594217444 2594217444 1017597184 1017597439 5632 5632 0 65535 17 17 4 
2594217444 2594217444 3836195328 3836195583 5632 5632 0 65535 17 17 2 
2594217444 2594217444 365832192 365832447 53 53 0 65535 6 6 1 
2594217444 2594217444 3836195328 3836195583 1433 1433 0 65535 17 17 2 
2594217444 2594217444 2524534528 2524534783 161 161 0 65535 6 6 3 
2680294368 2680294368 332551680 332551935 5530 5530 0 65535 6 6 1 
2680316003 2680316003 286600448 286600703 80 80 0 65535 17 17 0 
2680318515 2680318515 2680318464 2680318719 5540 5540 0 65535 17 17 1 
2680318514 2680318514 3867175424 3867175679 161 161 0 65535 17 17 4 
2680318513 2680318513 295688960 295689215 161 161 0 65535 6 6 3 
2680318513 2680318513 3867175424 3867175679 143 143 0 65535 17 17 2 
2680318513 2680318513 3867175424 3867175679 5520 5520 0 65535 6 6 3 
2680318513 2680318513 3867175424 3867175679 161 161 0 65535 17 17 4 
2278462761 2278462761 506284544 506284799 25 25 0 65535 17 17 2 
2278462761 2278462761 3873566720 3873566975 53 53 0 65535 6 6 2 
2278462761 2278462761 506284544 506284799 80 80 0 65535 17 17 4 
2278462729 2278462729 506284544 506284799 5632 5632 0 65535 17 17 1 
2278462729 2278462729 3873566720 3873566975 53 53 0 65535 17 17 1 
2278462729 2278462729 506284544 506284799 53 53 0 65535 6 6 1 
2278462729 2278462729 2524518400 2524518655 5510 5510 0 65535 6 6 3 
2278462728 2278462728 468709376 468709631 143 143 0 65535 17 17 1 
2278462728 2278462728 468709376 468709631 25 25 0 65535 17 17 2 
2278462728 2278462728 3873566720 3873566975 123 123 0 65535 6 6 3 
2278462728 2278462728 468709376 468709631 5540 5540 0 65535 6 6 2 
2278462728 2278462728 468709376 468709631 5520 5520 0 65535 17 17 3 
2341422918 2341422918 3861756416 3861756671 161 161 0 65535 17 17 2 
2341422918 2341422918 468469504 468469759 161 161 0 65535 17 17 4 
2334318773 2334318773 3861753856 3861754111 161 161 0 65535 17 17 3 
2334318773 2334318773 468496384 468496639 53 53 0 65535 17 17 0 
2334318773 2334318773 3861753856 3861754111 161 161 0 65535 6 6 3 
2338475691 2338475691 468496384 468496639 53 53 0 65535 17 17 0 
2338475691 2338475691 3861770240 3861770495 5631 5631 0 65535 17 17 3 
295646530 295646530 301680128 301680383 1433 1433 0 65535 6 6 4 
295646530 295646530 1017593600 1017593855 5540 5540 0 65535 17 17 4 
301668071 301668071 3218280960 3218281215 1433 1433 0 65535 6 6 2 
301680254 301680254 73174272 73174527 53 53 0 65535 17 17 4 
301680254 301680254 3208988672 3208988927 53 53 0 65535 17 17 2 
301680254 301680254 3208988672 3208988927 161 161 0 65535 6 6 0 
301680254 301680254 3208988672 3208988927 161 161 0 65535 17 17 2 
301680254 301680254 3206195712 3206195967 5550 5550 0 65535 17 17 2 
301680254 301680254 1452543488 1452543743 1433 1433 0 65535 17 17 2 
301680254 301680254 459024896 459025151 53 53 0 65535 6 6 4 
301680254 301680254 362647040 362647295 25 25 0 65535 6 6 3 
301680254 301680254 286600448 286600703 5550 5550 0 65535 6 6 0 
468482049 468482049 3206232576 3206232831 5550 5550 0 65535 17 17 0 
468482085 468482085 73174784 73175039 5632 5632 0 65535 6 6 0 
459024935 459024935 2783964928 2783965183 1433 1433 0 65535 17 17 4 
458219407 458219407 73196800 73197055 161 161 0 65535 17 17 2 
73200725 73200725 2883742208 2883742463 25 25 0 65535 6 6 4 
73250064 73250064 459023360 459023615 53 53 0 65535 17 17 4 
73250064 73250064 2950175488 2950175743 161 161 0 65535 17 17 4 
240788568 240788568 2950175488 2950175743 5550 5550 0 65535 17 17 0 
240730638 240730638 2950175488 2950175743 143 143 0 65535 17 17 4 
240730638 240730638 1493503232 1493503487 161 161 0 65535 6 6 0 
240714862 240714862 2937338624 2937338879 25 25 0 65535 17 17 3 
240714863 240714863 2937373952 2937374207 5520 5520 0 65535 17 17 4 
240714859 240714859 2941071360 2941071615 135 135 0 65535 6 6 4 
240714859 240714859 1493555712 1493555967 5632 5632 0 65535 17 17 3 
240714859 240714859 2941071360 2941071615 53 53 0 65535 17 17 1 
240714859 240714859 2941066496 2941066751 25 25 0 65535 6 6 1 
887375710 887375710 2941066496 2941066751 25 25 0 65535 17 17 3 
877888965 877888965 1563154432 1563154687 25 25 0 65535 17 17 0 
877217370 877217370 2941201664 2941201919 5520 5520 0 65535 6 6 2 
877217360 877217360 2941201664 2941201919 161 161 0 65535 17 17 2 
877217361 877217361 1563154432 1563154687 5550 5550 0 65535 17 17 4 
857036859 857036859 1567941632 1567941887 25 25 0 65535 17 17 1 
858735176 858735176 73146880 73147135 5500 5500 0 65535 17 17 3 
858735176 858735176 2334318592 2334318847 161 161 0 65535 6 6 3 
858735176 858735176 2341463552 2341463807 500 500 0 65535 6 6 1 
858735176 858735176 2341463552 2341463807 161 161 0 65535 6 6 3 
1009856577 1009856577 2341426176 2341426431 5540 5540 0 65535 17 17 0 
1017593639 1017593639 2150978048 2150978303 22 22 0 65535 17 17 2 
1017593639 1017593639 2150978048 2150978303 1433 1433 0 65535 17 17 3 
1017593639 1017593639 945863424 945863679 500 500 0 65535 17 17 2 
1017593639 1017593639 2150978048 2150978303 80 80 0 65535 17 17 0 
1017593639 1017593639 2233304832 2233305087 161 161 0 65535 17 17 0 
764465972 764465972 2233304064 2233304319 5530 5530 0 65535 6 6 2 
769309161 769309161 769308928 769309183 143 143 0 65535 17 17 0 
762645612 762645612 1589370112 1589370367 500 500 0 65535 17 17 3 
703560349 703560349 2265143040 2265143295 161 161 0 65535 17 17 4 
703560349 703560349 1017636864 1017637119 1433 1433 0 65535 6 6 1 
703560350 703560350 2265143040 2265143295 5530 5530 0 65535 6 6 2 
703570528 703570528 1578585344 1578585599 161 161 0 65535 17 17 3 
703570528 703570528 1017637376 1017637631 80 80 0 65535 17 17 1 
703570528 703570528 1017637376 1017637631 161 161 0 65535 17 17 3 
665678775 665678775 2273766656 2273766911 161 161 0 65535 17 17 3 
665677353 665677353 1017613824 1017614079 137 137 0 65535 6 6 0 
665677353 665677353 703550720 703550975 137 137 0 65535 6 6 4 
656748056 656748056 1578625280 1578625535 123 123 0 65535 17 17 2 
656752125 656752125 3684801280 3684801535 1433 1433 0 65535 17 17 4 
656752125 656752125 1581540096 1581540351 161 161 0 65535 6 6 4 
656752125 656752125 3652698112 3652698367 22 22 0 65535 17 17 4 
2052937399 2052937399 3643660800 3643661055 161 161 0 65535 17 17 0 
2052933999 2052933999 3643581952 3643582207 161 161 0 65535 17 17 4 
2052933999 2052933999 454020864 454021119 1433 1433 0 65535 6 6 0 
2052941605 2052941605 3643581952 3643582207 161 161 0 65535 17 17 4 
2052941605 2052941605 2052941568 2052941823 53 53 0 65535 17 17 2 
2101978644 2101978644 3560224512 3560224767 20 20 0 65535 17 17 2 
1959575266 1959575266 1959535104 1959535359 1433 1433 0 65535 17 17 3 
1954074126 1954074126 3536368896 3536369151 53 53 0 65535 6 6 3 
1954074126 1954074126 3536368896 3536369151 5520 5520 0 65535 6 6 3 
1954074126 1954074126 3536368896 3536369151 161 161 0 65535 6 6 0 
1954074127 1954074127 3536357632 3536357887 53 53 0 65535 17 17 0 
1984124066 1984124066 3526753024 3526753279 5631 5631 0 65535 17 17 1 
1984124066 1984124066 3526752000 3526752255 5550 5550 0 65535 17 17 3 
1984124071 1984124071 3526844160 3526844415 161 161 0 65535 17 17 2 
1984124071 1984124071 3526844160 3526844415 1433 1433 0 65535 17 17 3 
1617963468 1617963468 3526856704 3526856959 161 161 0 65535 17 17 3 
1617963468 1617963468 3530202112 3530202367 22 22 0 65535 17 17 4 
1617963468 1617963468 2050642688 2050642943 161 161 0 65535 17 17 3 
1617963468 1617963468 249187584 249187839 53 53 0 65535 17 17 4 
1620809724 1620809724 3530202112 3530202367 5510 5510 0 65535 6 6 0 
1620804631 1620804631 249184256 249184511 80 80 0 65535 17 17 0 
1620804631 1620804631 1763944448 1763944703 80 80 0 65535 6 6 2 
1620804631 1620804631 3530163968 3530164223 143 143 0 65535 17 17 2 
1620804631 1620804631 3530163968 3530164223 25 25 0 65535 17 17 0 
1620812317 1620812317 249184256 249184511 25 25 0 65535 17 17 2 
1620812317 1620812317 3462428928 3462429183 161 161 0 65535 17 17 0 
1620812316 1620812316 3454799872 3454800127 161 161 0 65535 6 6 1 
1620812316 1620812316 240751616 240751871 25 25 0 65535 17 17 0 
1801464728 1801464728 3454823936 3454824191 5530 5530 0 65535 6 6 2 
1801464728 1801464728 1620812544 1620812799 161 161 0 65535 17 17 4 
1766057075 1766057075 3310264064 3310264319 5510 5510 0 65535 17 17 3 
1763948080 1763948080 21693952 21694207 5530 5530 0 65535 17 17 0 
1763948080 1763948080 21693952 21694207 5540 5540 0 65535 6 6 2 
1763944633 1763944633 3305646848 3305647103 53 53 0 65535 6 6 2 
1763944009 1763944009 3305646080 3305646335 161 161 0 65535 6 6 3 
1763944009 1763944009 1855913216 1855913471 5540 5540 0 65535 6 6 3 
1763944009 1763944009 3305700608 3305700863 25 25 0 65535 17 17 1 
1230635401 1230635401 33231616 33231871 53 53 0 65535 6 6 2 
1230635401 1230635401 1581518592 1581518847 22 22 0 65535 6 6 2 
1230635401 1230635401 3262013184 3262013439 143 143 0 65535 17 17 3 
1230635401 1230635401 1581518592 1581518847 53 53 0 65535 17 17 0 
1230635401 1230635401 33155840 33156095 25 25 0 65535 17 17 0 
1230635401 1230635401 3261869056 3261869311 161 161 0 65535 17 17 1 
1230635401 1230635401 3242036224 3242036479 161 161 0 65535 6 6 3 
1230635401 1230635401 3242036224 3242036479 53 53 0 65535 6 6 4 
1202292995 1202292995 3242036224 3242036479 53 53 0 65535 17 17 2 
1191187675 1191187675 1581555200 1581555455 5510 5510 0 65535 17 17 3 
1195214069 1195214069 3248590592 3248590847 143 143 0 65535 6 6 4 
1195214069 1195214069 79636224 79636479 53 53 0 65535 17 17 3 
1121457263 1121457263 1581579008 1581579263 1433 1433 0 65535 17 17 2 
1117497698 1117497698 3251601408 3251601663 25 25 0 65535 6 6 0 
1117497698 1117497698 4227148032 4227148287 22 22 0 65535 17 17 0 
1589369645 1589369645 4271056384 4271056639 161 161 0 65535 6 6 2 
1589348593 1589348593 4271056384 4271056639 161 161 0 65535 17 17 1 
1589348595 1589348595 1581573376 1581573631 161 161 0 65535 17 17 3 
1589348595 1589348595 79636224 79636479 161 161 0 65535 6 6 0 
1578625211 1578625211 4239439872 4239440127 161 161 0 65535 6 6 3 
1578576959 1578576959 4241932288 4241932543 161 161 0 65535 17 17 4 
1581579162 1581579162 1493555712 1493555967 135 135 0 65535 17 17 2 
1581579167 1581579167 4241907456 4241907711 5550 5550 0 65535 17 17 1 
1581573482 1581573482 70731520 70731775 161 161 0 65535 6 6 2 
1581573479 1581573479 4099734784 4099735039 80 80 0 65535 17 17 1 
1581573479 1581573479 4099734784 4099735039 161 161 0 65535 6 6 2 
1581573479 1581573479 1493555712 1493555967 5520 5520 0 65535 17 17 1 
1343057677 1343057677 4050063360 4050063615 53 53 0 65535 6 6 3 
1343057677 1343057677 1195242240 1195242495 161 161 0 65535 6 6 1 
1343057676 1343057676 4050103040 4050103295 80 80 0 65535 17 17 2 
1343057676 1343057676 4050103040 4050103295 53 53 0 65535 17 17 1 
1343057676 1343057676 4050102016 4050102271 5550 5550 0 65535 6 6 4 
1343057676 1343057676 4050102016 4050102271 80 80 0 65535 6 6 4 
1343057676 1343057676 1195242240 1195242495 53 53 0 65535 6 6 4 
1343057676 1343057676 4050102016 4050102271 161 161 0 65535 17 17 2 
3864432596 3864432596 2278503680 2278503935 0 65535 69 69 6 6 4 
3949940759 3949940759 1770681088 1770681343 0 65535 514 514 6 6 3 
4230778417 4230778417 3864432384 3864432639 0 65535 514 514 17 17 2 
4238920922 4238920922 2443801856 2443802111 0 65535 69 69 6 6 2 
4227155711 4227155711 1323738624 1323738879 0 65535 80 80 17 17 0 
3645952197 3645952197 2531513856 2531514111 0 65535 80 80 17 17 1 
3642205050 3642205050 1202258688 1202258943 0 65535 9003 9003 6 6 1 
3643606394 3643606394 2531471104 2531471359 0 65535 514 514 17 17 2 
3643606394 3643606394 3719784704 3719784959 0 65535 1214 1214 17 17 2 
3444203591 3444203591 3530163968 3530164223 0 65535 69 69 17 17 1 
2794785043 2794785043 689864704 689864959 0 65535 514 514 17 17 4 
3032635912 3032635912 862483456 862483711 0 65535 69 69 6 6 2 
2520193115 2520193115 1009859584 1009859839 0 65535 514 514 6 6 3 
301670297 301670297 1195242240 1195242495 0 65535 69 69 17 17 4 
33238209 33238209 2883771648 2883771903 0 65535 1723 1723 6 6 3 
33156070 33156070 2883771648 2883771903 0 65535 1646 1646 6 6 0 
33156070 33156070 33155840 33156095 0 65535 25 25 17 17 1 
240788568 240788568 249184256 249184511 0 65535 514 514 17 17 0 
877888965 877888965 2941066496 2941066751 0 65535 69 69 6 6 4 
1017593638 1017593638 2155341056 2155341311 0 65535 53 53 17 17 1 
1017593639 1017593639 703550720 703550975 0 65535 69 69 17 17 1 
769288717 769288717 2233310720 2233310975 0 65535 69 69 17 17 2 
703570528 703570528 2265143040 2265143295 0 65535 514 514 17 17 2 
656748056 656748056 3719794688 3719794943 0 65535 5550 5550 6 6 4 
1954074126 1954074126 459077888 459078143 0 65535 524 524 17 17 2 
1620804631 1620804631 3530163968 3530164223 0 65535 1433 1433 17 17 0 
1620812316 1620812316 2050642688 2050642943 0 65535 6346 6346 6 6 1 
1230635401 1230635401 33233664 33233919 0 65535 80 80 17 17 1 
1196593177 1196593177 3242036224 3242036479 0 65535 80 80 17 17 0 
1578576959 1578576959 4241932288 4241932543 0 65535 113 113 17 17 3 
1343057676 1343057676 73209600 73209855 0 65535 53 53 17 17 4 
1343057676 1343057676 73152768 73153023 0 65535 69 69 17 17 4 
1343057676 1343057676 1343057664 1343057919 0 65535 6699 6699 17 17 0 
3864432128 3864432383 2050645243 2050645243 80 80 0 65535 6 6 1 
3864432128 3864432383 1855913332 1855913332 5530 5530 0 65535 17 17 0 
3864432128 3864432383 3864432593 3864432593 53 53 0 65535 17 17 0 
3949948160 3949948415 4056017459 4056017459 161 161 0 65535 17 17 4 
3950634752 3950635007 1763948406 1763948406 161 161 0 65535 17 17 2 
4238878720 4238878975 2680306871 2680306871 5510 5510 0 65535 17 17 4 
3251601664 3251601919 1202258461 1202258461 161 161 0 65535 17 17 3 
3251601664 3251601919 3530164207 3530164207 22 22 0 65535 6 6 0 
3251601664 3251601919 1195214044 1195214044 25 25 0 65535 6 6 4 
3251449856 3251450111 1195214033 1195214033 5550 5550 0 65535 6 6 0 
3442203648 3442203903 2524576774 2524576774 53 53 0 65535 6 6 2 
3442184960 3442185215 671043402 671043402 53 53 0 65535 17 17 1 
3444203776 3444204031 656781436 656781436 161 161 0 65535 17 17 4 
3444203776 3444204031 3530164207 3530164207 53 53 0 65535 17 17 0 
2800749056 2800749311 4052337415 4052337415 53 53 0 65535 17 17 1 
2800747264 2800747519 693459176 693459176 53 53 0 65535 17 17 1 
2794784768 2794785023 689831746 689831746 161 161 0 65535 17 17 3 
2941202176 2941202431 3206232666 3206232666 143 143 0 65535 6 6 3 
3032613632 3032613887 3958664528 3958664528 5540 5540 0 65535 6 6 2 
3032613632 3032613887 888221981 888221981 500 500 0 65535 17 17 1 
2520193280 2520193535 2531471195 2531471195 161 161 0 65535 17 17 4 
2680316160 2680316415 286600468 286600468 161 161 0 65535 17 17 2 
2680316160 2680316415 2680316072 2680316072 53 53 0 65535 17 17 1 
2278462464 2278462719 506284879 506284879 22 22 0 65535 17 17 4 
2278462464 2278462719 2150978206 2150978206 53 53 0 65535 6 6 0 
2278462464 2278462719 3873566819 3873566819 161 161 0 65535 6 6 2 
2278462464 2278462719 2265142981 2265142981 22 22 0 65535 17 17 0 
2337427968 2337428223 2524536665 2524536665 5632 5632 0 65535 17 17 1 
295646208 295646463 73146990 73146990 161 161 0 65535 17 17 4 
295646208 295646463 3218281401 3218281401 161 161 0 65535 17 17 0 
301668096 301668351 3209011761 3209011761 1433 1433 0 65535 17 17 0 
301680384 301680639 295646719 295646719 53 53 0 65535 17 17 1 
33200896 33201151 2794787827 2794787827 5500 5500 0 65535 17 17 2 
240788736 240788991 240788705 240788705 161 161 0 65535 17 17 2 
240730880 240731135 240760398 240760398 161 161 0 65535 17 17 1 
240715008 240715263 2937370862 2937370862 161 161 0 65535 17 17 4 
857037056 857037311 2351932108 2351932108 5530 5530 0 65535 6 6 2 
858735360 858735615 2346141113 2346141113 53 53 0 65535 17 17 0 
858735360 858735615 1017613871 1017613871 5550 5550 0 65535 17 17 2 
697528064 697528319 2265142981 2265142981 80 80 0 65535 6 6 1 
703570688 703570943 2265142981 2265142981 25 25 0 65535 6 6 4 
656748288 656748543 3719703255 3719703255 161 161 0 65535 17 17 1 
656749824 656750079 1017613834 1017613834 1433 1433 0 65535 17 17 2 
2101978880 2101979135 1620812460 1620812460 5520 5520 0 65535 17 17 0 
1984124160 1984124415 3536357776 3536357776 143 143 0 65535 6 6 2 
1984124160 1984124415 3526692778 3526692778 5540 5540 0 65535 17 17 1 
1984124160 1984124415 3526844297 3526844297 80 80 0 65535 17 17 0 
1984124160 1984124415 1916682823 1916682823 161 161 0 65535 17 17 1 
1617963008 1617963263 3530202190 3530202190 161 161 0 65535 6 6 4 
1620812544 1620812799 249184463 249184463 161 161 0 65535 6 6 3 
1763944704 1763944959 1765998869 1765998869 25 25 0 65535 17 17 3 
1763944704 1763944959 2050642689 2050642689 500 500 0 65535 6 6 3 
1230635008 1230635263 1581555598 1581555598 53 53 0 65535 17 17 1 
1589348608 1589348863 79636094 79636094 161 161 0 65535 6 6 1 
1589348608 1589348863 79636094 79636094 80 80 0 65535 6 6 3 
1581573120 1581573375 4099686625 4099686625 53 53 0 65535 6 6 1 
1343057408 1343057663 4099686625 4099686625 1433 1433 0 65535 17 17 0 
1343057408 1343057663 1195242461 1195242461 5632 5632 0 65535 6 6 3 
3864432596 3864432596 1770530048 1770530303 109 110 0 65535 6 6 4 
3864432596 3864432596 1770530048 1770530303 20 21 0 65535 6 6 2 
4056017520 4056017520 4099686400 4099686655 109 110 0 65535 6 6 4 
4244161050 4244161050 1626333440 1626333695 20 21 0 65535 6 6 0 
4221492427 4221492427 2443801856 2443802111 20 21 0 65535 6 6 1 
4227155711 4227155711 1323738624 1323738879 1645 1646 0 65535 6 6 1 
2937376074 2937376074 4056017664 4056017919 109 110 0 65535 6 6 4 
2937376071 2937376071 697338368 697338623 1645 1646 0 65535 6 6 0 
3032613411 3032613411 3958664192 3958664447 1645 1646 0 65535 6 6 0 
3181690878 3181690878 3946282240 3946282495 1645 1646 0 65535 6 6 2 
2531471143 2531471143 1009859584 1009859839 20 21 0 65535 6 6 4 
2520193115 2520193115 1022413568 1022413823 109 110 0 65535 6 6 0 
2278462729 2278462729 506284544 506284799 109 110 0 65535 6 6 4 
2278462729 2278462729 506284544 506284799 20 21 0 65535 6 6 1 
33104760 33104760 2883771648 2883771903 5000 5001 0 65535 6 6 1 
1017593639 1017593639 2150978048 2150978303 20 21 0 65535 6 6 2 
759677143 759677143 2265143040 2265143295 109 110 0 65535 6 6 0 
656749646 656749646 703550720 703550975 109 110 0 65535 6 6 2 
2101978654 2101978654 459077888 459078143 20 21 0 65535 6 6 1 
1617963468 1617963468 3526856704 3526856959 109 110 0 65535 6 6 0 
1230635401 1230635401 3305700608 3305700863 1645 1646 0 65535 6 6 1 
1343057676 1343057676 73148416 73148671 109 110 0 65535 6 6 1 
3949958656 3949959167 2587957765 2587957765 0 65535 69 69 6 6 1 
3950623744 3950624255 1734959100 1734959100 0 65535 80 80 6 6 3 
4057757696 4057758207 1734959100 1734959100 0 65535 69 69 6 6 0 
4227902464 4227902975 1626333293 1626333293 0 65535 80 80 6 6 2 
3626817024 3626817535 3719784777 3719784777 0 65535 80 80 6 6 2 
3643581440 3643581951 1202258456 1202258456 0 65535 514 514 6 6 3 
3643606528 3643607039 2531471195 2531471195 0 65535 135 135 6 6 0 
3251451392 3251451903 1195214044 1195214044 0 65535 1433 1433 6 6 3 
3444204032 3444204543 3386407574 3386407574 0 65535 25 25 6 6 1 
2794785280 2794785791 2941251854 2941251854 0 65535 69 69 6 6 2 
2941201408 2941201919 697451979 697451979 0 65535 69 69 6 6 4 
3032635392 3032635903 3989468290 3989468290 0 65535 69 69 6 6 0 
3032612864 3032613375 2941245223 2941245223 0 65535 69 69 6 6 3 
2680317952 2680318463 295647310 295647310 0 65535 69 69 6 6 2 
2274732032 2274732543 3873566819 3873566819 0 65535 25 25 6 6 1 
2278462976 2278463487 506284879 506284879 0 65535 80 80 6 6 0 
458214912 458215423 2800780219 2800780219 0 65535 113 113 6 6 1 
73250304 73250815 459043764 459043764 0 65535 22 22 6 6 1 
1017592832 1017593343 2150978206 2150978206 0 65535 9003 9003 6 6 2 
1017592832 1017593343 1589370302 1589370302 0 65535 514 514 6 6 4 
759664128 759664639 2233310950 2233310950 0 65535 53 53 6 6 4 
703569920 703570431 2265142981 2265142981 0 65535 500 500 6 6 2 
1984124416 1984124927 3526692775 3526692775 0 65535 5510 5510 6 6 1 
1620811776 1620812287 2050642689 2050642689 0 65535 514 514 6 6 4 
1620811776 1620812287 3454938202 3454938202 0 65535 1433 1433 6 6 2 
1801463808 1801464319 3310264223 3310264223 0 65535 69 69 6 6 4 
1230635520 1230636031 33123647 33123647 0 65535 25 25 6 6 0 
1230635520 1230636031 3261869162 3261869162 0 65535 524 524 6 6 0 
1121457664 1121458175 3251630837 3251630837 0 65535 25 25 6 6 0 
1343056896 1343057407 4050102138 4050102138 0 65535 514 514 6 6 4 
3950624599 3950624599 3989468160 3989468287 1645 1646 0 65535 6 6 0 
4056017520 4056017520 4241907584 4241907711 20 21 0 65535 6 6 0 
4241213786 4241213786 1626333440 1626333567 20 21 0 65535 6 6 3 
3525964528 3525964528 1225387776 1225387903 109 110 0 65535 17 17 2 
3526857082 3526857082 1112414464 1112414591 20 21 0 65535 6 6 3 
3251450239 3251450239 3248590592 3248590719 20 21 0 65535 6 6 0 
3444203620 3444203620 769288704 769288831 1645 1646 0 65535 6 6 2 
2780330821 2780330821 759663872 759663999 20 21 0 65535 6 6 1 
2800780101 2800780101 693458944 693459071 20 21 0 65535 6 6 0 
2937374097 2937374097 2950175616 2950175743 20 21 0 65535 6 6 0 
656752125 656752125 3654146688 3654146815 1645 1646 0 65535 6 6 3 
1343057677 1343057677 4099686400 4099686527 109 110 0 65535 6 6 3 
3950623744 3950624255 1734959100 1734959100 53 53 0 65535 6 6 3 
4057757696 4057758207 1734959100 1734959100 25 25 0 65535 6 6 3 
4227154944 4227155455 1620809581 1620809581 53 53 0 65535 6 6 3 
3525965824 3525966335 3643558396 3643558396 123 123 0 65535 6 6 4 
3032612864 3032613375 877910339 877910339 5520 5520 0 65535 6 6 4 
3209988096 3209988607 2941251921 2941251921 22 22 0 65535 6 6 1 
3206256128 3206256639 3784690142 3784690142 161 161 0 65535 6 6 4 
73201152 73201663 2883742396 2883742396 1433 1433 0 65535 6 6 4 
1017592832 1017593343 1017613871 1017613871 22 22 0 65535 6 6 0 
656747520 656748031 3724218282 3724218282 25 25 0 65535 6 6 4 
2052934144 2052934655 3643611272 3643611272 161 161 0 65535 6 6 2 
1230635520 1230636031 3261869946 3261869946 25 25 0 65535 6 6 2 
1230635520 1230636031 1581555594 1581555594 161 161 0 65535 6 6 2 
4227156224 4227156479 3864432592 3864432592 0 65535 1812 1813 6 6 0 
3529841408 3529841663 3251486307 3251486307 0 65535 1645 1646 6 6 2 
3645952256 3645952511 1117503210 1117503210 0 65535 1645 1646 6 6 1 
3251451136 3251451391 1195214033 1195214033 0 65535 1645 1646 6 6 0 
3251453184 3251453439 3530164207 3530164207 0 65535 1645 1646 6 6 4 
3251453184 3251453439 548020537 548020537 0 65535 20 21 6 6 3 
3442184960 3442185215 671040090 671040090 0 65535 1645 1646 6 6 1 
3032613632 3032613887 888265931 888265931 0 65535 1645 1646 6 6 2 
3032613632 3032613887 3206232666 3206232666 0 65535 1645 1646 6 6 3 
3206255616 3206255871 1014376392 1014376392 0 65535 20 21 6 6 1 
2520193280 2520193535 1009859760 1009859760 0 65535 1645 1646 6 6 2 
2680296704 2680296959 332452885 332452885 0 65535 1645 1646 6 6 0 
73249792 73250047 240838953 240838953 0 65535 20 21 6 6 0 
877217536 877217791 1563154435 1563154435 0 65535 109 110 6 6 4 
1017593344 1017593599 1017613871 1017613871 0 65535 1645 1646 6 6 3 
697528064 697528319 2265142981 2265142981 0 65535 1645 1646 6 6 0 
656749824 656750079 3684708061 3684708061 0 65535 20 21 6 6 0 
2108537600 2108537855 3560224291 3560224291 0 65535 20 21 6 6 4 
2101978880 2101979135 3560224291 3560224291 0 65535 20 21 6 6 4 
1620812544 1620812799 3454799932 3454799932 0 65535 20 21 6 6 3 
1230635008 1230635263 1195242461 1195242461 0 65535 109 110 6 6 0 
1117497344 1117497599 79636094 79636094 0 65535 1812 1813 6 6 3 
1343057408 1343057663 70725286 70725286 0 65535 109 110 6 6 4 
3251453082 3251453082 2520190976 2520191487 53 53 0 65535 6 6 1 
2278462761 2278462761 506284544 506285055 161 161 0 65535 6 6 3 
759677143 759677143 1017636864 1017637375 53 53 0 65535 6 6 4 
1620804631 1620804631 1734958592 1734959103 161 161 0 65535 6 6 1 
1117497698 1117497698 79635968 79636479 25 25 0 65535 6 6 3 
1343057676 1343057676 4050101760 4050102271 161 161 0 65535 6 6 0 
3442184914 3442184914 3442184768 3442184831 20 23 0 65535 6 6 4 
458214907 458214907 2794843328 2794843391 20 23 0 65535 6 6 4 
73250064 73250064 2950214656 2950214719 20 23 0 65535 17 17 3 
2780330880 2780331007 693443538 693443538 0 65535 109 110 6 6 2 
2680296448 2680296575 332453047 332453047 0 65535 109 110 17 17 0 
240730752 240730879 2950175684 2950175684 0 65535 20 21 6 6 1 
2101978752 2101978879 1620812460 1620812460 0 65535 20 21 6 6 3 
1343057792 1343057919 73152693 73152693 0 65535 1645 1646 6 6 4 
2941244928 2941245055 697493475 697493475 0 65535 20 23 6 6 4 
240714880 240715007 1493555827 1493555827 0 65535 20 23 6 6 1 
3032613440 3032613503 888266796 888266796 0 65535 20 23 17 17 2 
301680128 301680191 3208988940 3208988940 0 65535 20 23 17 17 3 
2594217444 2594217444 1017592832 1017592959 20 23 0 65535 6 6 0 
468482304 468482559 2721554664 2721554664 1645 1646 0 65535 6 6 0 
240788736 240788991 1493503441 1493503441 1645 1646 0 65535 6 6 3 
1343057408 1343057663 70725286 70725286 1645 1646 0 65535 6 6 0 
3874608640 3874608895 2050647526 2050647526 0 65535 109 110 17 17 4 
3864432128 3864432383 2278455914 2278455914 0 65535 20 21 6 6 1 
3949940992 3949941247 1770681240 1770681240 0 65535 1645 1646 6 6 1 
3950634752 3950635007 2621596742 2621596742 0 65535 109 110 6 6 1 
4056017664 4056017919 1617957150 1617957150 0 65535 109 110 6 6 2 
4056017664 4056017919 3864415383 3864415383 0 65535 1645 1646 17 17 2 
4056017664 4056017919 2676050328 2676050328 0 65535 5000 5001 6 6 0 
3526856704 3526856959 1112415058 1112415058 0 65535 1645 1646 6 6 2 
3444232448 3444232703 3251453050 3251453050 0 65535 109 110 6 6 2 
3444232448 3444232703 659471976 659471976 0 65535 20 21 6 6 3 
2794784768 2794785023 689829652 689829652 0 65535 109 110 17 17 3 
2937373696 2937373951 689864941 689864941 0 65535 109 110 6 6 1 
2941202176 2941202431 2941201827 2941201827 0 65535 20 21 6 6 1 
2941202176 2941202431 697338530 697338530 0 65535 1645 1646 17 17 1 
3032636160 3032636415 857078546 857078546 0 65535 20 21 6 6 1 
3032613632 3032613887 2975768219 2975768219 0 65535 109 110 6 6 4 
3032613632 3032613887 888221981 888221981 0 65535 1812 1813 17 17 1 
3172285440 3172285695 945863614 945863614 0 65535 1645 1646 6 6 3 
3206255616 3206255871 1009856509 1009856509 0 65535 1645 1646 6 6 0 
2531470848 2531471103 1009859760 1009859760 0 65535 109 110 6 6 2 
2524533760 2524534015 1009859760 1009859760 0 65535 1645 1646 6 6 2 
2520193280 2520193535 2520193093 2520193093 0 65535 109 110 17 17 1 
2594216960 2594217215 2587972256 2587972256 0 65535 20 21 17 17 1 
2341422592 2341422847 2278462938 2278462938 0 65535 20 21 6 6 0 
2338475776 2338476031 453992705 453992705 0 65535 20 21 6 6 3 
301680384 301680639 73174351 73174351 0 65535 1645 1646 6 6 2 
468482304 468482559 73174891 73174891 0 65535 109 110 6 6 0 
458596352 458596607 2721554664 2721554664 0 65535 20 21 6 6 3 
458194688 458194943 2791114690 2791114690 0 65535 20 21 6 6 3 
458181120 458181375 73196845 73196845 0 65535 109 110 17 17 4 
458214400 458214655 2800779338 2800779338 0 65535 109 110 6 6 4 
33200896 33201151 459043664 459043664 0 65535 20 21 6 6 1 
33104384 33104639 459043772 459043772 0 65535 20 21 17 17 4 
73200896 73201151 2950214740 2950214740 0 65535 1812 1813 6 6 3 
73200896 73201151 2950214740 2950214740 0 65535 1645 1646 6 6 4 
73249792 73250047 2950214736 2950214736 0 65535 1645 1646 6 6 0 
240788736 240788991 134321579 134321579 0 65535 20 21 6 6 2 
877217536 877217791 875332058 875332058 0 65535 20 21 6 6 1 
857037056 857037311 2351932108 2351932108 0 65535 1645 1646 17 17 4 
858735360 858735615 1567941693 1567941693 0 65535 20 21 17 17 1 
1017593344 1017593599 2233304115 2233304115 0 65535 1645 1646 6 6 3 
759663616 759663871 1017637222 1017637222 0 65535 1812 1813 6 6 2 
703570688 703570943 1578585415 1578585415 0 65535 20 21 6 6 1 
656748288 656748543 656748094 656748094 0 65535 20 21 6 6 3 
656748288 656748543 1017613831 1017613831 0 65535 109 110 6 6 0 
656749824 656750079 3684780191 3684780191 0 65535 1645 1646 17 17 3 
2052941312 2052941567 1620812461 1620812461 0 65535 1645 1646 6 6 0 
2108554240 2108554495 3560224291 3560224291 0 65535 20 21 6 6 1 
2101978880 2101979135 2101978262 2101978262 0 65535 1645 1646 6 6 4 
1801464320 1801464575 3444204278 3444204278 0 65535 109 110 6 6 0 
1763944704 1763944959 1763944624 1763944624 0 65535 20 21 6 6 4 
1230635008 1230635263 1195242461 1195242461 0 65535 1812 1813 6 6 0 
1230635008 1230635263 33123647 33123647 0 65535 1645 1646 17 17 0 
1121458432 1121458687 3248590784 3248590784 0 65535 1645 1646 6 6 2 
1117497344 1117497599 4227155485 4227155485 0 65535 1812 1813 17 17 3 
1578625280 1578625535 4239439959 4239439959 0 65535 1645 1646 6 6 0 
1581578752 1581579007 4241932303 4241932303 0 65535 109 110 6 6 0 
1581573120 1581573375 70731607 70731607 0 65535 109 110 6 6 0 
1343057408 1343057663 1195242461 1195242461 0 65535 1812 1813 17 17 3 
1343057408 1343057663 4050102138 4050102138 0 65535 1812 1813 17 17 2 
3867174912 3867175423 2050647763 2050647763 53 53 0 65535 17 17 3 
3864431616 3864432127 3864415383 3864415383 53 53 0 65535 17 17 4 
3949958656 3949959167 4056017459 4056017459 161 161 0 65535 17 17 1 
3950623744 3950624255 1734959100 1734959100 53 53 0 65535 17 17 4 
3525919232 3525919743 1230687482 1230687482 80 80 0 65535 17 17 0 
3526857216 3526857727 3526857091 3526857091 161 161 0 65535 17 17 3 
3526857216 3526857727 1112415058 1112415058 500 500 0 65535 17 17 4 
3526857216 3526857727 3251501305 3251501305 1433 1433 0 65535 17 17 0 
3642204160 3642204671 3719784777 3719784777 53 53 0 65535 17 17 0 
3251450368 3251450879 2520248499 2520248499 161 161 0 65535 17 17 0 
3444237824 3444238335 3444190933 3444190933 1433 1433 0 65535 6 6 0 
3444211200 3444211711 2524572682 2524572682 5500 5500 0 65535 17 17 0 
2794785280 2794785791 689864941 689864941 25 25 0 65535 17 17 3 
2941252096 2941252607 4056017459 4056017459 161 161 0 65535 17 17 1 
3032612864 3032613375 3958664528 3958664528 25 25 0 65535 6 6 1 
3032612864 3032613375 2941245223 2941245223 22 22 0 65535 17 17 4 
3181690368 3181690879 945863614 945863614 80 80 0 65535 17 17 4 
2529496064 2529496575 2529496684 2529496684 161 161 0 65535 17 17 0 
2520193536 2520194047 2278475086 2278475086 25 25 0 65535 6 6 0 
2680316416 2680316927 2587972256 2587972256 161 161 0 65535 6 6 2 
2680317952 2680318463 295647325 295647325 1098 1098 0 65535 17 17 4 
2274732032 2274732543 3873566819 3873566819 5540 5540 0 65535 17 17 0 
2334318592 2334319103 468469721 468469721 161 161 0 65535 17 17 0 
2334318592 2334319103 2524536783 2524536783 500 500 0 65535 6 6 0 
2338475008 2338475519 3864482804 3864482804 1433 1433 0 65535 17 17 0 
301679616 301680127 73174351 73174351 5632 5632 0 65535 17 17 1 
459024384 459024895 2721554664 2721554664 5530 5530 0 65535 6 6 2 
458193920 458194431 2780330930 2780330930 161 161 0 65535 6 6 0 
73250304 73250815 2950214736 2950214736 80 80 0 65535 17 17 0 
858734592 858735103 2346141113 2346141113 5632 5632 0 65535 17 17 4 
762646016 762646527 2233310959 2233310959 5631 5631 0 65535 6 6 1 
656750080 656750591 3684801409 3684801409 161 161 0 65535 17 17 4 
656752128 656752639 3645903666 3645903666 5632 5632 0 65535 17 17 1 
1954073600 1954074111 459078088 459078088 69 69 0 65535 17 17 4 
1801463808 1801464319 2050642689 2050642689 161 161 0 65535 17 17 4 
1230635520 1230636031 3261869962 3261869962 5632 5632 0 65535 17 17 4 
1230635520 1230636031 3261869945 3261869945 161 161 0 65535 17 17 4 
1191223296 1191223807 1191237339 1191237339 5631 5631 0 65535 17 17 1 
1195214336 1195214847 79636092 79636092 161 161 0 65535 6 6 4 
1121457664 1121458175 79636092 79636092 80 80 0 65535 17 17 3 
1117497856 1117498367 79636092 79636092 53 53 0 65535 6 6 4 
1117497856 1117498367 4221492473 4221492473 1433 1433 0 65535 17 17 4 
1117497856 1117498367 4227148259 4227148259 161 161 0 65535 17 17 3 
1578577408 1578577919 4241932339 4241932339 80 80 0 65535 6 6 3 
1581578240 1581578751 70732596 70732596 22 22 0 65535 17 17 3 
1581573632 1581574143 4099734924 4099734924 161 161 0 65535 6 6 4 
3867175084 3867175084 2278503680 2278503935 20 21 0 65535 6 6 0 
3864432596 3864432596 2050645248 2050645503 109 110 0 65535 6 6 0 
3864432596 3864432596 1801483008 1801483263 109 110 0 65535 6 6 3 
4056017520 4056017520 4099686400 4099686655 109 110 0 65535 17 17 0 
4056017520 4056017520 1617962240 1617962495 20 21 0 65535 6 6 0 
4238902956 4238902956 3864432384 3864432639 1645 1646 0 65535 17 17 2 
4227155476 4227155476 1620809472 1620809727 20 21 0 65535 6 6 0 
3525919326 3525919326 1230687232 1230687487 109 110 0 65535 6 6 0 
3525919373 3525919373 3251486208 3251486463 20 21 0 65535 6 6 4 
3526857082 3526857082 1112414976 1112415231 1645 1646 0 65535 17 17 0 
3251450239 3251450239 1195214080 1195214335 109 110 0 65535 17 17 2 
3251453082 3251453082 3530163968 3530164223 5000 5001 0 65535 6 6 3 
3444203591 3444203591 656759040 656759295 109 110 0 65535 6 6 4 
2941202151 2941202151 2794785280 2794785535 109 110 0 65535 6 6 4 
2941252043 2941252043 3206232576 3206232831 5000 5001 0 65535 17 17 2 
3206255928 3206255928 3784690432 3784690687 109 110 0 65535 6 6 2 
2524573215 2524573215 1009859584 1009859839 109 110 0 65535 6 6 0 
2520193115 2520193115 2278475008 2278475263 1645 1646 0 65535 6 6 3 
2274732691 2274732691 3873566720 3873566975 20 21 0 65535 6 6 3 
2278462761 2278462761 2278462720 2278462975 1645 1646 0 65535 6 6 0 
2278462728 2278462728 468709376 468709631 20 21 0 65535 6 6 2 
2334318773 2334318773 2278462464 2278462719 20 21 0 65535 17 17 0 
2338475690 2338475690 2338498560 2338498815 1645 1646 0 65535 6 6 1 
33156070 33156070 1343090688 1343090943 109 110 0 65535 6 6 0 
33110379 33110379 1343090688 1343090943 1645 1646 0 65535 6 6 2 
73200725 73200725 2883742208 2883742463 109 110 0 65535 6 6 2 
240730639 240730639 2950175488 2950175743 1645 1646 0 65535 6 6 4 
1017593638 1017593638 1592425216 1592425471 109 110 0 65535 17 17 4 
769291750 769291750 2233310720 2233310975 1645 1646 0 65535 6 6 1 
762645731 762645731 2233310720 2233310975 20 21 0 65535 17 17 0 
759691025 759691025 2233310720 2233310975 1645 1646 0 65535 6 6 1 
759691025 759691025 1589366528 1589366783 20 21 0 65535 6 6 1 
703570528 703570528 1578585344 1578585599 109 110 0 65535 6 6 4 
667100338 667100338 703550720 703550975 109 110 0 65535 17 17 4 
1954074126 1954074126 3536357632 3536357887 1645 1646 0 65535 6 6 4 
1617963468 1617963468 3530202112 3530202367 109 110 0 65535 17 17 2 
1230635401 1230635401 3242036224 3242036479 109 110 0 65535 17 17 2 
1230635401 1230635401 1581555200 1581555455 109 110 0 65535 6 6 2 
1578625215 1578625215 79636224 79636479 20 21 0 65535 6 6 4 
1581573482 1581573482 1343057664 1343057919 20 21 0 65535 6 6 2 
1581573479 1581573479 4099686400 4099686655 20 21 0 65535 6 6 1 
1343057677 1343057677 70725120 70725375 1645 1646 0 65535 17 17 2 
1343057676 1343057676 1581573376 1581573631 1645 1646 0 65535 6 6 2 
3864431616 3864432127 2278438909 2278438909 0 65535 161 161 17 17 1 
3864431616 3864432127 3873566819 3873566819 0 65535 514 514 17 17 0 
3949958656 3949959167 1765828056 1765828056 0 65535 69 69 17 17 0 
3949958656 3949959167 4056017459 4056017459 0 65535 53 53 17 17 0 
3950633984 3950634495 3950585676 3950585676 0 65535 25 25 17 17 1 
3950623744 3950624255 1734959100 1734959100 0 65535 25 25 17 17 1 
4056016896 4056017407 1617961998 1617961998 0 65535 53 53 17 17 4 
4056016896 4056017407 1626160031 1626160031 0 65535 9003 9003 6 6 2 
4238920704 4238921215 2443801715 2443801715 0 65535 80 80 17 17 2 
4227156480 4227156991 1620809497 1620809497 0 65535 69 69 17 17 4 
4227154944 4227155455 4056017459 4056017459 0 65535 9003 9003 6 6 2 
3536329216 3536329727 1240708607 1240708607 0 65535 514 514 17 17 1 
3526843392 3526843903 3560224291 3560224291 0 65535 69 69 17 17 4 
3526843392 3526843903 1230637509 1230637509 0 65535 514 514 17 17 2 
3526843392 3526843903 1230637509 1230637509 0 65535 80 80 17 17 4 
3526857216 3526857727 3560224291 3560224291 0 65535 80 80 17 17 2 
3526857216 3526857727 1112414668 1112414668 0 65535 5540 5540 17 17 4 
3526857216 3526857727 3560224291 3560224291 0 65535 69 69 17 17 2 
3645952000 3645952511 2531513988 2531513988 0 65535 25 25 6 6 0 
3645952000 3645952511 1117503210 1117503210 0 65535 6699 6699 17 17 4 
3645952000 3645952511 1117503200 1117503200 0 65535 80 80 6 6 1 
3645952000 3645952511 1117476154 1117476154 0 65535 7000 7000 6 6 0 
3642204160 3642204671 3530164207 3530164207 0 65535 2549 2549 17 17 0 
3643581440 3643581951 1202258456 1202258456 0 65535 6346 6346 17 17 0 
3643581440 3643581951 1202258456 1202258456 0 65535 69 69 17 17 3 
3643581440 3643581951 1202258461 1202258461 0 65535 514 514 17 17 0 
3643606528 3643607039 1202258461 1202258461 0 65535 9003 9003 17 17 3 
3643606528 3643607039 3652698174 3652698174 0 65535 9003 9003 17 17 0 
3251601920 3251602431 1195214044 1195214044 0 65535 9003 9003 17 17 0 
3251601920 3251602431 1195214044 1195214044 0 65535 53 53 17 17 4 
3251601920 3251602431 2520227194 2520227194 0 65535 25 25 17 17 4 
3251453440 3251453951 1195214033 1195214033 0 65535 69 69 17 17 2 
3251453440 3251453951 1195242461 1195242461 0 65535 1433 1433 17 17 4 
3251453440 3251453951 1195242461 1195242461 0 65535 6346 6346 17 17 3 
3251453440 3251453951 2520193093 2520193093 0 65535 1433 1433 17 17 1 
3442184192 3442184703 664571020 664571020 0 65535 137 137 17 17 4 
3444211200 3444211711 659434783 659434783 0 65535 514 514 17 17 4 
3444211200 3444211711 656781439 656781439 0 65535 5500 5500 17 17 1 
2780329984 2780330495 4052304425 4052304425 0 65535 69 69 17 17 0 
2780329984 2780330495 4052337415 4052337415 0 65535 1723 1723 6 6 1 
2800761344 2800761855 3206232666 3206232666 0 65535 69 69 17 17 3 
2800779264 2800779775 4052337415 4052337415 0 65535 25 25 6 6 1 
2794790400 2794790911 689790466 689790466 0 65535 1646 1646 17 17 4 
2794785280 2794785791 2794809748 2794809748 0 65535 80 80 17 17 3 
2937376256 2937376767 697332662 697332662 0 65535 80 80 17 17 4 
2941201408 2941201919 3206232666 3206232666 0 65535 119 119 17 17 0 
2941201408 2941201919 3206232666 3206232666 0 65535 69 69 17 17 4 
2941252096 2941252607 703535456 703535456 0 65535 514 514 17 17 4 
2941252096 2941252607 703535126 703535126 0 65535 514 514 17 17 2 
3032635392 3032635903 3989468290 3989468290 0 65535 69 69 17 17 0 
3032635392 3032635903 2941201827 2941201827 0 65535 514 514 17 17 3 
3210008576 3210009087 3032635853 3032635853 0 65535 69 69 17 17 3 
3206256128 3206256639 1014376392 1014376392 0 65535 69 69 6 6 2 
2531470336 2531470847 1009856511 1009856511 0 65535 69 69 17 17 3 
2531470336 2531470847 3784650233 3784650233 0 65535 53 53 17 17 2 
2524523520 2524524031 1009859760 1009859760 0 65535 514 514 17 17 2 
2524572672 2524573183 3784650233 3784650233 0 65535 514 514 17 17 1 
2594217472 2594217983 2680316072 2680316072 0 65535 143 143 17 17 2 
2594217472 2594217983 1017592875 1017592875 0 65535 22 22 17 17 4 
2594217472 2594217983 2524534372 2524534372 0 65535 9003 9003 17 17 3 
2594217472 2594217983 365832389 365832389 0 65535 9003 9003 17 17 4 
2594217472 2594217983 365832413 365832413 0 65535 53 53 17 17 4 
2680303104 2680303615 332564176 332564176 0 65535 53 53 6 6 3 
2680296960 2680297471 332402013 332402013 0 65535 514 514 17 17 0 
2680317952 2680318463 295686535 295686535 0 65535 69 69 17 17 4 
2274732032 2274732543 3873566819 3873566819 0 65535 69 69 17 17 1 
2274732032 2274732543 301680216 301680216 0 65535 25 25 17 17 0 
2274732032 2274732543 506284872 506284872 0 65535 514 514 17 17 1 
2278462976 2278463487 3873566819 3873566819 0 65535 514 514 17 17 3 
2341422080 2341422591 468470415 468470415 0 65535 5530 5530 6 6 0 
295646720 295647231 3218281401 3218281401 0 65535 9003 9003 17 17 3 
301679616 301680127 301702817 301702817 0 65535 9003 9003 17 17 2 
301679616 301680127 3206195731 3206195731 0 65535 5550 5550 17 17 4 
301679616 301680127 1452543631 1452543631 0 65535 69 69 17 17 4 
301679616 301680127 1400532183 1400532183 0 65535 5000 5000 6 6 0 
301679616 301680127 73174864 73174864 0 65535 53 53 17 17 3 
459024384 459024895 2780330930 2780330930 0 65535 500 500 17 17 0 
458218496 458219007 1355715705 1355715705 0 65535 162 162 17 17 2 
458214912 458215423 73203256 73203256 0 65535 514 514 17 17 0 
73201152 73201663 459043764 459043764 0 65535 514 514 17 17 0 
73250304 73250815 2950214740 2950214740 0 65535 53 53 6 6 0 
73250304 73250815 2950214736 2950214736 0 65535 137 137 17 17 4 
240788992 240789503 2950175690 2950175690 0 65535 9003 9003 17 17 3 
240730112 240730623 2950175684 2950175684 0 65535 161 161 17 17 2 
240715264 240715775 249184463 249184463 0 65535 5530 5530 17 17 2 
240715264 240715775 2941071607 2941071607 0 65535 32774 32774 17 17 3 
891458048 891458559 904551686 904551686 0 65535 25 25 17 17 2 
887375360 887375871 1493555786 1493555786 0 65535 1433 1433 17 17 0 
877907968 877908479 2941066530 2941066530 0 65535 514 514 17 17 1 
877216768 877217279 73146995 73146995 0 65535 514 514 17 17 2 
877216768 877217279 2351952170 2351952170 0 65535 69 69 17 17 4 
877216768 877217279 2351952232 2351952232 0 65535 514 514 17 17 0 
858734592 858735103 2346141113 2346141113 0 65535 80 80 17 17 3 
1017592832 1017593343 1592425264 1592425264 0 65535 69 69 6 6 1 
1017592832 1017593343 1592425264 1592425264 0 65535 25 25 17 17 2 
1017592832 1017593343 1592425264 1592425264 0 65535 53 53 17 17 4 
1017592832 1017593343 2150978206 2150978206 0 65535 514 514 6 6 3 
1017592832 1017593343 2150978206 2150978206 0 65535 514 514 17 17 4 
1017592832 1017593343 877897558 877897558 0 65535 9003 9003 17 17 4 
1017592832 1017593343 2233304110 2233304110 0 65535 80 80 17 17 2 
769291776 769292287 2233310952 2233310952 0 65535 69 69 17 17 0 
759677440 759677951 1589366615 1589366615 0 65535 445 445 17 17 0 
703560192 703560703 2265142981 2265142981 0 65535 53 53 17 17 3 
703569920 703570431 2265142981 2265142981 0 65535 80 80 17 17 1 
703569920 703570431 1578585415 1578585415 0 65535 69 69 17 17 0 
703569920 703570431 1578585419 1578585419 0 65535 514 514 17 17 1 
656750080 656750591 671083402 671083402 0 65535 514 514 17 17 1 
656750080 656750591 73146990 73146990 0 65535 514 514 17 17 0 
656752128 656752639 1017613870 1017613870 0 65535 1433 1433 17 17 3 
656752128 656752639 3645952755 3645952755 0 65535 53 53 17 17 3 
2052934144 2052934655 454021075 454021075 0 65535 6970 6970 6 6 0 
2052940800 2052941311 459064409 459064409 0 65535 514 514 17 17 2 
2101978112 2101978623 459078088 459078088 0 65535 69 69 6 6 1 
1954073600 1954074111 459042640 459042640 0 65535 9003 9003 17 17 3 
1984124416 1984124927 1620812460 1620812460 0 65535 25 25 17 17 1 
1984124416 1984124927 134321559 134321559 0 65535 9003 9003 6 6 1 
1984124416 1984124927 1916682823 1916682823 0 65535 514 514 17 17 3 
1984124416 1984124927 3526857066 3526857066 0 65535 53 53 6 6 0 
1620805120 1620805631 3530202190 3530202190 0 65535 5631 5631 17 17 2 
1620811776 1620812287 2050642689 2050642689 0 65535 514 514 17 17 2 
1620811776 1620812287 3386407582 3386407582 0 65535 514 514 17 17 0 
1620811776 1620812287 2050642689 2050642689 0 65535 137 137 17 17 1 
1801463808 1801464319 240715756 240715756 0 65535 25 25 6 6 1 
1766056960 1766057471 1581518780 1581518780 0 65535 53 53 17 17 3 
1763943424 1763943935 3305646302 3305646302 0 65535 53 53 17 17 3 
1763943424 1763943935 3305700850 3305700850 0 65535 69 69 6 6 0 
1763943424 1763943935 25408593 25408593 0 65535 69 69 17 17 4 
1230635520 1230636031 1323738771 1323738771 0 65535 80 80 17 17 2 
1230635520 1230636031 3261869156 3261869156 0 65535 53 53 17 17 1 
1230635520 1230636031 1581555598 1581555598 0 65535 69 69 17 17 1 
1230635520 1230636031 1581555595 1581555595 0 65535 7777 7777 17 17 4 
1117497856 1117498367 4221492473 4221492473 0 65535 137 137 17 17 4 
1117497856 1117498367 4271056426 4271056426 0 65535 53 53 17 17 0 
1117497856 1117498367 1581573504 1581573504 0 65535 69 69 17 17 0 
1589348864 1589349375 79636094 79636094 0 65535 514 514 17 17 4 
1581573632 1581574143 70732651 70732651 0 65535 1433 1433 6 6 2 
1581573632 1581574143 70732647 70732647 0 65535 162 162 17 17 3 
1581573632 1581574143 70731747 70731747 0 65535 69 69 17 17 3 
1581573632 1581574143 4099686625 4099686625 0 65535 9003 9003 17 17 1 
1581573632 1581574143 70725286 70725286 0 65535 69 69 17 17 2 
1343056896 1343057407 1452543514 1452543514 0 65535 80 80 17 17 4 
1343056896 1343057407 1581573512 1581573512 0 65535 53 53 17 17 1 
1343056896 1343057407 73148672 73148672 0 65535 514 514 17 17 4 
3864432128 3864432383 1770681244 1770681244 20 23 0 65535 6 6 4 
2334318848 2334319103 468496391 468496391 20 23 0 65535 6 6 0 
703570688 703570943 2265142981 2265142981 20 23 0 65535 6 6 0 
3950624256 3950624511 1734959100 1734959100 0 65535 20 23 6 6 0 
3251449856 3251450111 1195214033 1195214033 0 65535 20 23 6 6 3 
3444203776 3444204031 769308930 769308930 0 65535 20 23 6 6 3 
2780330496 2780330751 2780330930 2780330930 0 65535 20 23 6 6 1 
2794784768 2794785023 689864941 689864941 0 65535 20 23 6 6 1 
3172270848 3172271103 3950585847 3950585847 0 65535 20 23 6 6 3 
2680318720 2680318975 2587972256 2587972256 0 65535 20 23 6 6 4 
459025152 459025407 2780330930 2780330930 0 65535 20 23 6 6 2 
73249792 73250047 459043764 459043764 0 65535 20 23 6 6 3 
877217536 877217791 2941201829 2941201829 0 65535 20 23 6 6 1 
2101978880 2101979135 459078088 459078088 0 65535 20 23 6 6 4 
1620804864 1620805119 3530164207 3530164207 0 65535 20 23 6 6 3 
4057757948 4057757948 1734958592 1734958847 20 23 0 65535 6 6 2 
4227156216 4227156216 1620809472 1620809727 20 23 0 65535 6 6 3 
3536369032 3536369032 1236370432 1236370687 20 23 0 65535 6 6 4 
3526844364 3526844364 1230687232 1230687487 20 23 0 65535 6 6 2 
3251453082 3251453082 1195214080 1195214335 20 23 0 65535 6 6 1 
3444232337 3444232337 2524576768 2524577023 20 23 0 65535 6 6 2 
2794785046 2794785046 3206232576 3206232831 20 23 0 65535 6 6 2 
2524573215 2524573215 1009859584 1009859839 20 23 0 65535 6 6 4 
2594217444 2594217444 3836195328 3836195583 20 23 0 65535 6 6 0 
656748056 656748056 659434752 659435007 20 23 0 65535 6 6 3 
1954074126 1954074126 459077888 459078143 20 23 0 65535 6 6 3 
1617963468 1617963468 3530202112 3530202367 20 23 0 65535 6 6 1 
1620809724 1620809724 2050642688 2050642943 20 23 0 65535 6 6 3 
1801464728 1801464728 2050642688 2050642943 20 23 0 65535 6 6 4 
4056017504 4056017519 1617983744 1617983807 5500 5500 0 65535 6 6 4 
3251601648 3251601663 3251630784 3251630847 80 80 0 65535 6 6 2 
2937376080 2937376095 697338496 697338559 25 25 0 65535 6 6 1 
240714864 240714879 1493555712 1493555775 161 161 0 65535 6 6 3 
858735184 858735199 2338499264 2338499327 1433 1433 0 65535 6 6 3 
759664016 759664031 1017637120 1017637183 500 500 0 65535 6 6 3 
1343057680 1343057695 1195242368 1195242431 5540 5540 0 65535 6 6 4 
4238878936 4238878936 1626333184 1626333695 5510 5510 0 65535 6 6 3 
3032635910 3032635910 3989468160 3989468671 5540 5540 0 65535 6 6 1 
3032613411 3032613411 888221696 888222207 25 25 0 65535 17 17 4 
2520193115 2520193115 1022413312 1022413823 53 53 0 65535 17 17 3 
301680254 301680254 3208988672 3208989183 53 53 0 65535 17 17 0 
73250064 73250064 2950214656 2950215167 80 80 0 65535 6 6 3 
240714859 240714859 235547136 235547647 53 53 0 65535 17 17 4 
877217360 877217360 1563154432 1563154943 138 138 0 65535 17 17 4 
1017593638 1017593638 2155323392 2155323903 161 161 0 65535 6 6 4 
656749646 656749646 3684801024 3684801535 500 500 0 65535 17 17 4 
2052941605 2052941605 3643557888 3643558399 500 500 0 65535 6 6 1 
1620812317 1620812317 3386407424 3386407935 143 143 0 65535 17 17 1 
1202292995 1202292995 1581555200 1581555711 25 25 0 65535 17 17 0 
1195214069 1195214069 79635968 79636479 161 161 0 65535 17 17 1 
1121458191 1121458191 1230635008 1230635519 25 25 0 65535 6 6 4 
1343057677 1343057677 73209344 73209855 161 161 0 65535 17 17 1 
3536357376 3536357631 2443801814 2443801815 5520 5520 0 65535 6 6 0 
301668096 301668351 1195242462 1195242463 5550 5550 0 65535 17 17 2 
301680384 301680639 3208988954 3208988955 5530 5530 0 65535 17 17 3 
1984124160 1984124415 134321536 134321537 5550 5550 0 65535 17 17 3 
1620804864 1620805119 3530202188 3530202189 1433 1433 0 65535 17 17 4 
3529851392 3529851903 3864415390 3864415390 0 65535 1645 1646 6 6 3 
3444237824 3444238335 3444227294 3444227294 0 65535 1645 1646 6 6 4 
2794785280 2794785791 2791168420 2791168420 0 65535 20 21 6 6 1 
2520193536 2520194047 1022413484 1022413484 0 65535 109 110 6 6 3 
656752128 656752639 1581540149 1581540149 0 65535 1812 1813 6 6 4 
3526843904 3526844159 2527178736 2527178739 53 53 0 65535 6 6 1 
3032613632 3032613887 875332048 875332051 161 161 0 65535 6 6 3 
2520193280 2520193535 1022413480 1022413483 5550 5550 0 65535 6 6 2 
2937375744 2937375999 697332662 697332662 20 21 0 65535 6 6 2 
2278462464 2278462719 2524518594 2524518594 1645 1646 0 65535 6 6 0 
2278462784 2278462847 3873566832 3873566847 0 65535 1645 1645 6 6 4 
468472832 468472895 3206256048 3206256063 0 65535 137 137 6 6 4 
301679616 301680127 1400532168 1400532168 1645 1646 0 65535 6 6 0 
1954073600 1954074111 459078088 459078088 20 21 0 65535 6 6 2 
458719546 458719546 468496512 468496639 20 23 0 65535 6 6 4 
459024943 459024943 2783936000 2783936511 109 110 0 65535 6 6 1 
1578625211 1578625211 79635968 79636479 109 110 0 65535 6 6 0 
703560192 703560703 2265142982 2265142983 5540 5540 0 65535 6 6 0 
2101978752 2101978879 3536328908 3536328908 0 65535 20 23 6 6 3 
3874581817 3874581817 2050647552 2050648063 1645 1646 0 65535 17 17 0 
2278462729 2278462729 506284544 506285055 1645 1646 0 65535 6 6 4 
1763948080 1763948080 21693952 21694463 20 21 0 65535 6 6 3 
1117497698 1117497698 3251601408 3251601919 109 110 0 65535 17 17 2 
3864432576 3864432591 2050645120 2050645183 22 22 0 65535 17 17 1 
4056017504 4056017519 1617962048 1617962111 53 53 0 65535 6 6 2 
4238902960 4238902975 1620785344 1620785407 1433 1433 0 65535 6 6 4 
4227156192 4227156207 2443801600 2443801663 5550 5550 0 65535 17 17 3 
3526844384 3526844399 1230687360 1230687423 69 69 0 65535 17 17 0 
3643606368 3643606383 1202258496 1202258559 161 161 0 65535 6 6 4 
3251601648 3251601663 3305700736 3305700799 53 53 0 65535 6 6 0 
3251450208 3251450223 1195213952 1195214015 161 161 0 65535 17 17 1 
3444210944 3444210959 3530164096 3530164159 25 25 0 65535 17 17 3 
2794785024 2794785039 689831744 689831807 161 161 0 65535 17 17 3 
2941252048 2941252063 703535360 703535423 5540 5540 0 65535 17 17 1 
3206255904 3206255919 3784690432 3784690495 80 80 0 65535 17 17 3 
2520193088 2520193103 2680318528 2680318591 5520 5520 0 65535 6 6 1 
2680296640 2680296655 2278475008 2278475071 53 53 0 65535 6 6 4 
2274732672 2274732687 301680192 301680255 53 53 0 65535 6 6 0 
240788544 240788559 1493605440 1493605503 161 161 0 65535 6 6 4 
240730640 240730655 73203200 73203263 161 161 0 65535 6 6 3 
877217344 877217359 2941201856 2941201919 161 161 0 65535 17 17 1 
1017593648 1017593663 2155341120 2155341183 161 161 0 65535 17 17 2 
1984124080 1984124095 1620812480 1620812543 5510 5510 0 65535 6 6 2 
1617963472 1617963487 212735104 212735167 161 161 0 65535 17 17 2 
1766057056 1766057071 3310264256 3310264319 80 80 0 65535 17 17 2 
1589348576 1589348591 4271056512 4271056575 80 80 0 65535 17 17 4 
1581573488 1581573503 70725312 70725375 500 500 0 65535 17 17 2 
1343057680 1343057695 4099686528 4099686591 53 53 0 65535 6 6 2 
1343057680 1343057695 4050103104 4050103167 25 25 0 65535 6 6 3 
1343057680 1343057695 1452543552 1452543615 5510 5510 0 65535 17 17 3 
3864432512 3864432575 2278438880 2278438895 0 65535 514 514 17 17 1 
3950624512 3950624575 1734959072 1734959087 0 65535 25 25 17 17 3 
3626817280 3626817343 2531514000 2531514015 0 65535 514 514 17 17 2 
3643606272 3643606335 1202258432 1202258447 0 65535 1214 1214 17 17 2 
3251450112 3251450175 1195214016 1195214031 0 65535 514 514 6 6 3 
3444232384 3444232447 659471984 659471999 0 65535 5631 5631 17 17 4 
2794785088 2794785151 689831760 689831775 0 65535 514 514 17 17 0 
2941202048 2941202111 697451904 697451919 0 65535 1433 1433 17 17 2 
3032613440 3032613503 3958664512 3958664527 0 65535 514 514 6 6 1 
2520193024 2520193087 1022413488 1022413503 0 65535 514 514 6 6 1 
2594217344 2594217407 362647104 362647119 0 65535 9003 9003 17 17 4 
2278462784 2278462847 506284880 506284895 0 65535 69 69 17 17 2 
301680128 301680191 73174336 73174351 0 65535 80 80 17 17 1 
301680128 301680191 3206195712 3206195727 0 65535 53 53 17 17 0 
33238144 33238207 2883771792 2883771807 0 65535 25 25 17 17 2 
33238144 33238207 1350228384 1350228399 0 65535 110 110 6 6 1 
33231680 33231743 2883771792 2883771807 0 65535 80 80 6 6 2 
73200640 73200703 1493567376 1493567391 0 65535 80 80 17 17 0 
73250112 73250175 1493567072 1493567087 0 65535 8875 8875 6 6 3 
858735104 858735167 1567941664 1567941679 0 65535 69 69 6 6 1 
1017593664 1017593727 1022413488 1022413503 0 65535 53 53 17 17 0 
1017593664 1017593727 2150978176 2150978191 0 65535 53 53 17 17 3 
2052937408 2052937471 454024304 454024319 0 65535 53 53 17 17 2 
1620812352 1620812415 235547472 235547487 0 65535 69 69 17 17 3 
3864432128 3864432383 2278438908 2278438908 0 65535 20 23 17 17 2 
3950624256 3950624511 3950624672 3950624672 0 65535 20 23 17 17 1 
3626817280 3626817535 1112414483 1112414483 0 65535 20 23 17 17 3 
3444203776 3444204031 2524573234 2524573234 0 65535 20 23 6 6 3 
2680318720 2680318975 2941201827 2941201827 0 65535 20 23 17 17 0 
2274732800 2274733055 3873566819 3873566819 0 65535 20 23 6 6 2 
2278462464 2278462719 506284879 506284879 0 65535 20 23 6 6 1 
301669888 301670143 3218281401 3218281401 0 65535 20 23 6 6 1 
301669888 301670143 1195242461 1195242461 0 65535 20 23 6 6 2 
301680384 301680639 1400532560 1400532560 0 65535 20 23 6 6 4 
33104384 33104639 1343090788 1343090788 0 65535 20 23 6 6 2 
240788736 240788991 134321579 134321579 0 65535 20 23 17 17 1 
240788736 240788991 2950175562 2950175562 0 65535 20 23 6 6 4 
857037056 857037311 2351932108 2351932108 0 65535 20 23 17 17 0 
1017593344 1017593599 703550863 703550863 0 65535 20 23 17 17 2 
2052941312 2052941567 454021075 454021075 0 65535 20 23 6 6 1 
1620812544 1620812799 2050642689 2050642689 0 65535 20 23 6 6 4 
1230635008 1230635263 3242036405 3242036405 0 65535 20 23 17 17 1 
1578577152 1578577407 4239439959 4239439959 0 65535 20 23 6 6 2 
1343057408 1343057663 1343090788 1343090788 0 65535 20 23 17 17 1 
3864431616 3864432127 2598746569 2598746569 0 65535 20 21 6 6 2 
4227154944 4227155455 2443801725 2443801725 0 65535 1812 1813 6 6 4 
3526843392 3526843903 3251486320 3251486320 0 65535 1812 1813 17 17 2 
2941252096 2941252607 4056017459 4056017459 0 65535 109 110 6 6 2 
3032612864 3032613375 875474164 875474164 0 65535 1645 1646 17 17 1 
3032612864 3032613375 877910339 877910339 0 65535 20 21 17 17 0 
2337427456 2337427967 2524536665 2524536665 0 65535 109 110 17 17 3 
2338475008 2338475519 468496388 468496388 0 65535 1645 1646 6 6 1 
1017592832 1017593343 1592425264 1592425264 0 65535 1645 1646 17 17 2 
1620811776 1620812287 1620812460 1620812460 0 65535 1645 1646 6 6 0 
1801463808 1801464319 240715754 240715754 0 65535 20 21 17 17 4 
1230635520 1230636031 79686753 79686753 0 65535 109 110 6 6 1 
1121458688 1121459199 3248590784 3248590784 0 65535 109 110 6 6 1 
3949957120 3949958143 3864432593 3864432593 0 65535 1812 1813 6 6 1 
3950634752 3950635007 3950634550 3950634550 20 23 0 65535 6 6 1 
3209011456 3209011711 945863614 945863614 20 23 0 65535 17 17 4 
4227156216 4227156216 2443801856 2443802111 20 23 0 65535 6 6 1 
3643582365 3643582365 1202258688 1202258943 20 23 0 65535 6 6 2 
3251601642 3251601642 3530163968 3530164223 20 23 0 65535 6 6 1 
2941202122 2941202122 697338368 697338623 20 23 0 65535 6 6 4 
2520193115 2520193115 2680316160 2680316415 20 23 0 65535 6 6 2 
2594217444 2594217444 3836195328 3836195583 20 23 0 65535 17 17 0 
2278462728 2278462728 2265143040 2265143295 20 23 0 65535 6 6 2 
2341422918 2341422918 468469504 468469759 20 23 0 65535 17 17 4 
459024943 459024943 2783936000 2783936255 20 23 0 65535 6 6 1 
458194622 458194622 1355715584 1355715839 20 23 0 65535 17 17 1 
458219407 458219407 2791168256 2791168511 20 23 0 65535 6 6 4 
73200725 73200725 240838656 240838911 20 23 0 65535 17 17 3 
240788568 240788568 1493503232 1493503487 20 23 0 65535 17 17 2 
877217361 877217361 2351952128 2351952383 20 23 0 65535 6 6 1 
1009849442 1009849442 1567941632 1567941887 20 23 0 65535 6 6 0 
656752125 656752125 3645952512 3645952767 20 23 0 65535 6 6 2 
1959549543 1959549543 459077888 459078143 20 23 0 65535 6 6 2 
1954074127 1954074127 1620812544 1620812799 20 23 0 65535 6 6 4 
1763944633 1763944633 3305646080 3305646335 20 23 0 65535 6 6 0 
1117497698 1117497698 79636224 79636479 20 23 0 65535 6 6 1 
3526857216 3526857727 3251501083 3251501083 20 21 0 65535 6 6 3 
1230635520 1230636031 3242036403 3242036403 109 110 0 65535 6 6 2 
0 4294967295 0 4294967295 0 65535 0 65535 0 255 2 
