3032635392 3032635903 3206232664 3206232665 161 161 0 65535 6 6 3 
887375360 887375871 2941066528 2941066529 5550 5550 0 65535 6 6 0 
877872640 877873151 2941066528 2941066529 143 143 0 65535 17 17 4 
2101978112 2101978623 3560224288 3560224289 161 161 0 65535 6 6 0 
1230635520 1230636031 1581518782 1581518783 161 161 0 65535 6 6 0 
3032635912 3032635912 3958664192 3958664703 20 23 0 65535 6 6 2 
2520193115 2520193115 2278474752 2278475263 20 23 0 65535 6 6 3 
2278462848 2278462975 2524518608 2524518623 0 65535 514 514 6 6 1 
2278462728 2278462728 2341422080 2341423103 20 21 0 65535 6 6 3 
1017593344 1017593599 1589370296 1589370299 53 53 0 65535 17 17 0 
656749824 656750079 3684780188 3684780191 22 22 0 65535 17 17 4 
1230635008 1230635263 3262012632 3262012635 5520 5520 0 65535 6 6 0 
1620805120 1620805631 249187688 249187691 5631 5631 0 65535 6 6 4 
3949958272 3949958399 1765834416 1765834431 0 65535 514 514 6 6 0 
3251601408 3251601535 2520126704 2520126719 0 65535 514 514 17 17 1 
2780330880 2780331007 759677104 759677119 0 65535 69 69 17 17 0 
3204962688 3204962815 3204962624 3204962639 0 65535 514 514 17 17 0 
301680256 301680383 1400532544 1400532559 0 65535 9003 9003 17 17 2 
458181376 458181503 458181600 458181615 0 65535 1433 1433 17 17 0 
458214656 458214783 2794843360 2794843375 0 65535 7000 7000 17 17 4 
759663872 759663999 1589366592 1589366607 0 65535 80 80 17 17 0 
1954074240 1954074367 3536357760 3536357775 0 65535 514 514 17 17 4 
1195213824 1195213951 1195214016 1195214031 0 65535 22 22 17 17 4 
1581573504 1581573631 1195242432 1195242447 0 65535 162 162 17 17 3 
4057791380 4057791380 1617983488 1617983999 20 23 0 65535 6 6 2 
2800780101 2800780101 4052337152 4052337663 20 23 0 65535 6 6 4 
3204932502 3204932502 945863168 945863679 20 23 0 65535 6 6 0 
1343057677 1343057677 4099686400 4099686911 20 23 0 65535 6 6 2 
4238902784 4238903295 1620785308 1620785308 20 23 0 65535 6 6 1 
4227154944 4227155455 2443801725 2443801725 0 65535 20 23 17 17 4 
3536325120 3536325631 3251601519 3251601519 0 65535 20 23 6 6 4 
2338475008 2338475519 3864502948 3864502948 0 65535 20 23 6 6 4 
1230635520 1230636031 3261869156 3261869156 0 65535 20 23 17 17 1 
3530007040 3530007551 1225387788 1225387791 53 53 0 65535 17 17 2 
3206256128 3206256639 3145700744 3145700747 5510 5510 0 65535 17 17 2 
3206256128 3206256639 3784690140 3784690143 161 161 0 65535 17 17 1 
1990660608 1990661119 2050642692 2050642695 5520 5520 0 65535 6 6 0 
1617963520 1617964031 212737996 212737999 5500 5500 0 65535 17 17 0 
1801463808 1801464319 240715764 240715767 143 143 0 65535 6 6 2 
1581578240 1581578751 4241932296 4241932299 53 53 0 65535 17 17 2 
3643580416 3643581439 3251450262 3251450262 0 65535 20 21 6 6 0 
3444203520 3444204543 769308930 769308930 0 65535 20 21 6 6 0 
459024384 459025407 2721554664 2721554664 0 65535 109 110 6 6 0 
2941202151 2941202151 697451520 697452543 20 21 0 65535 6 6 4 
1230635401 1230635401 33123328 33124351 20 21 0 65535 6 6 0 
2941245920 2941245935 697470720 697470847 5520 5520 0 65535 17 17 0 
2338475696 2338475711 2278462720 2278462847 143 143 0 65535 6 6 3 
1017593648 1017593663 1592425344 1592425471 25 25 0 65535 17 17 4 
656752096 656752111 3654146688 3654146815 5631 5631 0 65535 17 17 3 
1620804608 1620804623 249184256 249184383 53 53 0 65535 6 6 0 
1230635408 1230635423 3242036224 3242036351 143 143 0 65535 17 17 3 
1581579136 1581579151 4241932416 4241932543 80 80 0 65535 17 17 1 
1617963468 1617963468 1734958080 1734959103 20 23 0 65535 6 6 2 
1578576958 1578576958 1620811776 1620812799 20 23 0 65535 6 6 1 
2524534144 2524534144 2524533760 2524534783 20 23 0 65535 17 17 2 
1230636032 1230637055 3305700850 3305700850 0 65535 20 23 17 17 1 
1343055872 1343056895 4050063521 4050063521 0 65535 20 23 17 17 4 
1620804864 1620805119 249187584 249187647 0 65535 514 514 6 6 4 
3525919488 3525919743 1230687232 1230687295 0 65535 69 69 6 6 1 
2794784768 2794785023 689869248 689869311 0 65535 135 135 17 17 3 
2941245184 2941245439 697493440 697493503 0 65535 80 80 17 17 0 
2278462464 2278462719 2524518528 2524518591 0 65535 514 514 6 6 3 
877217536 877217791 2941066560 2941066623 0 65535 137 137 6 6 4 
858735360 858735615 1567941696 1567941759 0 65535 32774 32774 6 6 2 
656748288 656748543 3724218112 3724218175 0 65535 1433 1433 17 17 3 
656751616 656751871 703550912 703550975 0 65535 69 69 17 17 4 
1959575040 1959575295 1916682752 1916682815 0 65535 25 25 6 6 1 
1230635008 1230635263 33155968 33156031 0 65535 25 25 17 17 0 
1581573120 1581573375 1195242368 1195242431 0 65535 514 514 6 6 3 
295646720 295647231 3218281408 3218281471 0 65535 9003 9003 6 6 0 
1984124416 1984124927 134321536 134321599 0 65535 9003 9003 6 6 1 
3867151796 3867151796 2273763507 2273763507 0 65535 1024 65535 17 17 4 
3867175085 3867175085 3784650233 3784650233 0 65535 1024 65535 17 17 3 
3867175085 3867175085 2278503810 2278503810 0 65535 1024 65535 17 17 4 
3867175085 3867175085 2050647763 2050647763 0 65535 1024 65535 17 17 1 
3867175084 3867175084 2050645237 2050645237 0 65535 1024 65535 17 17 4 
3864432596 3864432596 2278503822 2278503822 0 65535 1024 65535 17 17 1 
3864432596 3864432596 2050645243 2050645243 0 65535 1024 65535 17 17 0 
3864432596 3864432596 3950624677 3950624677 0 65535 1024 65535 17 17 4 
3864432596 3864432596 4056017459 4056017459 0 65535 1024 65535 17 17 0 
3864432596 3864432596 1855913332 1855913332 0 65535 1024 65535 17 17 2 
3864432596 3864432596 2278438893 2278438893 0 65535 1024 65535 17 17 3 
3864432596 3864432596 2278438908 2278438908 0 65535 1024 65535 17 17 3 
3864432596 3864432596 3784650233 3784650233 0 65535 1024 65535 17 17 1 
3864432596 3864432596 1770530135 1770530135 0 65535 1024 65535 17 17 0 
3864432596 3864432596 2278438907 2278438907 0 65535 1024 65535 17 17 4 
3949947946 3949947946 4056017459 4056017459 0 65535 1024 65535 17 17 0 
3949947917 3949947917 1770693566 1770693566 0 65535 1024 65535 17 17 1 
3949958178 3949958178 1765998878 1765998878 0 65535 1024 65535 17 17 1 
3950638033 3950638033 1763906126 1763906126 0 65535 1024 65535 17 17 2 
3950634577 3950634577 3958664528 3958664528 0 65535 1024 65535 17 17 3 
3950624599 3950624599 2621596780 2621596780 0 65535 1024 65535 17 17 3 
3950624599 3950624599 4056017459 4056017459 0 65535 1024 65535 17 17 2 
3950624599 3950624599 1734959100 1734959100 0 65535 1024 65535 17 17 1 
3950624599 3950624599 3864432593 3864432593 0 65535 1024 65535 17 17 0 
3950624599 3950624599 3989468290 3989468290 0 65535 1024 65535 17 17 2 
4057743635 4057743635 2668470511 2668470511 0 65535 1024 65535 17 17 1 
4057791380 4057791380 2673009989 2673009989 0 65535 1024 65535 17 17 2 
4057791406 4057791406 1617983824 1617983824 0 65535 1024 65535 17 17 1 
4057791406 4057791406 2673010019 2673010019 0 65535 1024 65535 17 17 4 
4057791402 4057791402 1617983828 1617983828 0 65535 1024 65535 17 17 3 
4057791402 4057791402 2672988238 2672988238 0 65535 1024 65535 17 17 3 
4056017520 4056017520 3864415383 3864415383 0 65535 1024 65535 17 17 1 
4056017520 4056017520 2672980830 2672980830 0 65535 1024 65535 17 17 4 
4056017520 4056017520 4052337415 4052337415 0 65535 1024 65535 17 17 3 
4056017520 4056017520 1617957150 1617957150 0 65535 1024 65535 17 17 2 
4056017520 4056017520 1617961998 1617961998 0 65535 1024 65535 17 17 3 
4056017520 4056017520 4241907674 4241907674 0 65535 1024 65535 17 17 4 
4056017520 4056017520 2676050309 2676050309 0 65535 1024 65535 17 17 1 
4056017520 4056017520 2676050328 2676050328 0 65535 1024 65535 17 17 2 
4056017520 4056017520 4050102138 4050102138 0 65535 1024 65535 17 17 1 
4056017520 4056017520 1626160038 1626160038 0 65535 1024 65535 17 17 4 
4056017520 4056017520 1626160031 1626160031 0 65535 1024 65535 17 17 2 
4227888718 4227888718 2680349981 2680349981 0 65535 1024 65535 17 17 2 
4227902765 4227902765 1626333293 1626333293 0 65535 1024 65535 17 17 1 
4227902723 4227902723 1626333293 1626333293 0 65535 1024 65535 17 17 1 
4244148491 4244148491 1626333293 1626333293 0 65535 1024 65535 17 17 3 
4244167522 4244167522 2680306860 2680306860 0 65535 1024 65535 17 17 0 
4241907539 4241907539 4241907674 4241907674 0 65535 1024 65535 17 17 2 
4238878937 4238878937 1620785308 1620785308 0 65535 1024 65535 17 17 3 
4238902956 4238902956 1620785308 1620785308 0 65535 1024 65535 17 17 1 
4238902868 4238902868 2443801715 2443801715 0 65535 1024 65535 17 17 3 
4238920925 4238920925 2443801715 2443801715 0 65535 1024 65535 17 17 2 
4238920922 4238920922 1620785308 1620785308 0 65535 1024 65535 17 17 0 
4238920922 4238920922 2443801725 2443801725 0 65535 1024 65535 17 17 2 
4221492427 4221492427 2443801725 2443801725 0 65535 1024 65535 17 17 2 
4227156216 4227156216 1620785308 1620785308 0 65535 1024 65535 17 17 1 
4227156216 4227156216 1620809534 1620809534 0 65535 1024 65535 17 17 4 
4227156216 4227156216 4241907674 4241907674 0 65535 1024 65535 17 17 3 
4227155711 4227155711 1323738768 1323738768 0 65535 1024 65535 17 17 2 
3536325432 3536325432 1240708595 1240708595 0 65535 1024 65535 17 17 4 
3536369036 3536369036 3643558396 3643558396 0 65535 1024 65535 17 17 2 
3530202326 3530202326 1236370555 1236370555 0 65535 1024 65535 17 17 2 
3530172627 3530172627 1236370555 1236370555 0 65535 1024 65535 17 17 3 
3529841183 3529841183 1225387786 1225387786 0 65535 1024 65535 17 17 2 
3525919373 3525919373 2527178740 2527178740 0 65535 1024 65535 17 17 2 
3526844361 3526844361 3643558387 3643558387 0 65535 1024 65535 17 17 2 
3526857082 3526857082 3560224291 3560224291 0 65535 1024 65535 17 17 4 
3526857082 3526857082 1112415063 1112415063 0 65535 1024 65535 17 17 2 
3645952202 3645952202 1123005741 1123005741 0 65535 1024 65535 17 17 4 
3645952197 3645952197 1122963030 1122963030 0 65535 1024 65535 17 17 2 
3645952197 3645952197 2531513988 2531513988 0 65535 1024 65535 17 17 0 
3645952197 3645952197 3251450132 3251450132 0 65535 1024 65535 17 17 3 
3645952197 3645952197 3251450139 3251450139 0 65535 1024 65535 17 17 1 
3642205050 3642205050 1202258456 1202258456 0 65535 1024 65535 17 17 1 
3643582365 3643582365 3530164207 3530164207 0 65535 1024 65535 17 17 0 
3643582365 3643582365 1202258461 1202258461 0 65535 1024 65535 17 17 2 
3643606394 3643606394 1202258461 1202258461 0 65535 1024 65535 17 17 3 
3643606394 3643606394 3530164207 3530164207 0 65535 1024 65535 17 17 1 
3643606394 3643606394 2531471195 2531471195 0 65535 1024 65535 17 17 0 
3643606394 3643606394 3251453002 3251453002 0 65535 1024 65535 17 17 4 
3251601642 3251601642 2531471195 2531471195 0 65535 1024 65535 17 17 3 
3251601640 3251601640 1202258461 1202258461 0 65535 1024 65535 17 17 3 
3251601640 3251601640 3530164207 3530164207 0 65535 1024 65535 17 17 0 
3251601640 3251601640 1195214044 1195214044 0 65535 1024 65535 17 17 2 
3251601640 3251601640 3251601515 3251601515 0 65535 1024 65535 17 17 0 
3251601640 3251601640 2520227195 2520227195 0 65535 1024 65535 17 17 4 
3251450967 3251450967 3251501305 3251501305 0 65535 1024 65535 17 17 0 
3251450963 3251450963 3305700850 3305700850 0 65535 1024 65535 17 17 2 
3251450963 3251450963 1195214033 1195214033 0 65535 1024 65535 17 17 3 
3251450239 3251450239 2520248499 2520248499 0 65535 1024 65535 17 17 0 
3251450239 3251450239 1195214033 1195214033 0 65535 1024 65535 17 17 4 
3251453082 3251453082 1195214033 1195214033 0 65535 1024 65535 17 17 3 
3251453082 3251453082 3530164207 3530164207 0 65535 1024 65535 17 17 4 
3251453082 3251453082 2520191320 2520191320 0 65535 1024 65535 17 17 3 
3251453082 3251453082 2520191261 2520191261 0 65535 1024 65535 17 17 3 
3251453082 3251453082 3242036405 3242036405 0 65535 1024 65535 17 17 0 
3251453082 3251453082 548020537 548020537 0 65535 1024 65535 17 17 4 
3251453082 3251453082 2520193093 2520193093 0 65535 1024 65535 17 17 1 
3442178996 3442178996 548020537 548020537 0 65535 1024 65535 17 17 0 
3442178997 3442178997 2524576784 2524576784 0 65535 1024 65535 17 17 4 
3442184914 3442184914 3530164207 3530164207 0 65535 1024 65535 17 17 1 
3442184914 3442184914 3460037271 3460037271 0 65535 1024 65535 17 17 4 
3442184914 3442184914 671043402 671043402 0 65535 1024 65535 17 17 2 
3442184914 3442184914 2524576774 2524576774 0 65535 1024 65535 17 17 3 
3444237627 3444237627 671040013 671040013 0 65535 1024 65535 17 17 2 
3444232337 3444232337 671083402 671083402 0 65535 1024 65535 17 17 4 
3444232337 3444232337 2524576774 2524576774 0 65535 1024 65535 17 17 2 
3444210967 3444210967 2524572770 2524572770 0 65535 1024 65535 17 17 0 
3444210967 3444210967 2524572715 2524572715 0 65535 1024 65535 17 17 3 
3444210967 3444210967 656781439 656781439 0 65535 1024 65535 17 17 3 
3444203626 3444203626 656759102 656759102 0 65535 1024 65535 17 17 1 
3444203626 3444203626 2524573247 2524573247 0 65535 1024 65535 17 17 2 
3444203627 3444203627 3251453050 3251453050 0 65535 1024 65535 17 17 3 
3444203620 3444203620 764465729 764465729 0 65535 1024 65535 17 17 3 
3444203620 3444203620 769288768 769288768 0 65535 1024 65535 17 17 3 
3444203620 3444203620 2524573234 2524573234 0 65535 1024 65535 17 17 2 
3444203620 3444203620 769288794 769288794 0 65535 1024 65535 17 17 0 
2780330821 2780330821 4052304444 4052304444 0 65535 1024 65535 17 17 4 
2780330821 2780330821 759633017 759633017 0 65535 1024 65535 17 17 1 
2780330821 2780330821 4052304424 4052304424 0 65535 1024 65535 17 17 2 
2780330821 2780330821 759663921 759663921 0 65535 1024 65535 17 17 1 
2780330821 2780330821 3206232666 3206232666 0 65535 1024 65535 17 17 1 
2780330821 2780330821 759663929 759663929 0 65535 1024 65535 17 17 2 
2780330821 2780330821 759677109 759677109 0 65535 1024 65535 17 17 0 
2780330821 2780330821 4052337415 4052337415 0 65535 1024 65535 17 17 4 
2800761303 2800761303 693443538 693443538 0 65535 1024 65535 17 17 2 
2794790163 2794790163 2721554664 2721554664 0 65535 1024 65535 17 17 2 
2794790174 2794790174 689790557 689790557 0 65535 1024 65535 17 17 4 
2794790174 2794790174 4052337415 4052337415 0 65535 1024 65535 17 17 0 
2794785054 2794785054 689829645 689829645 0 65535 1024 65535 17 17 3 
2794785054 2794785054 2941251854 2941251854 0 65535 1024 65535 17 17 1 
2794785054 2794785054 2794785723 2794785723 0 65535 1024 65535 17 17 3 
2794785054 2794785054 4052337415 4052337415 0 65535 1024 65535 17 17 4 
2794785046 2794785046 4052337415 4052337415 0 65535 1024 65535 17 17 0 
2794785043 2794785043 689864941 689864941 0 65535 1024 65535 17 17 0 
2941202122 2941202122 4056017459 4056017459 0 65535 1024 65535 17 17 0 
2941202161 2941202161 4056017459 4056017459 0 65535 1024 65535 17 17 3 
2941202151 2941202151 697451930 697451930 0 65535 1024 65535 17 17 4 
2941202157 2941202157 4056017459 4056017459 0 65535 1024 65535 17 17 4 
2941245949 2941245949 2937370779 2937370779 0 65535 1024 65535 17 17 2 
2941245079 2941245079 703535465 703535465 0 65535 1024 65535 17 17 1 
2941252043 2941252043 4056017459 4056017459 0 65535 1024 65535 17 17 1 
2941252043 2941252043 703535126 703535126 0 65535 1024 65535 17 17 4 
3032635910 3032635910 3989468290 3989468290 0 65535 1024 65535 17 17 1 
3032635912 3032635912 3989468290 3989468290 0 65535 1024 65535 17 17 2 
3032635912 3032635912 3206232666 3206232666 0 65535 1024 65535 17 17 4 
3032635912 3032635912 857078528 857078528 0 65535 1024 65535 17 17 4 
3032613411 3032613411 2975768219 2975768219 0 65535 1024 65535 17 17 3 
3032613411 3032613411 3958664528 3958664528 0 65535 1024 65535 17 17 0 
3032613411 3032613411 888221981 888221981 0 65535 1024 65535 17 17 3 
3032613411 3032613411 875474164 875474164 0 65535 1024 65535 17 17 3 
3032613411 3032613411 3032636067 3032636067 0 65535 1024 65535 17 17 3 
3032613411 3032613411 877910350 877910350 0 65535 1024 65535 17 17 4 
3032613411 3032613411 877897562 877897562 0 65535 1024 65535 17 17 1 
3032613411 3032613411 3946282267 3946282267 0 65535 1024 65535 17 17 3 
3032613411 3032613411 945863614 945863614 0 65535 1024 65535 17 17 1 
3181690878 3181690878 3946282267 3946282267 0 65535 1024 65535 17 17 0 
3181673549 3181673549 945863614 945863614 0 65535 1024 65535 17 17 3 
3174621942 3174621942 3946282267 3946282267 0 65535 1024 65535 17 17 4 
3173938676 3173938676 3946282267 3946282267 0 65535 1024 65535 17 17 0 
3172333074 3172333074 2941251921 2941251921 0 65535 1024 65535 17 17 0 
3172285886 3172285886 3950527653 3950527653 0 65535 1024 65535 17 17 4 
3172270808 3172270808 3950585676 3950585676 0 65535 1024 65535 17 17 1 
3172270815 3172270815 945863614 945863614 0 65535 1024 65535 17 17 4 
3209011210 3209011210 3208988940 3208988940 0 65535 1024 65535 17 17 2 
3209011215 3209011215 945863614 945863614 0 65535 1024 65535 17 17 3 
3204968197 3204968197 2941251855 2941251855 0 65535 1024 65535 17 17 0 
3204962810 3204962810 3784690164 3784690164 0 65535 1024 65535 17 17 3 
3204960873 3204960873 3208988940 3208988940 0 65535 1024 65535 17 17 2 
3206255928 3206255928 1014376392 1014376392 0 65535 1024 65535 17 17 2 
3206255928 3206255928 2941251855 2941251855 0 65535 1024 65535 17 17 3 
3206255928 3206255928 3206256047 3206256047 0 65535 1024 65535 17 17 4 
3206255928 3206255928 1009856509 1009856509 0 65535 1024 65535 17 17 3 
3206255928 3206255928 3784690533 3784690533 0 65535 1024 65535 17 17 2 
2531471137 2531471137 3784650233 3784650233 0 65535 1024 65535 17 17 1 
2531471143 2531471143 2531513988 2531513988 0 65535 1024 65535 17 17 0 
2531471143 2531471143 1009859760 1009859760 0 65535 1024 65535 17 17 2 
2524573215 2524573215 3784650233 3784650233 0 65535 1024 65535 17 17 4 
2520193115 2520193115 3784650233 3784650233 0 65535 1024 65535 17 17 2 
2520193115 2520193115 1022413484 1022413484 0 65535 1024 65535 17 17 4 
2520193115 2520193115 3836195611 3836195611 0 65535 1024 65535 17 17 4 
2594217444 2594217444 2278475086 2278475086 0 65535 1024 65535 17 17 2 
2594217444 2594217444 3836195611 3836195611 0 65535 1024 65535 17 17 1 
2594217444 2594217444 1017597198 1017597198 0 65535 1024 65535 17 17 1 
2594217444 2594217444 2278475078 2278475078 0 65535 1024 65535 17 17 2 
2594217444 2594217444 362647137 362647137 0 65535 1024 65535 17 17 3 
2680316003 2680316003 286600468 286600468 0 65535 1024 65535 17 17 1 
2680318514 2680318514 2680306908 2680306908 0 65535 1024 65535 17 17 1 
2680318513 2680318513 3867175462 3867175462 0 65535 1024 65535 17 17 3 
2680318513 2680318513 301702784 301702784 0 65535 1024 65535 17 17 0 
2680318513 2680318513 301702826 301702826 0 65535 1024 65535 17 17 4 
2274732688 2274732688 301702817 301702817 0 65535 1024 65535 17 17 3 
2274732691 2274732691 506284872 506284872 0 65535 1024 65535 17 17 0 
2274732691 2274732691 2265142981 2265142981 0 65535 1024 65535 17 17 2 
2278462761 2278462761 3873566819 3873566819 0 65535 1024 65535 17 17 0 
2278462761 2278462761 506284872 506284872 0 65535 1024 65535 17 17 3 
2278462729 2278462729 2278438907 2278438907 0 65535 1024 65535 17 17 1 
2278462729 2278462729 506284879 506284879 0 65535 1024 65535 17 17 4 
2278462729 2278462729 3873566819 3873566819 0 65535 1024 65535 17 17 4 
2278462728 2278462728 3873566819 3873566819 0 65535 1024 65535 17 17 2 
2278462728 2278462728 468709627 468709627 0 65535 1024 65535 17 17 2 
2341422918 2341422918 2346141113 2346141113 0 65535 1024 65535 17 17 4 
2341422918 2341422918 468470407 468470407 0 65535 1024 65535 17 17 4 
2335095741 2335095741 3861753938 3861753938 0 65535 1024 65535 17 17 4 
2335095062 2335095062 2351932108 2351932108 0 65535 1024 65535 17 17 0 
2334318773 2334318773 468496390 468496390 0 65535 1024 65535 17 17 4 
2334318773 2334318773 3861753938 3861753938 0 65535 1024 65535 17 17 1 
2334318773 2334318773 3861770294 3861770294 0 65535 1024 65535 17 17 3 
2337425653 2337425653 468496391 468496391 0 65535 1024 65535 17 17 4 
2337425603 2337425603 3861770293 3861770293 0 65535 1024 65535 17 17 1 
2337428385 2337428385 2524536665 2524536665 0 65535 1024 65535 17 17 3 
2338475691 2338475691 2351932108 2351932108 0 65535 1024 65535 17 17 0 
2338475691 2338475691 453992705 453992705 0 65535 1024 65535 17 17 4 
2338475691 2338475691 2524536668 2524536668 0 65535 1024 65535 17 17 0 
2338475690 2338475690 453992707 453992707 0 65535 1024 65535 17 17 1 
2338475690 2338475690 454024316 454024316 0 65535 1024 65535 17 17 4 
2338475690 2338475690 2278462938 2278462938 0 65535 1024 65535 17 17 3 
295646530 295646530 1195242461 1195242461 0 65535 1024 65535 17 17 0 
295646530 295646530 3218281401 3218281401 0 65535 1024 65535 17 17 3 
295646530 295646530 301680344 301680344 0 65535 1024 65535 17 17 1 
301670297 301670297 1195242461 1195242461 0 65535 1024 65535 17 17 0 
301668071 301668071 3209011768 3209011768 0 65535 1024 65535 17 17 3 
301668071 301668071 3209016705 3209016705 0 65535 1024 65535 17 17 4 
301668071 301668071 3209016759 3209016759 0 65535 1024 65535 17 17 2 
301680254 301680254 3209016762 3209016762 0 65535 1024 65535 17 17 3 
301680254 301680254 73174351 73174351 0 65535 1024 65535 17 17 4 
301680254 301680254 295646709 295646709 0 65535 1024 65535 17 17 0 
301680254 301680254 459025046 459025046 0 65535 1024 65535 17 17 4 
301680254 301680254 1452564868 1452564868 0 65535 1024 65535 17 17 3 
301680254 301680254 3206195731 3206195731 0 65535 1024 65535 17 17 2 
301680254 301680254 3206256039 3206256039 0 65535 1024 65535 17 17 4 
301680254 301680254 3206256047 3206256047 0 65535 1024 65535 17 17 0 
468471315 468471315 73174898 73174898 0 65535 1024 65535 17 17 3 
468472927 468472927 3206256047 3206256047 0 65535 1024 65535 17 17 3 
458719546 458719546 2721554664 2721554664 0 65535 1024 65535 17 17 3 
459024943 459024943 2721554664 2721554664 0 65535 1024 65535 17 17 4 
458214907 458214907 301680344 301680344 0 65535 1024 65535 17 17 4 
458214907 458214907 2800780219 2800780219 0 65535 1024 65535 17 17 0 
458214907 458214907 2794843376 2794843376 0 65535 1024 65535 17 17 4 
33208996 33208996 2794809757 2794809757 0 65535 1024 65535 17 17 0 
33156070 33156070 1343090795 1343090795 0 65535 1024 65535 17 17 4 
33110379 33110379 2883742271 2883742271 0 65535 1024 65535 17 17 1 
33110341 33110341 2883742271 2883742271 0 65535 1024 65535 17 17 3 
73200725 73200725 2883742396 2883742396 0 65535 1024 65535 17 17 2 
73200725 73200725 459043764 459043764 0 65535 1024 65535 17 17 2 
73200725 73200725 1343057195 1343057195 0 65535 1024 65535 17 17 0 
73200725 73200725 1343057757 1343057757 0 65535 1024 65535 17 17 3 
73250064 73250064 1493567076 1493567076 0 65535 1024 65535 17 17 3 
73250064 73250064 2950214740 2950214740 0 65535 1024 65535 17 17 2 
73250064 73250064 1493605544 1493605544 0 65535 1024 65535 17 17 0 
73250064 73250064 1493605476 1493605476 0 65535 1024 65535 17 17 2 
73250064 73250064 1493605473 1493605473 0 65535 1024 65535 17 17 4 
240788568 240788568 2950175562 2950175562 0 65535 1024 65535 17 17 3 
240788568 240788568 459023423 459023423 0 65535 1024 65535 17 17 3 
240788568 240788568 2950175692 2950175692 0 65535 1024 65535 17 17 4 
240730638 240730638 1493503454 1493503454 0 65535 1024 65535 17 17 1 
240714862 240714862 2937338726 2937338726 0 65535 1024 65535 17 17 1 
240714862 240714862 1493555827 1493555827 0 65535 1024 65535 17 17 1 
240714863 240714863 2937373955 2937373955 0 65535 1024 65535 17 17 4 
240714857 240714857 2937370862 2937370862 0 65535 1024 65535 17 17 0 
240714859 240714859 2937370779 2937370779 0 65535 1024 65535 17 17 1 
240714859 240714859 1493555786 1493555786 0 65535 1024 65535 17 17 4 
240714859 240714859 2941066506 2941066506 0 65535 1024 65535 17 17 0 
887375684 887375684 2941066530 2941066530 0 65535 1024 65535 17 17 1 
887375710 887375710 2941066530 2941066530 0 65535 1024 65535 17 17 3 
877217370 877217370 2941066530 2941066530 0 65535 1024 65535 17 17 0 
877217370 877217370 2941201816 2941201816 0 65535 1024 65535 17 17 1 
877217370 877217370 2941201807 2941201807 0 65535 1024 65535 17 17 2 
877217360 877217360 2941201794 2941201794 0 65535 1024 65535 17 17 4 
877217360 877217360 2941201829 2941201829 0 65535 1024 65535 17 17 4 
877217360 877217360 703550908 703550908 0 65535 1024 65535 17 17 3 
877217361 877217361 2351952232 2351952232 0 65535 1024 65535 17 17 1 
857021075 857021075 1563154432 1563154432 0 65535 1024 65535 17 17 1 
857036859 857036859 2351932108 2351932108 0 65535 1024 65535 17 17 3 
857036859 857036859 703550909 703550909 0 65535 1024 65535 17 17 3 
857036859 857036859 1567941633 1567941633 0 65535 1024 65535 17 17 1 
858735176 858735176 2334188774 2334188774 0 65535 1024 65535 17 17 1 
858735176 858735176 2334318817 2334318817 0 65535 1024 65535 17 17 1 
858735176 858735176 2334318599 2334318599 0 65535 1024 65535 17 17 0 
858735176 858735176 1567941693 1567941693 0 65535 1024 65535 17 17 1 
858735176 858735176 877897559 877897559 0 65535 1024 65535 17 17 3 
858735176 858735176 1567941688 1567941688 0 65535 1024 65535 17 17 0 
858735176 858735176 1017613871 1017613871 0 65535 1024 65535 17 17 3 
1014376209 1014376209 2341463054 2341463054 0 65535 1024 65535 17 17 3 
1009849442 1009849442 2341426205 2341426205 0 65535 1024 65535 17 17 0 
1009856280 1009856280 2341424741 2341424741 0 65535 1024 65535 17 17 1 
1009856280 1009856280 1567941688 1567941688 0 65535 1024 65535 17 17 3 
1017593638 1017593638 1567941688 1567941688 0 65535 1024 65535 17 17 1 
1017593638 1017593638 1592425264 1592425264 0 65535 1024 65535 17 17 3 
1017593638 1017593638 2150978206 2150978206 0 65535 1024 65535 17 17 3 
1017593639 1017593639 1592425264 1592425264 0 65535 1024 65535 17 17 1 
1017593639 1017593639 1022413484 1022413484 0 65535 1024 65535 17 17 1 
1017593639 1017593639 703550863 703550863 0 65535 1024 65535 17 17 0 
1017593639 1017593639 2233304861 2233304861 0 65535 1024 65535 17 17 0 
1017593639 1017593639 2233304110 2233304110 0 65535 1024 65535 17 17 4 
769304254 769304254 2233310952 2233310952 0 65535 1024 65535 17 17 2 
769288919 769288919 769288797 769288797 0 65535 1024 65535 17 17 2 
769288808 769288808 1589370302 1589370302 0 65535 1024 65535 17 17 0 
759664014 759664014 1017637240 1017637240 0 65535 1024 65535 17 17 0 
759664126 759664126 1017637191 1017637191 0 65535 1024 65535 17 17 3 
759664126 759664126 2233310950 2233310950 0 65535 1024 65535 17 17 2 
759691025 759691025 2233310950 2233310950 0 65535 1024 65535 17 17 1 
759677138 759677138 2265142981 2265142981 0 65535 1024 65535 17 17 0 
703560350 703560350 2265142981 2265142981 0 65535 1024 65535 17 17 0 
703570528 703570528 1017637492 1017637492 0 65535 1024 65535 17 17 2 
703570528 703570528 2265142981 2265142981 0 65535 1024 65535 17 17 1 
703570528 703570528 656752194 656752194 0 65535 1024 65535 17 17 4 
703570528 703570528 1578589709 1578589709 0 65535 1024 65535 17 17 3 
667116579 667116579 2273733174 2273733174 0 65535 1024 65535 17 17 3 
667116578 667116578 1578589709 1578589709 0 65535 1024 65535 17 17 2 
665677521 665677521 2273766894 2273766894 0 65535 1024 65535 17 17 0 
665677353 665677353 1578625512 1578625512 0 65535 1024 65535 17 17 0 
656748056 656748056 3724144195 3724144195 0 65535 1024 65535 17 17 3 
656749646 656749646 3719784874 3719784874 0 65535 1024 65535 17 17 2 
656749646 656749646 3684707670 3684707670 0 65535 1024 65535 17 17 1 
656752125 656752125 703550863 703550863 0 65535 1024 65535 17 17 4 
656752125 656752125 3654146665 3654146665 0 65535 1024 65535 17 17 0 
656752125 656752125 1581540157 1581540157 0 65535 1024 65535 17 17 3 
656752125 656752125 656751961 656751961 0 65535 1024 65535 17 17 3 
656752125 656752125 1017613870 1017613870 0 65535 1024 65535 17 17 3 
2052933999 2052933999 3643611272 3643611272 0 65535 1024 65535 17 17 3 
2052941605 2052941605 3643558256 3643558256 0 65535 1024 65535 17 17 2 
2052941603 2052941603 459064404 459064404 0 65535 1024 65535 17 17 4 
2108596681 2108596681 459069774 459069774 0 65535 1024 65535 17 17 1 
2108554394 2108554394 3560224291 3560224291 0 65535 1024 65535 17 17 1 
2108537634 2108537634 459069730 459069730 0 65535 1024 65535 17 17 2 
2101978654 2101978654 3560224291 3560224291 0 65535 1024 65535 17 17 2 
2101978644 2101978644 459078088 459078088 0 65535 1024 65535 17 17 3 
2101978644 2101978644 1620812460 1620812460 0 65535 1024 65535 17 17 0 
2101978644 2101978644 2101978662 2101978662 0 65535 1024 65535 17 17 1 
2101978644 2101978644 3536325110 3536325110 0 65535 1024 65535 17 17 0 
1954074126 1954074126 1620812460 1620812460 0 65535 1024 65535 17 17 2 
1954074126 1954074126 3536357801 3536357801 0 65535 1024 65535 17 17 1 
1954074127 1954074127 3536357801 3536357801 0 65535 1024 65535 17 17 4 
1954074127 1954074127 459039424 459039424 0 65535 1024 65535 17 17 1 
1990660314 1990660314 1620812460 1620812460 0 65535 1024 65535 17 17 2 
1984124066 1984124066 3536357776 3536357776 0 65535 1024 65535 17 17 3 
1984124066 1984124066 2050642689 2050642689 0 65535 1024 65535 17 17 0 
1984124066 1984124066 1620812460 1620812460 0 65535 1024 65535 17 17 3 
1984124066 1984124066 134321539 134321539 0 65535 1024 65535 17 17 3 
1984124066 1984124066 134321579 134321579 0 65535 1024 65535 17 17 2 
1984124066 1984124066 3526752155 3526752155 0 65535 1024 65535 17 17 0 
1984124066 1984124066 3526692778 3526692778 0 65535 1024 65535 17 17 0 
1984124066 1984124066 3526692775 3526692775 0 65535 1024 65535 17 17 1 
1984124071 1984124071 3526844321 3526844321 0 65535 1024 65535 17 17 1 
1984124071 1984124071 1620812460 1620812460 0 65535 1024 65535 17 17 4 
1984124071 1984124071 2050642689 2050642689 0 65535 1024 65535 17 17 2 
1984124071 1984124071 3526857066 3526857066 0 65535 1024 65535 17 17 1 
1617963468 1617963468 212735057 212735057 0 65535 1024 65535 17 17 3 
1617963468 1617963468 3530202190 3530202190 0 65535 1024 65535 17 17 3 
1620804631 1620804631 3530202190 3530202190 0 65535 1024 65535 17 17 0 
1620804631 1620804631 2050642689 2050642689 0 65535 1024 65535 17 17 3 
1620804631 1620804631 1617961998 1617961998 0 65535 1024 65535 17 17 4 
1620804631 1620804631 1734959100 1734959100 0 65535 1024 65535 17 17 2 
1620804631 1620804631 1763944624 1763944624 0 65535 1024 65535 17 17 3 
1620804631 1620804631 249184463 249184463 0 65535 1024 65535 17 17 4 
1620812317 1620812317 3386617024 3386617024 0 65535 1024 65535 17 17 4 
1620812317 1620812317 3462427772 3462427772 0 65535 1024 65535 17 17 0 
1620812316 1620812316 3459984536 3459984536 0 65535 1024 65535 17 17 4 
1620812316 1620812316 3460037371 3460037371 0 65535 1024 65535 17 17 0 
1620812316 1620812316 3449442565 3449442565 0 65535 1024 65535 17 17 4 
1620812316 1620812316 235547468 235547468 0 65535 1024 65535 17 17 2 
1620812316 1620812316 2050642689 2050642689 0 65535 1024 65535 17 17 4 
1620812316 1620812316 3454938134 3454938134 0 65535 1024 65535 17 17 3 
1620812316 1620812316 3454799944 3454799944 0 65535 1024 65535 17 17 4 
1801464728 1801464728 240715762 240715762 0 65535 1024 65535 17 17 3 
1801464728 1801464728 3444232262 3444232262 0 65535 1024 65535 17 17 3 
1766057075 1766057075 1770710881 1770710881 0 65535 1024 65535 17 17 4 
1766057075 1766057075 1763944624 1763944624 0 65535 1024 65535 17 17 3 
1766057075 1766057075 3310264236 3310264236 0 65535 1024 65535 17 17 3 
1763944633 1763944633 2050642689 2050642689 0 65535 1024 65535 17 17 0 
1763944009 1763944009 3305700850 3305700850 0 65535 1024 65535 17 17 2 
1230635401 1230635401 3305700850 3305700850 0 65535 1024 65535 17 17 0 
1230635401 1230635401 33231761 33231761 0 65535 1024 65535 17 17 1 
1230635401 1230635401 1225387379 1225387379 0 65535 1024 65535 17 17 0 
1230635401 1230635401 3261869124 3261869124 0 65535 1024 65535 17 17 0 
1230635401 1230635401 1581518780 1581518780 0 65535 1024 65535 17 17 3 
1230635401 1230635401 3242036403 3242036403 0 65535 1024 65535 17 17 2 
1230635401 1230635401 3242036405 3242036405 0 65535 1024 65535 17 17 3 
1197037436 1197037436 79686734 79686734 0 65535 1024 65535 17 17 1 
1196596530 1196596530 3242036405 3242036405 0 65535 1024 65535 17 17 3 
1195214069 1195214069 3248590784 3248590784 0 65535 1024 65535 17 17 2 
1195214069 1195214069 1581555595 1581555595 0 65535 1024 65535 17 17 1 
1121457369 1121457369 3248590784 3248590784 0 65535 1024 65535 17 17 0 
1121457369 1121457369 79636092 79636092 0 65535 1024 65535 17 17 2 
1117497698 1117497698 79636092 79636092 0 65535 1024 65535 17 17 2 
1117497698 1117497698 3251630837 3251630837 0 65535 1024 65535 17 17 0 
1117497698 1117497698 1581579186 1581579186 0 65535 1024 65535 17 17 1 
1117497698 1117497698 3251601596 3251601596 0 65535 1024 65535 17 17 1 
1117497698 1117497698 4221492473 4221492473 0 65535 1024 65535 17 17 1 
1117497698 1117497698 4227155477 4227155477 0 65535 1024 65535 17 17 2 
1117497698 1117497698 4227155633 4227155633 0 65535 1024 65535 17 17 2 
1589369645 1589369645 4271056426 4271056426 0 65535 1024 65535 17 17 0 
1589369645 1589369645 1195242461 1195242461 0 65535 1024 65535 17 17 2 
1589369645 1589369645 4271056425 4271056425 0 65535 1024 65535 17 17 2 
1589369643 1589369643 79636094 79636094 0 65535 1024 65535 17 17 4 
1589348593 1589348593 79636094 79636094 0 65535 1024 65535 17 17 2 
1589348593 1589348593 1343057709 1343057709 0 65535 1024 65535 17 17 4 
1589348593 1589348593 1195242461 1195242461 0 65535 1024 65535 17 17 2 
1589348595 1589348595 79636094 79636094 0 65535 1024 65535 17 17 2 
1589348595 1589348595 4239439953 4239439953 0 65535 1024 65535 17 17 4 
1578576959 1578576959 4241932323 4241932323 0 65535 1024 65535 17 17 3 
1581579161 1581579161 4241932303 4241932303 0 65535 1024 65535 17 17 2 
1581579167 1581579167 1493555786 1493555786 0 65535 1024 65535 17 17 2 
1581573482 1581573482 1343057829 1343057829 0 65535 1024 65535 17 17 3 
1581573482 1581573482 70731747 70731747 0 65535 1024 65535 17 17 3 
1581573482 1581573482 4099735034 4099735034 0 65535 1024 65535 17 17 2 
1581573479 1581573479 70731605 70731605 0 65535 1024 65535 17 17 3 
1581573479 1581573479 4099734925 4099734925 0 65535 1024 65535 17 17 1 
1581573479 1581573479 4099734924 4099734924 0 65535 1024 65535 17 17 4 
1581573479 1581573479 4099686625 4099686625 0 65535 1024 65535 17 17 4 
1343057677 1343057677 1581573504 1581573504 0 65535 1024 65535 17 17 2 
1343057677 1343057677 1452543546 1452543546 0 65535 1024 65535 17 17 3 
1343057677 1343057677 4050063533 4050063533 0 65535 1024 65535 17 17 0 
1343057677 1343057677 4050063521 4050063521 0 65535 1024 65535 17 17 0 
1343057677 1343057677 73209484 73209484 0 65535 1024 65535 17 17 2 
1343057676 1343057676 73209393 73209393 0 65535 1024 65535 17 17 3 
1343057676 1343057676 73152693 73152693 0 65535 1024 65535 17 17 1 
1343057676 1343057676 4050103116 4050103116 0 65535 1024 65535 17 17 1 
1343057676 1343057676 4050102138 4050102138 0 65535 1024 65535 17 17 0 
1343057676 1343057676 73148684 73148684 0 65535 1024 65535 17 17 4 
3864432596 3864432596 1855913322 1855913322 0 65535 0 65535 1 1 2 
4230778417 4230778417 2680349928 2680349928 0 65535 0 65535 1 1 0 
73250064 73250064 240838935 240838935 0 65535 0 65535 1 1 2 
3864395776 3864461311 1801569761 1801569761 25 25 0 65535 6 6 2 
3643604992 3643670527 1202258461 1202258461 5631 5631 0 65535 6 6 0 
3442147328 3442212863 2524576784 2524576784 80 80 0 65535 6 6 0 
2278424576 2278490111 3861903352 3861903352 1433 1433 0 65535 6 6 3 
1017577472 1017643007 1592425264 1592425264 25 25 0 65535 6 6 2 
1202257920 1202323455 3242036405 3242036405 135 135 0 65535 6 6 2 
4055957504 4056023039 4241907674 4241907674 0 65535 80 80 6 6 2 
3032612864 3032678399 3958664528 3958664528 0 65535 514 514 6 6 0 
3172270080 3172335615 945863614 945863614 0 65535 80 80 6 6 4 
3206217728 3206283263 3206195731 3206195731 0 65535 113 113 6 6 2 
2524512256 2524577791 3784650233 3784650233 0 65535 53 53 6 6 2 
2335047680 2335113215 468469721 468469721 0 65535 22 22 6 6 3 
858718208 858783743 2346141073 2346141073 0 65535 514 514 6 6 4 
858718208 858783743 703550859 703550859 0 65535 139 139 6 6 2 
703528960 703594495 1017637492 1017637492 0 65535 9003 9003 6 6 3 
656736256 656801791 3719784881 3719784881 0 65535 143 143 6 6 3 
1230635008 1230700543 79686734 79686734 0 65535 80 80 6 6 0 
1581514752 1581580287 4099734924 4099734924 0 65535 119 119 6 6 1 
4056017520 4056017520 1617952768 1618018303 0 65535 161 161 6 6 1 
3251453082 3251453082 2520186880 2520252415 0 65535 53 53 6 6 4 
3206255928 3206255928 1014366208 1014431743 0 65535 1645 1645 6 6 0 
2680318513 2680318513 295632896 295698431 0 65535 514 514 6 6 0 
1230635401 1230635401 3242000384 3242065919 0 65535 53 53 6 6 1 
1117497698 1117497698 4227137536 4227203071 0 65535 514 514 6 6 3 
4238920704 4238921215 1620785344 1620785407 0 65535 514 514 17 17 1 
2780329984 2780330495 759635648 759635711 0 65535 5631 5631 17 17 1 
2780329984 2780330495 759677120 759677183 0 65535 53 53 17 17 3 
2941201408 2941201919 697470848 697470911 0 65535 9003 9003 17 17 3 
3032635392 3032635903 3206232576 3206232639 0 65535 69 69 17 17 1 
3172332544 3172333055 3950527616 3950527679 0 65535 514 514 17 17 2 
458218496 458219007 454020992 454021055 0 65535 22 22 17 17 1 
458214912 458215423 2800958336 2800958399 0 65535 53 53 6 6 2 
33110528 33111039 2883742208 2883742271 0 65535 80 80 17 17 4 
33110528 33111039 73200768 73200831 0 65535 9003 9003 6 6 1 
33110528 33111039 1017593600 1017593663 0 65535 1433 1433 17 17 2 
877901312 877901823 2941066560 2941066623 0 65535 80 80 17 17 1 
1009849856 1009850367 2341463040 2341463103 0 65535 53 53 6 6 4 
759690240 759690751 2233310848 2233310911 0 65535 80 80 17 17 3 
703569920 703570431 2273733184 2273733247 0 65535 1646 1646 17 17 4 
656750080 656750591 659434752 659434815 0 65535 162 162 17 17 2 
656752128 656752639 1581540096 1581540159 0 65535 25 25 6 6 3 
1230635520 1230636031 33155968 33156031 0 65535 53 53 17 17 0 
3536368640 3536368895 1236370432 1236370687 0 65535 1433 1433 6 6 1 
3444232448 3444232703 3530163968 3530164223 0 65535 5510 5510 6 6 2 
2937375744 2937375999 4056017664 4056017919 0 65535 514 514 6 6 2 
3032613632 3032613887 875473920 875474175 0 65535 69 69 6 6 3 
2278462464 2278462719 506284544 506284799 0 65535 113 113 6 6 2 
858735360 858735615 2334318592 2334318847 0 65535 69 69 6 6 0 
1343057408 1343057663 1400532736 1400532991 0 65535 514 514 6 6 2 
3643606016 3643606271 3530163968 3530164223 161 161 0 65535 6 6 4 
2527155968 2527156223 1009856256 1009856511 5500 5500 0 65535 6 6 2 
1017593344 1017593599 1017597184 1017597439 5530 5530 0 65535 6 6 0 
3251601664 3251601919 1202258560 1202258687 0 65535 162 162 17 17 1 
3444203776 3444204031 769308928 769309055 0 65535 1645 1645 17 17 2 
3032636160 3032636415 862483456 862483583 0 65535 2549 2549 17 17 0 
3032636160 3032636415 3989468160 3989468287 0 65535 119 119 6 6 3 
3181673728 3181673983 945863424 945863551 0 65535 514 514 17 17 4 
458214400 458214655 73196800 73196927 0 65535 161 161 17 17 3 
73200896 73201151 2883742336 2883742463 0 65535 80 80 17 17 2 
3172270791 3172270791 945815552 945881087 25 25 0 65535 6 6 3 
240788568 240788568 1493499904 1493565439 22 22 0 65535 6 6 0 
3864395776 3864461311 2278503822 2278503822 80 80 0 65535 6 6 2 
4057726976 4057792511 1617983839 1617983839 5510 5510 0 65535 17 17 3 
4055957504 4056023039 1617957150 1617957150 161 161 0 65535 17 17 4 
4227137536 4227203071 1620809570 1620809570 161 161 0 65535 17 17 0 
3536322560 3536388095 2443801812 2443801812 161 161 0 65535 6 6 2 
3526819840 3526885375 2531513988 2531513988 80 80 0 65535 17 17 0 
3643539456 3643604991 1202258456 1202258456 5632 5632 0 65535 17 17 2 
3251568640 3251634175 3305700850 3305700850 161 161 0 65535 6 6 0 
3442147328 3442212863 2520193093 2520193093 22 22 0 65535 17 17 4 
2780299264 2780364799 2941251854 2941251854 53 53 0 65535 6 6 2 
2780299264 2780364799 4052304424 4052304424 25 25 0 65535 6 6 1 
2937323520 2937389055 697332662 697332662 161 161 0 65535 6 6 4 
3032612864 3032678399 2941245241 2941245241 5520 5520 0 65535 17 17 3 
3173908480 3173974015 3946282267 3946282267 5631 5631 0 65535 17 17 3 
3172270080 3172335615 3950585676 3950585676 1433 1433 0 65535 6 6 0 
3172270080 3172335615 945863614 945863614 80 80 0 65535 17 17 2 
2278424576 2278490111 468709627 468709627 53 53 0 65535 17 17 3 
2338455552 2338521087 468496388 468496388 161 161 0 65535 17 17 2 
301662208 301727743 3206195962 3206195962 1433 1433 0 65535 17 17 1 
33095680 33161215 2883771783 2883771783 161 161 0 65535 17 17 1 
73138176 73203711 240838736 240838736 5540 5540 0 65535 17 17 2 
240713728 240779263 2937370862 2937370862 5500 5500 0 65535 17 17 2 
1017577472 1017643007 1592425264 1592425264 80 80 0 65535 17 17 3 
1017577472 1017643007 2150978206 2150978206 161 161 0 65535 17 17 2 
759627776 759693311 2265142981 2265142981 161 161 0 65535 6 6 3 
2108555264 2108620799 3560224291 3560224291 161 161 0 65535 17 17 2 
1581514752 1581580287 4099686625 4099686625 443 443 0 65535 6 6 0 
1343029248 1343094783 4050103116 4050103116 53 53 0 65535 17 17 1 
1343029248 1343094783 4050102138 4050102138 25 25 0 65535 17 17 2 
3864395776 3864461311 2050645235 2050645235 0 65535 143 143 17 17 1 
3864395776 3864461311 2278455908 2278455908 0 65535 445 445 6 6 1 
3864395776 3864461311 4056017459 4056017459 0 65535 143 143 17 17 2 
3950575616 3950641151 3958664528 3958664528 0 65535 25 25 17 17 2 
4057726976 4057792511 2673010036 2673010036 0 65535 514 514 17 17 3 
4057726976 4057792511 2672988223 2672988223 0 65535 53 53 6 6 4 
4055957504 4056023039 1626333293 1626333293 0 65535 80 80 17 17 3 
3536322560 3536388095 1236370555 1236370555 0 65535 69 69 6 6 3 
3526819840 3526885375 1112415058 1112415058 0 65535 1646 1646 17 17 2 
3642163200 3642228735 2531473478 2531473478 0 65535 514 514 6 6 2 
3442147328 3442212863 3386407574 3386407574 0 65535 25 25 17 17 4 
3442147328 3442212863 664571020 664571020 0 65535 500 500 17 17 4 
3444178944 3444244479 3444279293 3444279293 0 65535 53 53 17 17 4 
3444178944 3444244479 656759115 656759115 0 65535 500 500 17 17 3 
2780299264 2780364799 759663929 759663929 0 65535 80 80 17 17 4 
2780299264 2780364799 759683352 759683352 0 65535 514 514 6 6 3 
2941190144 2941255679 4056017459 4056017459 0 65535 6346 6346 17 17 2 
2941190144 2941255679 703535126 703535126 0 65535 1433 1433 17 17 4 
3032612864 3032678399 703535126 703535126 0 65535 119 119 17 17 2 
3032612864 3032678399 3958664528 3958664528 0 65535 80 80 17 17 3 
3204907008 3204972543 3784689995 3784689995 0 65535 53 53 6 6 3 
2594177024 2594242559 1017597198 1017597198 0 65535 9003 9003 17 17 1 
2680291328 2680356863 286600468 286600468 0 65535 69 69 17 17 1 
2680291328 2680356863 286600475 286600475 0 65535 69 69 17 17 0 
2680291328 2680356863 295647325 295647325 0 65535 69 69 17 17 0 
2274689024 2274754559 2524519365 2524519365 0 65535 514 514 17 17 1 
2278424576 2278490111 468709627 468709627 0 65535 69 69 6 6 4 
2278424576 2278490111 3861844820 3861844820 0 65535 69 69 17 17 3 
2338455552 2338521087 2524536665 2524536665 0 65535 5540 5540 17 17 4 
295632896 295698431 3218281401 3218281401 0 65535 69 69 17 17 2 
458162176 458227711 1355715591 1355715591 0 65535 514 514 17 17 2 
458162176 458227711 2791168427 2791168427 0 65535 69 69 17 17 2 
33161216 33226751 2883775114 2883775114 0 65535 514 514 17 17 0 
33226752 33292287 2883775013 2883775013 0 65535 137 137 17 17 0 
33095680 33161215 459043664 459043664 0 65535 9003 9003 17 17 2 
877199360 877264895 1563154432 1563154432 0 65535 69 69 17 17 3 
858718208 858783743 703550859 703550859 0 65535 69 69 17 17 3 
1009844224 1009909759 2341426204 2341426204 0 65535 53 53 17 17 3 
1017577472 1017643007 1589370302 1589370302 0 65535 69 69 6 6 1 
759627776 759693311 1589366619 1589366619 0 65535 514 514 17 17 2 
697499648 697565183 2265142981 2265142981 0 65535 53 53 17 17 0 
697499648 697565183 697493497 697493497 0 65535 6346 6346 17 17 3 
665649152 665714687 548020537 548020537 0 65535 80 80 17 17 3 
665649152 665714687 2273763509 2273763509 0 65535 500 500 6 6 1 
656736256 656801791 1578625512 1578625512 0 65535 80 80 17 17 3 
656736256 656801791 1578625512 1578625512 0 65535 514 514 17 17 2 
656736256 656801791 3719784881 3719784881 0 65535 113 113 6 6 1 
2101936128 2102001663 2050642689 2050642689 0 65535 514 514 6 6 3 
1620770816 1620836351 3386407574 3386407574 0 65535 123 123 17 17 0 
1801453568 1801519103 1801569761 1801569761 0 65535 9003 9003 17 17 3 
1763901440 1763966975 3310264236 3310264236 0 65535 6970 6970 6 6 4 
1230635008 1230700543 3261869945 3261869945 0 65535 22 22 17 17 4 
1117454336 1117519871 1581579186 1581579186 0 65535 69 69 17 17 4 
1117454336 1117519871 4221492473 4221492473 0 65535 80 80 6 6 0 
1589313536 1589379071 4239439959 4239439959 0 65535 80 80 17 17 4 
1581514752 1581580287 4241907674 4241907674 0 65535 5500 5500 6 6 1 
1581514752 1581580287 70731747 70731747 0 65535 1433 1433 17 17 3 
1581514752 1581580287 1195242461 1195242461 0 65535 80 80 17 17 4 
1343029248 1343094783 1355715705 1355715705 0 65535 69 69 6 6 4 
1343029248 1343094783 1195242461 1195242461 0 65535 119 119 17 17 0 
3864432596 3864432596 2278455875 2278455875 0 65535 0 65535 17 17 0 
4227155711 4227155711 1323738797 1323738797 0 65535 0 65535 51 51 4 
301680254 301680254 73174872 73174872 0 65535 0 65535 6 6 1 
3864432596 3864432596 2050621440 2050686975 0 65535 53 53 17 17 4 
3950638033 3950638033 1763901440 1763966975 0 65535 53 53 17 17 4 
4057791402 4057791402 4057726976 4057792511 0 65535 143 143 17 17 1 
4056017520 4056017520 2672951296 2673016831 0 65535 5500 5500 17 17 4 
4056017520 4056017520 1626144768 1626210303 0 65535 69 69 6 6 2 
3526844361 3526844361 1230635008 1230700543 0 65535 139 139 6 6 0 
3645952197 3645952197 1117454336 1117519871 0 65535 119 119 17 17 0 
3643606394 3643606394 1202257920 1202323455 0 65535 514 514 17 17 1 
3251450963 3251450963 1195180032 1195245567 0 65535 500 500 17 17 0 
3251450239 3251450239 1195180032 1195245567 0 65535 514 514 6 6 3 
3251453082 3251453082 548012032 548077567 0 65535 7000 7000 17 17 2 
2780330821 2780330821 759627776 759693311 0 65535 53 53 6 6 2 
2780330821 2780330821 2780299264 2780364799 0 65535 137 137 17 17 0 
3032635912 3032635912 862453760 862519295 0 65535 80 80 6 6 4 
3032613411 3032613411 888209408 888274943 0 65535 23 23 6 6 2 
3032613411 3032613411 2975727616 2975793151 0 65535 1433 1433 17 17 2 
2531473574 2531473574 1009844224 1009909759 0 65535 80 80 6 6 0 
2531471138 2531471138 2531459072 2531524607 0 65535 514 514 17 17 1 
2520193115 2520193115 1022361600 1022427135 0 65535 80 80 17 17 2 
2680316003 2680316003 3867148288 3867213823 0 65535 5631 5631 17 17 0 
2341422918 2341422918 468451328 468516863 0 65535 514 514 17 17 1 
2341422918 2341422918 3861708800 3861774335 0 65535 69 69 17 17 1 
301668071 301668071 3208970240 3209035775 0 65535 514 514 17 17 0 
301680254 301680254 3206217728 3206283263 0 65535 1645 1645 17 17 2 
458719546 458719546 73138176 73203711 0 65535 9003 9003 17 17 4 
73200725 73200725 2883715072 2883780607 0 65535 514 514 17 17 0 
73250064 73250064 2950168576 2950234111 0 65535 143 143 17 17 0 
240730639 240730639 2937323520 2937389055 0 65535 514 514 17 17 1 
240714859 240714859 459014144 459079679 0 65535 69 69 17 17 2 
887375710 887375710 1493499904 1493565439 0 65535 80 80 17 17 0 
858735176 858735176 1567883264 1567948799 0 65535 514 514 17 17 0 
759691025 759691025 2265120768 2265186303 0 65535 1433 1433 17 17 2 
703560349 703560349 2265120768 2265186303 0 65535 1723 1723 17 17 2 
703560350 703560350 703528960 703594495 0 65535 80 80 17 17 4 
2052941603 2052941603 453967872 454033407 0 65535 69 69 17 17 1 
2101978654 2101978654 459014144 459079679 0 65535 1645 1645 6 6 3 
1617963468 1617963468 3530162176 3530227711 0 65535 514 514 17 17 0 
1617963468 1617963468 1617952768 1618018303 0 65535 514 514 17 17 1 
1801464728 1801464728 1855848448 1855913983 0 65535 80 80 6 6 4 
1230635401 1230635401 3242000384 3242065919 0 65535 80 80 17 17 0 
1578625211 1578625211 1195180032 1195245567 0 65535 53 53 6 6 4 
1578576958 1578576958 79626240 79691775 0 65535 80 80 17 17 0 
1343057676 1343057676 4050059264 4050124799 0 65535 1433 1433 17 17 0 
3949958400 3949958655 1770710784 1770711039 0 65535 80 80 17 17 1 
3950624256 3950624511 1734958592 1734958847 0 65535 514 514 17 17 3 
3950624256 3950624511 2620061952 2620062207 0 65535 22 22 6 6 2 
4057743360 4057743615 1617983744 1617983999 0 65535 22 22 17 17 4 
4057743360 4057743615 1617983744 1617983999 0 65535 69 69 17 17 3 
4057790976 4057791231 1617983744 1617983999 0 65535 53 53 17 17 3 
4056017664 4056017919 1626159872 1626160127 0 65535 514 514 17 17 4 
4241900032 4241900287 1626333440 1626333695 0 65535 53 53 6 6 0 
4238878720 4238878975 1626333440 1626333695 0 65535 6970 6970 17 17 0 
4221492480 4221492735 3864432384 3864432639 0 65535 69 69 6 6 4 
4227156224 4227156479 1620785152 1620785407 0 65535 53 53 17 17 2 
4227155712 4227155967 3864432384 3864432639 0 65535 69 69 17 17 1 
3536325120 3536325375 2443801856 2443802111 0 65535 514 514 17 17 2 
3536368640 3536368895 3251486208 3251486463 0 65535 23 23 17 17 3 
3529851392 3529851647 2443801856 2443802111 0 65535 514 514 17 17 4 
3529841408 3529841663 2443801856 2443802111 0 65535 9003 9003 17 17 3 
3526856704 3526856959 1086803456 1086803711 0 65535 69 69 17 17 0 
3526856704 3526856959 2527147520 2527147775 0 65535 162 162 17 17 4 
3526856704 3526856959 1112414976 1112415231 0 65535 524 524 17 17 4 
3526856704 3526856959 1112414976 1112415231 0 65535 2549 2549 6 6 2 
3642204672 3642204927 1117476096 1117476351 0 65535 80 80 17 17 0 
3251601664 3251601919 2520227072 2520227327 0 65535 7000 7000 17 17 0 
3251453184 3251453439 1195214080 1195214335 0 65535 53 53 6 6 4 
3251453184 3251453439 2520190976 2520191231 0 65535 5540 5540 17 17 3 
3251453184 3251453439 3530163968 3530164223 0 65535 514 514 17 17 2 
3444237312 3444237567 3864415232 3864415487 0 65535 143 143 17 17 4 
2780330496 2780330751 4052304384 4052304639 0 65535 69 69 17 17 3 
2800747264 2800747519 693458944 693459199 0 65535 80 80 17 17 0 
2794784768 2794785023 689831680 689831935 0 65535 53 53 17 17 3 
3032613632 3032613887 3958664192 3958664447 0 65535 514 514 17 17 4 
2274732800 2274733055 301702656 301702911 0 65535 80 80 6 6 3 
2278462464 2278462719 506284544 506284799 0 65535 139 139 6 6 4 
2278462464 2278462719 506284544 506284799 0 65535 69 69 17 17 2 
301668096 301668351 3209016576 3209016831 0 65535 5631 5631 17 17 0 
33231360 33231615 2883771648 2883771903 0 65535 69 69 17 17 0 
33110016 33110271 1343032064 1343032319 0 65535 53 53 17 17 2 
33110016 33110271 1343032064 1343032319 0 65535 69 69 17 17 2 
73200896 73201151 1493567232 1493567487 0 65535 80 80 17 17 1 
240730880 240731135 1493503232 1493503487 0 65535 80 80 6 6 0 
240715008 240715263 2941066496 2941066751 0 65535 69 69 17 17 3 
1017593344 1017593599 703550720 703550975 0 65535 80 80 6 6 1 
762645760 762646015 2233310720 2233310975 0 65535 22 22 17 17 2 
667116800 667117055 2273733120 2273733375 0 65535 69 69 17 17 0 
665677568 665677823 1578625280 1578625535 0 65535 514 514 17 17 1 
656748288 656748543 1578625280 1578625535 0 65535 514 514 17 17 0 
656749824 656750079 1017613824 1017614079 0 65535 1723 1723 6 6 2 
656749824 656750079 3684780032 3684780287 0 65535 514 514 6 6 4 
656751616 656751871 1017613824 1017614079 0 65535 9003 9003 17 17 0 
2052937472 2052937727 1620812544 1620812799 0 65535 80 80 17 17 4 
2101978880 2101979135 3536328704 3536328959 0 65535 69 69 17 17 2 
1954074368 1954074623 459077888 459078143 0 65535 69 69 6 6 1 
1954074368 1954074623 3536368896 3536369151 0 65535 113 113 17 17 1 
1620804864 1620805119 249184256 249184511 0 65535 5550 5550 6 6 2 
1620812544 1620812799 3530163968 3530164223 0 65535 53 53 17 17 3 
1230635008 1230635263 1195242240 1195242495 0 65535 143 143 6 6 2 
1230635008 1230635263 3261869056 3261869311 0 65535 161 161 17 17 0 
1230635008 1230635263 3242036224 3242036479 0 65535 514 514 6 6 2 
1195214080 1195214335 1230635264 1230635519 0 65535 514 514 17 17 3 
1121458432 1121458687 3248590592 3248590847 0 65535 69 69 17 17 3 
1343057408 1343057663 4099686400 4099686655 0 65535 514 514 17 17 0 
1343057408 1343057663 4050103040 4050103295 0 65535 6699 6699 6 6 1 
1343057408 1343057663 4050102016 4050102271 0 65535 69 69 6 6 2 
3950638034 3950638035 3950637863 3950637863 0 65535 1024 65535 17 17 3 
3444203622 3444203623 769308931 769308931 0 65535 1024 65535 17 17 1 
2937376072 2937376073 4056017459 4056017459 0 65535 1024 65535 17 17 3 
2941202158 2941202159 697451929 697451929 0 65535 1024 65535 17 17 0 
2941202158 2941202159 4056017459 4056017459 0 65535 1024 65535 17 17 4 
3032635914 3032635915 857036889 857036889 0 65535 1024 65535 17 17 3 
2526665516 2526665517 3784650233 3784650233 0 65535 1024 65535 17 17 3 
459024932 459024933 459023423 459023423 0 65535 1024 65535 17 17 3 
33208998 33208999 2794809773 2794809773 0 65535 1024 65535 17 17 3 
33156068 33156069 2883771785 2883771785 0 65535 1024 65535 17 17 4 
1017593636 1017593637 2150978206 2150978206 0 65535 1024 65535 17 17 2 
769309162 769309163 1017593823 1017593823 0 65535 1024 65535 17 17 2 
1763944634 1763944635 3305646877 3305646877 0 65535 1024 65535 17 17 1 
1117497696 1117497697 1581579123 1581579123 0 65535 1024 65535 17 17 1 
1581573476 1581573477 4099686625 4099686625 0 65535 1024 65535 17 17 1 
3950634752 3950635007 2621596672 2621596927 69 69 0 65535 6 6 0 
3950624256 3950624511 2619945984 2619946239 5530 5530 0 65535 17 17 0 
3251601664 3251601919 3248590592 3248590847 1433 1433 0 65535 6 6 1 
2941245184 2941245439 703535360 703535615 5520 5520 0 65535 17 17 3 
3032613632 3032613887 3028708864 3028709119 25 25 0 65535 6 6 0 
3032613632 3032613887 888221952 888222207 69 69 0 65535 6 6 4 
2278462464 2278462719 468709376 468709631 1433 1433 0 65535 17 17 3 
295646208 295646463 3218280960 3218281215 25 25 0 65535 17 17 2 
468482304 468482559 3206255872 3206256127 53 53 0 65535 17 17 2 
468482304 468482559 2721554432 2721554687 5510 5510 0 65535 17 17 0 
459025152 459025407 1355715584 1355715839 5550 5550 0 65535 6 6 2 
458214400 458214655 2794809600 2794809855 53 53 0 65535 17 17 2 
33155584 33155839 1350228224 1350228479 25 25 0 65535 17 17 2 
656751616 656751871 3654146560 3654146815 53 53 0 65535 17 17 2 
2052933632 2052933887 3643581952 3643582207 5520 5520 0 65535 6 6 1 
1954074368 1954074623 1954021376 1954021631 161 161 0 65535 17 17 0 
1984124160 1984124415 3526856704 3526856959 161 161 0 65535 6 6 4 
1117497344 1117497599 79636224 79636479 22 22 0 65535 17 17 0 
3950623744 3950624255 1734958592 1734958847 0 65535 53 53 6 6 2 
3526857216 3526857727 3251501056 3251501311 0 65535 1433 1433 6 6 2 
3643606528 3643607039 1202258688 1202258943 0 65535 80 80 6 6 2 
2941244416 2941244927 4056017664 4056017919 0 65535 514 514 6 6 2 
3032635392 3032635903 2941201664 2941201919 0 65535 69 69 6 6 1 
3181673472 3181673983 945863424 945863679 0 65535 1645 1645 6 6 3 
2520193536 2520194047 2278475008 2278475263 0 65535 69 69 6 6 3 
240788992 240789503 2950175488 2950175743 0 65535 9003 9003 6 6 3 
1009856000 1009856511 2155310080 2155310335 0 65535 514 514 6 6 2 
1017592832 1017593343 2155323392 2155323647 0 65535 1433 1433 6 6 4 
703569920 703570431 1017637376 1017637631 0 65535 139 139 6 6 4 
1620811776 1620812287 1734958592 1734958847 0 65535 69 69 6 6 2 
1581573632 1581574143 4241907456 4241907711 0 65535 53 53 6 6 4 
3950575616 3950641151 3946282267 3946282267 0 65535 109 110 6 6 0 
3643539456 3643604991 1202258456 1202258456 0 65535 20 21 6 6 0 
1954021376 1954086911 459078088 459078088 0 65535 20 21 6 6 4 
1617952768 1618018303 2050645243 2050645243 0 65535 109 110 6 6 1 
1343029248 1343094783 4050063491 4050063491 0 65535 109 110 6 6 0 
4056017520 4056017520 3864395776 3864461311 161 161 0 65535 17 17 4 
4227156216 4227156216 4055957504 4056023039 80 80 0 65535 6 6 1 
3529851833 3529851833 1225326592 1225392127 25 25 0 65535 17 17 3 
3526857082 3526857082 1083572224 1083637759 25 25 0 65535 17 17 3 
3526857082 3526857082 1112408064 1112473599 5530 5530 0 65535 17 17 1 
3444210967 3444210967 656736256 656801791 80 80 0 65535 6 6 4 
2941252043 2941252043 703528960 703594495 5530 5530 0 65535 17 17 2 
2941252043 2941252043 2883715072 2883780607 161 161 0 65535 17 17 1 
3032613411 3032613411 877854720 877920255 161 161 0 65535 6 6 0 
301680254 301680254 459014144 459079679 5520 5520 0 65535 6 6 0 
459024935 459024935 1355677696 1355743231 5500 5500 0 65535 6 6 4 
33235235 33235235 240779264 240844799 161 161 0 65535 6 6 4 
73200725 73200725 2883715072 2883780607 25 25 0 65535 6 6 1 
857036859 857036859 1567883264 1567948799 53 53 0 65535 6 6 4 
858735176 858735176 2334261248 2334326783 80 80 0 65535 17 17 2 
1017593639 1017593639 2150957056 2151022591 143 143 0 65535 6 6 2 
656748056 656748056 3724083200 3724148735 143 143 0 65535 6 6 2 
1990660314 1990660314 1620770816 1620836351 161 161 0 65535 17 17 0 
1230635401 1230635401 1581514752 1581580287 500 500 0 65535 17 17 3 
1195214069 1195214069 3248553984 3248619519 25 25 0 65535 17 17 1 
1117497698 1117497698 3251568640 3251634175 80 80 0 65535 17 17 3 
1581573479 1581573479 1578565632 1578631167 5530 5530 0 65535 17 17 3 
1581573479 1581573479 1589313536 1589379071 1098 1098 0 65535 17 17 0 
3526857216 3526857727 2527147520 2527147647 0 65535 80 80 17 17 1 
3444232704 3444233215 659452672 659452799 0 65535 514 514 17 17 0 
3032612864 3032613375 888267520 888267647 0 65535 69 69 6 6 2 
656750080 656750591 3719784832 3719784959 0 65535 80 80 17 17 1 
1617963520 1617964031 3530202240 3530202367 0 65535 25 25 17 17 1 
3643581440 3643581951 1202258688 1202258943 80 80 0 65535 6 6 3 
2278462976 2278463487 2524518400 2524518655 161 161 0 65535 6 6 0 
1990660608 1990661119 3536357632 3536357887 1433 1433 0 65535 6 6 4 
3251601640 3251601640 3530162176 3530227711 109 110 0 65535 6 6 2 
3251601640 3251601640 1195180032 1195245567 20 21 0 65535 6 6 1 
3206255928 3206255928 1014366208 1014431743 1645 1646 0 65535 6 6 2 
703560350 703560350 1589313536 1589379071 5000 5001 0 65535 6 6 1 
2052933999 2052933999 3643604992 3643670527 5000 5001 0 65535 6 6 2 
2108537659 2108537659 459014144 459079679 20 21 0 65535 6 6 2 
2101978644 2101978644 3560177664 3560243199 1645 1646 0 65535 6 6 3 
3864431616 3864432127 2050645248 2050645503 138 138 0 65535 17 17 2 
4056016896 4056017407 1617983744 1617983999 53 53 0 65535 17 17 3 
4056016896 4056017407 1617957120 1617957375 5540 5540 0 65535 17 17 4 
4056016896 4056017407 4099686400 4099686655 161 161 0 65535 17 17 3 
4056016896 4056017407 4241907456 4241907711 53 53 0 65535 17 17 1 
2794785280 2794785791 4052337152 4052337407 143 143 0 65535 17 17 4 
2941252096 2941252607 703535360 703535615 69 69 0 65535 17 17 4 
2531473408 2531473919 1009856256 1009856511 53 53 0 65535 17 17 0 
2594217472 2594217983 365832192 365832447 25 25 0 65535 17 17 2 
2341422080 2341422591 468469760 468470015 161 161 0 65535 17 17 3 
2341422080 2341422591 468470272 468470527 22 22 0 65535 17 17 1 
240715264 240715775 1493503232 1493503487 5632 5632 0 65535 17 17 3 
1017592832 1017593343 2150978048 2150978303 53 53 0 65535 6 6 3 
1017592832 1017593343 1589370112 1589370367 25 25 0 65535 6 6 1 
665676800 665677311 2273766656 2273766911 161 161 0 65535 17 17 3 
1620811776 1620812287 3459905024 3459905279 161 161 0 65535 17 17 1 
1230635520 1230636031 3261869056 3261869311 80 80 0 65535 17 17 1 
3864431616 3864432127 2050645248 2050645503 0 65535 80 80 17 17 0 
3864431616 3864432127 2278438656 2278438911 0 65535 1433 1433 17 17 3 
4056016896 4056017407 4241907456 4241907711 0 65535 5510 5510 17 17 0 
4238920704 4238921215 2443801856 2443802111 0 65535 514 514 6 6 1 
4221470208 4221470719 1620785152 1620785407 0 65535 69 69 17 17 0 
4227154944 4227155455 2443801856 2443802111 0 65535 137 137 17 17 1 
3525919232 3525919743 1230687232 1230687487 0 65535 80 80 17 17 4 
3642204160 3642204671 2531513856 2531514111 0 65535 1433 1433 17 17 3 
3642204160 3642204671 1117476096 1117476351 0 65535 69 69 6 6 4 
3643581440 3643581951 3643581952 3643582207 0 65535 139 139 17 17 1 
3643606528 3643607039 1202258688 1202258943 0 65535 6346 6346 17 17 0 
3251601920 3251602431 3251601408 3251601663 0 65535 9003 9003 6 6 2 
3251450368 3251450879 2520248320 2520248575 0 65535 135 135 17 17 0 
3251453440 3251453951 3444227072 3444227327 0 65535 5530 5530 17 17 2 
3444204032 3444204543 769308928 769309183 0 65535 119 119 6 6 3 
2801305088 2801305599 693443328 693443583 0 65535 161 161 6 6 4 
2941201408 2941201919 697451520 697451775 0 65535 135 135 17 17 3 
2941201408 2941201919 2937370624 2937370879 0 65535 80 80 6 6 4 
2524534272 2524534783 1009859584 1009859839 0 65535 80 80 17 17 4 
2520193536 2520194047 1022413568 1022413823 0 65535 514 514 17 17 0 
2274732032 2274732543 2941201664 2941201919 0 65535 9003 9003 17 17 1 
2278462976 2278463487 506284544 506284799 0 65535 139 139 17 17 4 
2278462976 2278463487 3873566720 3873566975 0 65535 119 119 6 6 3 
2278462976 2278463487 3861810688 3861810943 0 65535 514 514 6 6 3 
2278462976 2278463487 468709376 468709631 0 65535 514 514 6 6 2 
2278462976 2278463487 2524536576 2524536831 0 65535 162 162 6 6 3 
295646720 295647231 1195242240 1195242495 0 65535 137 137 6 6 3 
295646720 295647231 1195242240 1195242495 0 65535 514 514 17 17 3 
301669376 301669887 3218280960 3218281215 0 65535 161 161 17 17 3 
301679616 301680127 73174272 73174527 0 65535 162 162 17 17 3 
301679616 301680127 3206195712 3206195967 0 65535 9003 9003 17 17 4 
468473344 468473855 73174784 73175039 0 65535 25 25 6 6 2 
468473344 468473855 3206255872 3206256127 0 65535 1433 1433 17 17 2 
459024384 459024895 301680128 301680383 0 65535 514 514 6 6 1 
458193920 458194431 2780330752 2780331007 0 65535 53 53 17 17 2 
458214912 458215423 1355715584 1355715839 0 65535 162 162 17 17 2 
240788992 240789503 2950175488 2950175743 0 65535 1433 1433 17 17 0 
240788992 240789503 240788480 240788735 0 65535 514 514 17 17 1 
240715264 240715775 459023360 459023615 0 65535 137 137 6 6 0 
877216768 877217279 2941066496 2941066751 0 65535 53 53 6 6 0 
877216768 877217279 2941201664 2941201919 0 65535 53 53 6 6 1 
1009856000 1009856511 2341424640 2341424895 0 65535 445 445 17 17 3 
1017592832 1017593343 1589370112 1589370367 0 65535 80 80 6 6 3 
762646016 762646527 762645760 762646015 0 65535 143 143 6 6 2 
703560192 703560703 2265143040 2265143295 0 65535 25 25 17 17 3 
703569920 703570431 1017637376 1017637631 0 65535 514 514 17 17 0 
2052940800 2052941311 3560224512 3560224767 0 65535 69 69 17 17 0 
1990660608 1990661119 3536357632 3536357887 0 65535 69 69 17 17 4 
1990660608 1990661119 3536357632 3536357887 0 65535 514 514 17 17 0 
1620808704 1620809215 249187584 249187839 0 65535 53 53 17 17 1 
1801463808 1801464319 3454823936 3454824191 0 65535 139 139 6 6 0 
1801463808 1801464319 3444232192 3444232447 0 65535 514 514 17 17 2 
1763943424 1763943935 25408768 25409023 0 65535 6699 6699 6 6 1 
1230635520 1230636031 3261869056 3261869311 0 65535 137 137 17 17 3 
1196593152 1196593663 3242036224 3242036479 0 65535 25 25 17 17 3 
1343056896 1343057407 73148416 73148671 0 65535 514 514 6 6 3 
3864395776 3864461311 2050645243 2050645243 0 65535 20 23 6 6 3 
3864432596 3864432596 2050621440 2050686975 109 110 0 65535 6 6 3 
3864432596 3864432596 3784638464 3784703999 20 21 0 65535 6 6 4 
3032635910 3032635910 3989438464 3989503999 109 110 0 65535 6 6 2 
2524573215 2524573215 1009844224 1009909759 109 110 0 65535 6 6 0 
295646530 295646530 3218276352 3218341887 1645 1646 0 65535 6 6 2 
1959575264 1959575264 3536322560 3536388095 1645 1646 0 65535 6 6 0 
3864432592 3864432595 2598746569 2598746569 0 65535 1024 65535 17 17 0 
4227902724 4227902727 2680349952 2680349952 0 65535 1024 65535 17 17 4 
4227156220 4227156223 1620785308 1620785308 0 65535 1024 65535 17 17 1 
2278462732 2278462735 468709627 468709627 0 65535 1024 65535 17 17 2 
887375680 887375683 1017613871 1017613871 0 65535 1024 65535 17 17 3 
858735180 858735183 2334188789 2334188789 0 65535 1024 65535 17 17 2 
656752120 656752123 3645903787 3645903787 0 65535 1024 65535 17 17 3 
2108537660 2108537663 1581518601 1581518601 0 65535 1024 65535 17 17 1 
2101978640 2101978643 3536328908 3536328908 0 65535 1024 65535 17 17 0 
1620812312 1620812315 3530164207 3530164207 0 65535 1024 65535 17 17 0 
3949920256 3949985791 2598746569 2598746569 0 65535 109 110 6 6 1 
4055957504 4056023039 1626160031 1626160031 0 65535 20 21 6 6 3 
2780299264 2780364799 759635588 759635588 0 65535 5000 5001 17 17 1 
2794782720 2794848255 4056017459 4056017459 0 65535 20 21 6 6 3 
2594177024 2594242559 1017592916 1017592916 0 65535 1645 1646 17 17 4 
2680291328 2680356863 295686535 295686535 0 65535 109 110 6 6 0 
877854720 877920255 2941066530 2941066530 0 65535 20 21 17 17 4 
1017577472 1017643007 2150978206 2150978206 0 65535 109 110 6 6 3 
656736256 656801791 3684801451 3684801451 0 65535 109 110 6 6 1 
2052915200 2052980735 3560224291 3560224291 0 65535 20 21 17 17 3 
1620770816 1620836351 3460037343 3460037343 0 65535 1645 1646 6 6 0 
1343029248 1343094783 73148839 73148839 0 65535 109 110 6 6 3 
3526844288 3526844351 2527178740 2527178740 0 65535 20 2511 6 6 3 
4238868480 4238934015 3864432594 3864432594 0 65535 20 23 17 17 0 
2800746496 2800812031 4052337415 4052337415 0 65535 20 23 6 6 2 
2794782720 2794848255 689864941 689864941 0 65535 20 23 17 17 2 
2594177024 2594242559 3836195611 3836195611 0 65535 20 23 17 17 0 
468451328 468516863 3206256047 3206256047 0 65535 20 23 6 6 1 
877199360 877264895 1017613871 1017613871 0 65535 20 23 6 6 3 
697499648 697565183 2265142981 2265142981 0 65535 20 23 6 6 4 
2278462761 2278462761 3873505280 3873570815 20 23 0 65535 6 6 3 
1017593639 1017593639 1589313536 1589379071 20 23 0 65535 6 6 2 
1578565632 1578631167 4239439960 4239439967 0 65535 25 25 6 6 3 
3864395776 3864526847 3784650224 3784650231 0 65535 25 25 6 6 2 
3950510080 3950641151 1734959088 1734959095 0 65535 514 514 6 6 3 
2520121344 2520252415 1009859768 1009859775 0 65535 1433 1433 6 6 3 
3950624576 3950624591 3989438464 3989503999 69 69 0 65535 6 6 0 
3643582336 3643582351 1202257920 1202323455 22 22 0 65535 6 6 2 
2341422928 2341422943 468451328 468516863 53 53 0 65535 6 6 2 
2341422928 2341422943 468451328 468516863 161 161 0 65535 6 6 1 
301680224 301680239 1400504320 1400569855 5530 5530 0 65535 6 6 0 
240788544 240788559 2950168576 2950234111 161 161 0 65535 6 6 2 
1017593648 1017593663 703528960 703594495 53 53 0 65535 6 6 2 
1343057680 1343057695 4050059264 4050124799 143 143 0 65535 6 6 1 
468451328 468516863 2721554656 2721554663 0 65535 113 113 6 6 3 
73203712 73269247 73200784 73200791 0 65535 69 69 17 17 4 
1801453568 1801519103 3444232256 3444232263 0 65535 139 139 17 17 3 
1191182336 1191247871 1581555584 1581555591 0 65535 1433 1433 6 6 2 
3864432576 3864432591 1801453568 1801519103 80 80 0 65535 17 17 4 
4056017504 4056017519 4052287488 4052353023 500 500 0 65535 17 17 1 
4056017504 4056017519 1617952768 1618018303 20 20 0 65535 6 6 3 
4056017504 4056017519 4052287488 4052353023 143 143 0 65535 17 17 4 
4230766976 4230766991 1626275840 1626341375 500 500 0 65535 6 6 3 
4238920896 4238920911 1620770816 1620836351 22 22 0 65535 6 6 3 
4227155680 4227155695 4055957504 4056023039 143 143 0 65535 17 17 3 
3536357664 3536357679 1236336640 1236402175 5540 5540 0 65535 17 17 1 
3526844368 3526844383 1230635008 1230700543 5550 5550 0 65535 17 17 4 
3642205024 3642205039 1202257920 1202323455 161 161 0 65535 6 6 3 
3251453056 3251453071 1195180032 1195245567 80 80 0 65535 6 6 2 
3444203600 3444203615 656736256 656801791 161 161 0 65535 17 17 2 
2794785024 2794785039 689766400 689831935 1098 1098 0 65535 17 17 3 
2941202128 2941202143 697303040 697368575 161 161 0 65535 6 6 2 
2941245920 2941245935 697434112 697499647 53 53 0 65535 6 6 1 
2941245056 2941245071 703528960 703594495 25 25 0 65535 17 17 3 
3206255904 3206255919 1014366208 1014431743 161 161 0 65535 6 6 1 
3206255904 3206255919 1009844224 1009909759 1433 1433 0 65535 6 6 1 
2274732672 2274732687 2524512256 2524577791 161 161 0 65535 17 17 0 
301668080 301668095 286588928 286654463 5540 5540 0 65535 6 6 4 
301680224 301680239 1452539904 1452605439 5520 5520 0 65535 17 17 3 
301680224 301680239 1452539904 1452605439 5550 5550 0 65535 17 17 4 
73200704 73200719 73138176 73203711 161 161 0 65535 17 17 4 
240714864 240714879 2937323520 2937389055 25 25 0 65535 17 17 4 
240714864 240714879 134283264 134348799 5540 5540 0 65535 17 17 4 
240714864 240714879 2941059072 2941124607 161 161 0 65535 6 6 3 
858735184 858735199 2334261248 2334326783 1433 1433 0 65535 17 17 2 
697527984 697527999 2265120768 2265186303 161 161 0 65535 17 17 3 
2052941616 2052941631 3560177664 3560243199 161 161 0 65535 17 17 4 
0 4294967295 0 4294967295 0 65535 0 65535 0 255 0 
