1879058638 1879058638 4209041524 4209041524 161 161 69 69 17 17 0 
1847779529 1847779529 2703482684 2703482684 22 22 53 53 17 17 3 
2306450163 2306450163 1108563892 1108563892 80 80 53 53 17 17 2 
3463001070 3463001070 1722649832 1722649832 53 53 8875 8875 17 17 2 
3338717274 3338717274 1760973954 1760973954 53 53 80 80 17 17 1 
1088208359 1088208359 999872660 999872660 0 65535 6346 6346 6 6 0 
1180957725 1180957725 4143086193 4143086193 0 65535 162 162 6 6 2 
1889211280 1889211280 4143090706 4143090706 0 65535 514 514 6 6 1 
1889211280 1889211280 4265830745 4265830745 0 65535 25 25 6 6 0 
1879058524 1879058524 1850535273 1850535273 0 65535 80 80 6 6 4 
1879058638 1879058638 1879081264 1879081264 0 65535 69 69 6 6 3 
1879058659 1879058659 4209041524 4209041524 0 65535 25 25 6 6 3 
1879058659 1879058659 2004214413 2004214413 0 65535 514 514 6 6 4 
1850495345 1850495345 3689251684 3689251684 0 65535 514 514 6 6 1 
1847783071 1847783071 1879081276 1879081276 0 65535 137 137 6 6 4 
1847779529 1847779529 2703482653 2703482653 0 65535 22 22 6 6 3 
176526965 176526965 175394496 175394496 0 65535 69 69 6 6 0 
956103100 956103100 1847782997 1847782997 0 65535 5540 5540 6 6 2 
956103100 956103100 2707908447 2707908447 0 65535 53 53 6 6 2 
810916228 810916228 1847770908 1847770908 0 65535 69 69 6 6 3 
811531406 811531406 2653674542 2653674542 0 65535 113 113 6 6 3 
811531406 811531406 1850535275 1850535275 0 65535 69 69 6 6 2 
811531406 811531406 779892264 779892264 0 65535 69 69 6 6 3 
811531406 811531406 779892264 779892264 0 65535 80 80 6 6 3 
2306436011 2306436011 1108596455 1108596455 0 65535 162 162 6 6 4 
2306436011 2306436011 2365408913 2365408913 0 65535 80 80 6 6 4 
3355362687 3355362687 1760988772 1760988772 0 65535 53 53 6 6 3 
3353357703 3353357703 1813017512 1813017512 0 65535 514 514 6 6 1 
2310233765 2310233765 1108596471 1108596471 123 123 0 65535 6 6 2 
3355362687 3355362687 1761012942 1761012942 135 135 0 65535 6 6 1 
1317582150 1317582150 3849258566 3849258566 0 65535 1214 1214 17 17 0 
1086767745 1086767745 999859537 999859537 0 65535 80 80 17 17 4 
1889260550 1889260550 1850535273 1850535273 0 65535 5550 5550 17 17 0 
1889211280 1889211280 4143090812 4143090812 0 65535 69 69 6 6 3 
1879058524 1879058524 1885435546 1885435546 0 65535 80 80 17 17 0 
1879058524 1879058524 4201215374 4201215374 0 65535 514 514 17 17 3 
1879058524 1879058524 4201338091 4201338091 0 65535 119 119 17 17 0 
1879058638 1879058638 2058375839 2058375839 0 65535 514 514 17 17 1 
1879058659 1879058659 4209041524 4209041524 0 65535 53 53 17 17 4 
1879058659 1879058659 3689251697 3689251697 0 65535 25 25 17 17 1 
1850530439 1850530439 3689251703 3689251703 0 65535 69 69 17 17 1 
1850525603 1850525603 948145185 948145185 0 65535 113 113 17 17 3 
1850495345 1850495345 2778283773 2778283773 0 65535 161 161 17 17 0 
1850495345 1850495345 1850535273 1850535273 0 65535 1433 1433 17 17 2 
1845494770 1845494770 956046769 956046769 0 65535 69 69 17 17 4 
1847783071 1847783071 956043872 956043872 0 65535 5500 5500 17 17 0 
1847783071 1847783071 956043804 956043804 0 65535 514 514 17 17 2 
1847779529 1847779529 956102682 956102682 0 65535 9003 9003 6 6 4 
1847779529 1847779529 1879072067 1879072067 0 65535 53 53 17 17 1 
1847779529 1847779529 956102699 956102699 0 65535 9003 9003 17 17 2 
1847779529 1847779529 1108563890 1108563890 0 65535 7777 7777 17 17 3 
1847779529 1847779529 2703426869 2703426869 0 65535 53 53 17 17 0 
1847779529 1847779529 1722651961 1722651961 0 65535 69 69 6 6 0 
1847779529 1847779529 956102699 956102699 0 65535 5550 5550 17 17 4 
1847779529 1847779529 2703482626 2703482626 0 65535 119 119 17 17 4 
1847779529 1847779529 956102699 956102699 0 65535 514 514 17 17 1 
1847779529 1847779529 2703482630 2703482630 0 65535 25 25 17 17 2 
176526911 176526911 2707946598 2707946598 0 65535 69 69 17 17 1 
176526881 176526881 447790837 447790837 0 65535 69 69 17 17 1 
180124227 180124227 447790837 447790837 0 65535 5530 5530 17 17 2 
956064168 956064168 599233279 599233279 0 65535 32774 32774 17 17 2 
956103100 956103100 1847782997 1847782997 0 65535 53 53 17 17 4 
956103100 956103100 599233164 599233164 0 65535 69 69 6 6 1 
956103100 956103100 1847782999 1847782999 0 65535 69 69 17 17 1 
999872569 999872569 999872660 999872660 0 65535 137 137 17 17 4 
999872569 999872569 805491465 805491465 0 65535 53 53 17 17 4 
999872569 999872569 810901782 810901782 0 65535 69 69 6 6 2 
999872569 999872569 2707908429 2707908429 0 65535 514 514 17 17 2 
810886193 810886193 810886377 810886377 0 65535 1433 1433 17 17 1 
810886178 810886178 1847770888 1847770888 0 65535 69 69 17 17 0 
810916228 810916228 2309258543 2309258543 0 65535 1433 1433 17 17 3 
810916228 810916228 2309258685 2309258685 0 65535 3389 3389 17 17 0 
810916228 810916228 1850535321 1850535321 0 65535 69 69 6 6 4 
810916228 810916228 2424116376 2424116376 0 65535 69 69 6 6 3 
810916228 810916228 810916153 810916153 0 65535 25 25 17 17 0 
810916228 810916228 1850535321 1850535321 0 65535 514 514 17 17 3 
811529742 811529742 2465799196 2465799196 0 65535 514 514 17 17 0 
811529742 811529742 779892264 779892264 0 65535 5631 5631 17 17 1 
811529742 811529742 1850535321 1850535321 0 65535 162 162 17 17 2 
811529742 811529742 2664433428 2664433428 0 65535 514 514 17 17 2 
811531406 811531406 2653674537 2653674537 0 65535 69 69 17 17 3 
811531406 811531406 2653637311 2653637311 0 65535 25 25 17 17 4 
811531406 811531406 2653621903 2653621903 0 65535 5631 5631 17 17 2 
811531406 811531406 1850535275 1850535275 0 65535 69 69 17 17 3 
811531406 811531406 1850535275 1850535275 0 65535 80 80 17 17 2 
811531406 811531406 2565635458 2565635458 0 65535 9003 9003 17 17 3 
811531406 811531406 908504822 908504822 0 65535 9003 9003 17 17 3 
811531406 811531406 2565635458 2565635458 0 65535 5550 5550 17 17 4 
811531406 811531406 2565635458 2565635458 0 65535 113 113 17 17 1 
811531406 811531406 1850535273 1850535273 0 65535 137 137 6 6 2 
811531406 811531406 1850535273 1850535273 0 65535 162 162 17 17 3 
3175107940 3175107940 3689251683 3689251683 0 65535 69 69 17 17 3 
3175107940 3175107940 1409616114 1409616114 0 65535 500 500 6 6 3 
2655572814 2655572814 1253778053 1253778053 0 65535 80 80 6 6 0 
2655479901 2655479901 3689251692 3689251692 0 65535 25 25 17 17 3 
2655480483 2655480483 3689251692 3689251692 0 65535 53 53 6 6 1 
2655480483 2655480483 2565813301 2565813301 0 65535 514 514 17 17 1 
2310226123 2310226123 1108596455 1108596455 0 65535 80 80 17 17 3 
2302033637 2302033637 3689228192 3689228192 0 65535 80 80 17 17 1 
0 4294967295 0 4294967295 0 65535 0 65535 0 255 4 
