2302021152 2302021152 2246669713 2246669713 0 65535 1433 1433 17 17 2 
2306436011 2306436011 3689228163 3689228163 0 65535 25 25 17 17 0 
2306436371 2306436371 1108596455 1108596455 0 65535 80 80 17 17 2 
2306450163 2306450163 3689227955 3689227955 0 65535 9003 9003 6 6 3 
2306450163 2306450163 1108563342 1108563342 0 65535 69 69 17 17 1 
2306450163 2306450163 1108563892 1108563892 0 65535 80 80 17 17 2 
2306450163 2306450163 1108563892 1108563892 0 65535 514 514 17 17 1 
2306450163 2306450163 1108563890 1108563890 0 65535 80 80 6 6 4 
4201332680 4201332680 4209041524 4209041524 0 65535 53 53 6 6 2 
4201365355 4201365355 1108563890 1108563890 0 65535 25 25 6 6 0 
3426116182 3426116182 2058375835 2058375835 0 65535 9003 9003 17 17 1 
3426129284 3426129284 2565635458 2565635458 0 65535 69 69 17 17 3 
3426129284 3426129284 2004178167 2004178167 0 65535 514 514 17 17 3 
3438577900 3438577900 2004178175 2004178175 0 65535 1723 1723 17 17 4 
3438101954 3438101954 1893957240 1893957240 0 65535 514 514 6 6 2 
3438101953 3438101953 3689233773 3689233773 0 65535 69 69 6 6 0 
3438101953 3438101953 1893967780 1893967780 0 65535 25 25 17 17 2 
3471548178 3471548178 2565813265 2565813265 0 65535 5500 5500 17 17 2 
3469355062 3469355062 1893967780 1893967780 0 65535 5510 5510 17 17 4 
3469355014 3469355014 1885430214 1885430214 0 65535 21 21 17 17 1 
3459906386 3459906386 2565813265 2565813265 0 65535 5510 5510 17 17 3 
3459883377 3459883377 1885435551 1885435551 0 65535 22 22 17 17 0 
3463001075 3463001075 1722649827 1722649827 0 65535 514 514 17 17 1 
3463001074 3463001074 2565813265 2565813265 0 65535 80 80 17 17 1 
3345235794 3345235794 3266994937 3266994937 0 65535 139 139 6 6 4 
3338715349 3338715349 2565813293 2565813293 0 65535 53 53 17 17 2 
3338715349 3338715349 2565813293 2565813293 0 65535 9003 9003 17 17 1 
3338715349 3338715349 2565813293 2565813293 0 65535 137 137 17 17 4 
3338717274 3338717274 1760973953 1760973953 0 65535 69 69 17 17 0 
3338717274 3338717274 3689233745 3689233745 0 65535 9003 9003 17 17 4 
3355358946 3355358946 2565813293 2565813293 0 65535 514 514 17 17 2 
3355362687 3355362687 3689233745 3689233745 0 65535 69 69 17 17 0 
3355362687 3355362687 1760988772 1760988772 0 65535 69 69 6 6 4 
3355362687 3355362687 1761012944 1761012944 0 65535 22 22 17 17 0 
3353357710 3353357710 3689233730 3689233730 0 65535 9003 9003 17 17 2 
3353357704 3353357704 2565813308 2565813308 0 65535 5530 5530 17 17 1 
3353357703 3353357703 2565813308 2565813308 0 65535 53 53 17 17 4 
3353357703 3353357703 3689233730 3689233730 0 65535 5550 5550 17 17 1 
3353391017 3353391017 1813017517 1813017517 0 65535 53 53 6 6 2 
3353391017 3353391017 2565813308 2565813308 0 65535 69 69 17 17 3 
3353391017 3353391017 2565813308 2565813308 0 65535 53 53 17 17 4 
3353391013 3353391013 3689233733 3689233733 0 65535 119 119 17 17 1 
3353391013 3353391013 1813017504 1813017504 0 65535 6346 6346 17 17 2 
3353391013 3353391013 1813017504 1813017504 0 65535 25 25 17 17 4 
3353391014 3353391014 3377479251 3377479251 0 65535 80 80 17 17 4 
3353388693 3353388693 1855125641 1855125641 0 65535 9003 9003 17 17 1 
3353388693 3353388693 2565813301 2565813301 0 65535 9003 9003 6 6 4 
3353388693 3353388693 1855125641 1855125641 0 65535 80 80 17 17 2 
3353388693 3353388693 1855125641 1855125641 0 65535 69 69 17 17 2 
3353388693 3353388693 1858629898 1858629898 0 65535 25 25 17 17 4 
3353388693 3353388693 2565813301 2565813301 0 65535 80 80 17 17 4 
3353388693 3353388693 3689233733 3689233733 0 65535 69 69 17 17 4 
3353388693 3353388693 3689233733 3689233733 0 65535 80 80 6 6 3 
1879058639 1879058639 4209041524 4209041524 161 161 0 65535 17 17 0 
999872569 999872569 2707908447 2707908447 161 161 0 65535 6 6 4 
999872569 999872569 779909360 779909360 25 25 0 65535 17 17 3 
999872569 999872569 1847770973 1847770973 22 22 0 65535 17 17 4 
2655480345 2655480345 1108596141 1108596141 53 53 0 65535 17 17 4 
2655480345 2655480345 2565813301 2565813301 53 53 0 65535 17 17 4 
2310238357 2310238357 2365408913 2365408913 500 500 0 65535 17 17 3 
2302021152 2302021152 2565813301 2565813301 80 80 0 65535 6 6 4 
3459883377 3459883377 1722619859 1722619859 5520 5520 0 65535 17 17 2 
3463040277 3463040277 1722619859 1722619859 25 25 0 65535 6 6 2 
3463001070 3463001070 1722649832 1722649832 1433 1433 0 65535 17 17 2 
3353357704 3353357704 1813017503 1813017503 161 161 0 65535 6 6 2 
3353391015 3353391015 1813017504 1813017504 5540 5540 0 65535 6 6 0 
3353388693 3353388693 2565813308 2565813308 5510 5510 0 65535 17 17 0 
811531406 811531406 2653674537 2653674537 109 110 0 65535 6 6 0 
1879058526 1879058527 4265830750 4265830750 0 65535 25 25 17 17 4 
1879058656 1879058657 3689251703 3689251703 0 65535 161 161 6 6 0 
1847779530 1847779531 956102675 956102675 0 65535 5540 5540 17 17 0 
811531404 811531405 2565635458 2565635458 0 65535 53 53 17 17 0 
811531404 811531405 2565635458 2565635458 0 65535 25 25 6 6 0 
3353357700 3353357701 2565813308 2565813308 0 65535 22 22 6 6 2 
1889211284 1889211287 4265830744 4265830744 0 65535 514 514 17 17 3 
1847783064 1847783067 2784154123 2784154123 0 65535 69 69 6 6 2 
811529736 811529739 779892264 779892264 0 65535 143 143 17 17 2 
3353391013 3353391013 2565813308 2565813308 0 65535 20 23 6 6 4 
956103104 956103167 2707908447 2707908447 0 65535 9003 9003 6 6 3 
810916288 810916351 2309235936 2309235936 0 65535 9003 9003 6 6 1 
999872569 999872569 2707908416 2707908479 161 161 0 65535 6 6 0 
811531406 811531406 1850535168 1850535231 161 161 0 65535 6 6 0 
3459906386 3459906386 3377502720 3377502783 5520 5520 0 65535 6 6 1 
1325135708 1325135708 999859520 999859583 1433 1433 0 65535 6 6 4 
1879058659 1879058659 1850535168 1850535231 5550 5550 0 65535 17 17 2 
1845494747 1845494747 1813017472 1813017535 53 53 0 65535 6 6 3 
1847783071 1847783071 2784154112 2784154175 53 53 0 65535 17 17 4 
956103100 956103100 814639872 814639935 5540 5540 0 65535 17 17 2 
811529742 811529742 2664433408 2664433471 53 53 0 65535 6 6 1 
811531406 811531406 2653674560 2653674623 80 80 0 65535 6 6 1 
811531406 811531406 2653637184 2653637247 161 161 0 65535 17 17 4 
2310226123 2310226123 3689251584 3689251647 53 53 0 65535 6 6 2 
4249936537 4249936537 1108563840 1108563903 161 161 0 65535 17 17 4 
3353357703 3353357703 1813017472 1813017535 5540 5540 0 65535 17 17 1 
3353391017 3353391017 3348002112 3348002175 53 53 0 65535 17 17 2 
3353391014 3353391014 1813017472 1813017535 5540 5540 0 65535 17 17 2 
1850495232 1850495295 948145185 948145185 0 65535 514 514 17 17 1 
180124160 180124223 175394402 175394402 0 65535 5530 5530 17 17 4 
3175147456 3175147519 1415309795 1415309795 0 65535 69 69 6 6 2 
0 4294967295 0 4294967295 0 65535 0 65535 0 255 0 
