956102912 956103039 908502015 908502015 0 65535 69 69 6 6 2 
810886178 810886178 956102656 956102719 109 110 0 65535 6 6 2 
3463040277 3463040277 1722619776 1722619903 5520 5520 0 65535 6 6 1 
3355358848 3355358911 1760988780 1760988780 0 65535 20 21 6 6 4 
1889260550 1889260550 1879058816 1879058879 109 110 0 65535 6 6 3 
956103100 956103100 2707908416 2707908479 20 21 0 65535 6 6 2 
1879058524 1879058524 4209041408 4209041663 161 161 0 65535 6 6 1 
1847779529 1847779529 956102656 956102911 161 161 0 65535 6 6 2 
956103100 956103100 599233024 599233279 53 53 0 65535 6 6 4 
2306436011 2306436011 2565813504 2565813759 5530 5530 0 65535 6 6 2 
3353388693 3353388693 2565813504 2565813759 161 161 0 65535 6 6 0 
3353388693 3353388693 1858629888 1858630143 69 69 0 65535 6 6 4 
1850494976 1850495231 1761012738 1761012738 0 65535 9003 9003 6 6 2 
1845494272 1845494527 956046824 956046824 0 65535 69 69 6 6 0 
1847779584 1847779839 2703482684 2703482684 0 65535 514 514 6 6 3 
810886400 810886655 1847770973 1847770973 0 65535 80 80 6 6 3 
2302021120 2302021375 3689228192 3689228192 0 65535 135 135 6 6 4 
3438101504 3438101759 2565635458 2565635458 0 65535 5500 5500 6 6 1 
3463040256 3463040511 1722619842 1722619842 0 65535 1723 1723 6 6 3 
3463000576 3463000831 1722619842 1722619842 0 65535 69 69 6 6 3 
3353357312 3353357567 2565813308 2565813308 0 65535 137 137 6 6 3 
999872640 999872767 1847770973 1847770973 0 65535 1433 1433 6 6 2 
999872569 999872569 1045396224 1045396351 23 23 0 65535 17 17 1 
811531406 811531406 908504704 908504831 161 161 0 65535 17 17 4 
810886400 810886655 2306434206 2306434206 1433 1433 0 65535 6 6 0 
3471324928 3471325183 1893967780 1893967780 5550 5550 0 65535 6 6 1 
811529792 811529855 1850535321 1850535321 0 65535 20 23 6 6 3 
811531456 811531519 1850535275 1850535275 0 65535 1645 1646 6 6 1 
1189281854 1189281854 3758735616 3758735871 161 161 0 65535 6 6 3 
1850525603 1850525603 1879081216 1879081471 5510 5510 0 65535 17 17 4 
1850495345 1850495345 1761012736 1761012991 53 53 0 65535 6 6 4 
1850495345 1850495345 1108563712 1108563967 22 22 0 65535 17 17 4 
1847783071 1847783071 2784154112 2784154367 1433 1433 0 65535 17 17 0 
169332195 169332195 1858661376 1858661631 22 22 0 65535 17 17 3 
999872569 999872569 2707908352 2707908607 80 80 0 65535 6 6 3 
999872569 999872569 956102912 956103167 161 161 0 65535 6 6 4 
810886192 810886192 2365454592 2365454847 5530 5530 0 65535 6 6 4 
810886178 810886178 1847770880 1847771135 161 161 0 65535 6 6 2 
810886178 810886178 2306434048 2306434303 5540 5540 0 65535 6 6 2 
810916228 810916228 2306434048 2306434303 5530 5530 0 65535 6 6 4 
811529742 811529742 779892224 779892479 53 53 0 65535 17 17 2 
811529742 811529742 1850535168 1850535423 80 80 0 65535 6 6 4 
811529742 811529742 779892224 779892479 25 25 0 65535 17 17 2 
811531406 811531406 2664490752 2664491007 123 123 0 65535 17 17 3 
811531406 811531406 1850535168 1850535423 161 161 0 65535 17 17 3 
811531406 811531406 2565635072 2565635327 143 143 0 65535 17 17 4 
2655480345 2655480345 2309239552 2309239807 143 143 0 65535 6 6 1 
2655480345 2655480345 2653621760 2653622015 53 53 0 65535 6 6 2 
2306450163 2306450163 1108563200 1108563455 53 53 0 65535 6 6 2 
2306450163 2306450163 1108563200 1108563455 161 161 0 65535 17 17 0 
2306450163 2306450163 2246664960 2246665215 161 161 0 65535 6 6 0 
4201332681 4201332681 4265830656 4265830911 5550 5550 0 65535 6 6 2 
3438101952 3438101952 2565635072 2565635327 161 161 0 65535 17 17 4 
3463001075 3463001075 1722649600 1722649855 5530 5530 0 65535 17 17 3 
3338715349 3338715349 2565813504 2565813759 161 161 0 65535 17 17 2 
3355344924 3355344924 1760973824 1760974079 161 161 0 65535 6 6 0 
3355360446 3355360446 1760988672 1760988927 80 80 0 65535 17 17 2 
3355362687 3355362687 2565813504 2565813759 53 53 0 65535 6 6 4 
3355362687 3355362687 2565813504 2565813759 80 80 0 65535 17 17 3 
3353357703 3353357703 1813017344 1813017599 80 80 0 65535 6 6 3 
3353357703 3353357703 1813017344 1813017599 53 53 0 65535 17 17 4 
3353391017 3353391017 1813017344 1813017599 53 53 0 65535 6 6 1 
3353391015 3353391015 1855125504 1855125759 161 161 0 65535 6 6 1 
1889262592 1889262847 1893967780 1893967780 0 65535 5000 5001 6 6 2 
811531520 811531775 2565635458 2565635458 0 65535 109 110 6 6 1 
1879058688 1879058943 4201338091 4201338091 1433 1433 0 65535 6 6 0 
1847783168 1847783423 1847782998 1847782998 5500 5500 0 65535 17 17 4 
956102656 956102911 956043778 956043778 25 25 0 65535 17 17 1 
999872768 999873023 814639925 814639925 5530 5530 0 65535 17 17 2 
810915840 810916095 2306434196 2306434196 53 53 0 65535 6 6 2 
810915840 810916095 2309258548 2309258548 143 143 0 65535 6 6 3 
810915840 810916095 1850535321 1850535321 161 161 0 65535 17 17 4 
810915840 810916095 1850535321 1850535321 53 53 0 65535 17 17 2 
811529984 811530239 2465799196 2465799196 161 161 0 65535 17 17 1 
811531520 811531775 2565635458 2565635458 25 25 0 65535 6 6 1 
2310225920 2310226175 1108596455 1108596455 5540 5540 0 65535 6 6 3 
2306435840 2306436095 1108596455 1108596455 5500 5500 0 65535 6 6 1 
2306450176 2306450431 2309239712 2309239712 5510 5510 0 65535 6 6 0 
3438101504 3438101759 1893957198 1893957198 1433 1433 0 65535 17 17 3 
3353390592 3353390847 3377479251 3377479251 161 161 0 65535 17 17 2 
3353388800 3353389055 3689233733 3689233733 80 80 0 65535 6 6 3 
1879058688 1879058943 1850535273 1850535273 0 65535 80 80 6 6 1 
1879058688 1879058943 3689251697 3689251697 0 65535 53 53 17 17 3 
1879058688 1879058943 1850535273 1850535273 0 65535 69 69 17 17 1 
1850494976 1850495231 2778283696 2778283696 0 65535 1433 1433 6 6 3 
1845633280 1845633535 2784154206 2784154206 0 65535 21 21 17 17 2 
1847779584 1847779839 1722651961 1722651961 0 65535 514 514 17 17 3 
180124416 180124671 2707946598 2707946598 0 65535 113 113 17 17 1 
180124416 180124671 1858661557 1858661557 0 65535 9003 9003 17 17 3 
956056576 956056831 2707946598 2707946598 0 65535 22 22 17 17 2 
956056576 956056831 2707946728 2707946728 0 65535 514 514 17 17 1 
999872768 999873023 1847782999 1847782999 0 65535 69 69 17 17 1 
999872768 999873023 2707908424 2707908424 0 65535 514 514 17 17 2 
999872768 999873023 2707908424 2707908424 0 65535 9003 9003 17 17 0 
999872768 999873023 2707908429 2707908429 0 65535 514 514 17 17 0 
810915840 810916095 2306434206 2306434206 0 65535 119 119 17 17 0 
810915840 810916095 1850535321 1850535321 0 65535 69 69 17 17 2 
810915840 810916095 2309258669 2309258669 0 65535 514 514 6 6 4 
810915840 810916095 810916153 810916153 0 65535 69 69 17 17 3 
0 4294967295 0 4294967295 0 65535 0 65535 0 255 3 
