811529984 811530239 956102924 956102924 0 65535 80 80 17 17 0 
811529984 811530239 2465799196 2465799196 0 65535 514 514 17 17 3 
811531520 811531775 1850535275 1850535275 0 65535 137 137 17 17 4 
811531520 811531775 2653637295 2653637295 0 65535 162 162 17 17 2 
811531520 811531775 2565635458 2565635458 0 65535 2549 2549 17 17 2 
2655536640 2655536895 3689251683 3689251683 0 65535 25 25 6 6 2 
2655480064 2655480319 1254386287 1254386287 0 65535 69 69 17 17 0 
2655480576 2655480831 3689251692 3689251692 0 65535 53 53 17 17 3 
2310210560 2310210815 3689251692 3689251692 0 65535 80 80 17 17 3 
2310210560 2310210815 1108596143 1108596143 0 65535 7777 7777 17 17 4 
2310238208 2310238463 3689251692 3689251692 0 65535 143 143 6 6 3 
2310233600 2310233855 1108596471 1108596471 0 65535 69 69 17 17 1 
2302021120 2302021375 2565813301 2565813301 0 65535 80 80 17 17 3 
2306436096 2306436351 2565813301 2565813301 0 65535 69 69 17 17 0 
2306450176 2306450431 2309239699 2309239699 0 65535 514 514 6 6 0 
2306450176 2306450431 1108563345 1108563345 0 65535 69 69 17 17 4 
4249933056 4249933311 2565635458 2565635458 0 65535 69 69 17 17 0 
3426129152 3426129407 2004178167 2004178167 0 65535 22 22 17 17 4 
3438602240 3438602495 2004214408 2004214408 0 65535 69 69 6 6 2 
3459877632 3459877887 2565813265 2565813265 0 65535 25 25 17 17 2 
3459877120 3459877375 3689233773 3689233773 0 65535 514 514 17 17 0 
3463040256 3463040511 2565813265 2565813265 0 65535 69 69 17 17 4 
3463000576 3463000831 1722619842 1722619842 0 65535 80 80 17 17 4 
3463000576 3463000831 1722649827 1722649827 0 65535 9003 9003 17 17 2 
3338715392 3338715647 1722651961 1722651961 0 65535 22 22 17 17 2 
3338717440 3338717695 1760973953 1760973953 0 65535 113 113 17 17 2 
3338717440 3338717695 2565813293 2565813293 0 65535 25 25 17 17 0 
3355362304 3355362559 3338820849 3338820849 0 65535 80 80 6 6 3 
3353357312 3353357567 1813017503 1813017503 0 65535 9003 9003 17 17 0 
3353390592 3353390847 3689233733 3689233733 0 65535 1433 1433 17 17 0 
3353388800 3353389055 1855125641 1855125641 0 65535 514 514 17 17 1 
169332008 169332008 180719360 180719615 0 65535 162 162 17 17 2 
180124225 180124225 447790592 447790847 0 65535 53 53 17 17 3 
810916228 810916228 956102912 956103167 0 65535 53 53 6 6 3 
810916228 810916228 2309258496 2309258751 0 65535 80 80 17 17 3 
2655480345 2655480345 3689251584 3689251839 0 65535 9003 9003 6 6 1 
2302031826 2302031826 3689228032 3689228287 0 65535 80 80 6 6 3 
2306436011 2306436011 3689227776 3689228031 0 65535 69 69 17 17 1 
3463000953 3463000953 2565813504 2565813759 0 65535 514 514 17 17 2 
3353388693 3353388693 1858661376 1858661631 0 65535 69 69 17 17 3 
999872569 999872569 1847782912 1847783423 53 53 0 65535 6 6 3 
811529216 811529727 2465799196 2465799196 0 65535 9003 9003 6 6 4 
3355362304 3355362815 3689233755 3689233755 0 65535 161 161 6 6 1 
811531406 811531406 1850535168 1850535231 20 23 0 65535 6 6 1 
2655572814 2655572814 1253777920 1253778175 109 110 0 65535 6 6 1 
1241158144 1241158655 1108563890 1108563890 0 65535 514 514 17 17 1 
1845633024 1845633535 948145185 948145185 0 65535 1723 1723 17 17 3 
1847782400 1847782911 2784154123 2784154123 0 65535 69 69 17 17 0 
1847779840 1847780351 1858661574 1858661574 0 65535 514 514 17 17 3 
811529216 811529727 1850535321 1850535321 0 65535 9003 9003 6 6 3 
811531776 811532287 2565635458 2565635458 0 65535 514 514 6 6 2 
811531776 811532287 2565635458 2565635458 0 65535 69 69 6 6 1 
2655571968 2655572479 3689251692 3689251692 0 65535 514 514 17 17 3 
2655479808 2655480319 3689251692 3689251692 0 65535 514 514 17 17 0 
2306449408 2306449919 3689227967 3689227967 0 65535 53 53 17 17 0 
4249933824 4249934335 1108563890 1108563890 0 65535 80 80 17 17 2 
3438101504 3438102015 2565635458 2565635458 0 65535 119 119 6 6 2 
3345279488 3345279999 1722651961 1722651961 0 65535 5540 5540 17 17 0 
1879058524 1879058524 948145152 948145407 109 110 0 65535 6 6 4 
1847779529 1847779529 1879072000 1879072255 1645 1646 0 65535 6 6 3 
810886193 810886193 2365454592 2365454847 109 110 0 65535 17 17 4 
811531406 811531406 2653674496 2653674751 109 110 0 65535 17 17 0 
2310238357 2310238357 1108595968 1108596223 109 110 0 65535 17 17 2 
3469355062 3469355062 3377502720 3377502975 20 21 0 65535 6 6 1 
1847783168 1847783423 1879081276 1879081276 0 65535 5000 5001 6 6 4 
811531520 811531775 779892264 779892264 0 65535 109 110 17 17 4 
811531520 811531775 2565635458 2565635458 0 65535 109 110 17 17 3 
2655480576 2655480831 1108596157 1108596157 0 65535 1645 1646 6 6 2 
3353357312 3353357567 1813017512 1813017512 0 65535 1645 1646 17 17 4 
811531776 811532287 2565635458 2565635458 1433 1433 0 65535 17 17 0 
3338715136 3338715647 2565813265 2565813265 161 161 0 65535 17 17 4 
3353388032 3353388543 1855125641 1855125641 161 161 0 65535 6 6 1 
2655572832 2655572847 1253778112 1253778175 500 500 0 65535 6 6 4 
3355362304 3355362559 1761012942 1761012942 0 65535 20 23 6 6 2 
3355362304 3355362559 1761012778 1761012778 0 65535 20 23 6 6 4 
3355362687 3355362687 1761012736 1761013247 53 53 0 65535 17 17 1 
3353391014 3353391014 3689233408 3689233919 161 161 0 65535 17 17 2 
3353388800 3353389055 1858629898 1858629898 109 110 0 65535 6 6 3 
3353388693 3353388693 1858661376 1858661631 20 23 0 65535 6 6 1 
1847783168 1847783423 1722651961 1722651961 0 65535 20 23 6 6 1 
956102656 956102911 2707946705 2707946705 0 65535 20 23 17 17 3 
810915840 810916095 1850535321 1850535321 0 65535 20 23 6 6 3 
811529984 811530239 2416138634 2416138634 0 65535 20 23 17 17 0 
3353388800 3353389055 1858629898 1858629898 0 65535 20 23 6 6 4 
1847779529 1847779529 1879072000 1879072255 20 23 0 65535 6 6 4 
4201365354 4201365354 2058375680 2058375935 20 23 0 65535 6 6 1 
999872544 999872559 1847782912 1847782975 161 161 0 65535 17 17 2 
3355362656 3355362671 1761012800 1761012863 1433 1433 0 65535 17 17 2 
2655479808 2655480319 1254386204 1254386204 0 65535 5000 5001 17 17 4 
2302029184 2302029247 2306434176 2306434191 0 65535 9003 9003 17 17 0 
3438101504 3438102015 1893967780 1893967780 0 65535 20 23 6 6 4 
1889211264 1889211279 4143090688 4143090815 161 161 0 65535 17 17 4 
810916240 810916255 956102912 956103039 161 161 0 65535 17 17 4 
2655480496 2655480511 3689251712 3689251839 161 161 0 65535 17 17 3 
1879058524 1879058524 4201341952 4201342975 20 21 0 65535 6 6 1 
174670080 174670207 214554352 214554367 0 65535 5550 5550 6 6 1 
811531264 811531391 1850535280 1850535295 0 65535 5540 5540 17 17 2 
1889211280 1889211280 4265797592 4265797592 0 65535 1024 65535 17 17 0 
1850525603 1850525603 3689251684 3689251684 0 65535 1024 65535 17 17 3 
0 4294967295 0 4294967295 0 65535 0 65535 0 255 1 
