1847779529 1847779529 1858661574 1858661574 0 65535 1024 65535 17 17 0 
1847779529 1847779529 2703482626 2703482626 0 65535 1024 65535 17 17 0 
956103100 956103100 2707946705 2707946705 0 65535 1024 65535 17 17 2 
956103100 956103100 956102924 956102924 0 65535 1024 65535 17 17 4 
999872569 999872569 779909314 779909314 0 65535 1024 65535 17 17 4 
999872569 999872569 2707908424 2707908424 0 65535 1024 65535 17 17 2 
999872569 999872569 1847782998 1847782998 0 65535 1024 65535 17 17 0 
999872569 999872569 2707908429 2707908429 0 65535 1024 65535 17 17 3 
810886192 810886192 2365454647 2365454647 0 65535 1024 65535 17 17 2 
810886178 810886178 779909368 779909368 0 65535 1024 65535 17 17 1 
810916228 810916228 2309258703 2309258703 0 65535 1024 65535 17 17 3 
811529742 811529742 779909368 779909368 0 65535 1024 65535 17 17 2 
811529742 811529742 779892264 779892264 0 65535 1024 65535 17 17 4 
811529742 811529742 2465799196 2465799196 0 65535 1024 65535 17 17 1 
811529742 811529742 1850535275 1850535275 0 65535 1024 65535 17 17 1 
811531406 811531406 779892264 779892264 0 65535 1024 65535 17 17 2 
811531406 811531406 805491652 805491652 0 65535 1024 65535 17 17 0 
811531406 811531406 2565635458 2565635458 0 65535 1024 65535 17 17 3 
3175137841 3175137841 3689251683 3689251683 0 65535 1024 65535 17 17 4 
2310210904 2310210904 2164935747 2164935747 0 65535 1024 65535 17 17 1 
2310226817 2310226817 3689251692 3689251692 0 65535 1024 65535 17 17 3 
2302021152 2302021152 3689228163 3689228163 0 65535 1024 65535 17 17 3 
2306450163 2306450163 1108563257 1108563257 0 65535 1024 65535 17 17 4 
2306450163 2306450163 2565813301 2565813301 0 65535 1024 65535 17 17 1 
2306450163 2306450163 1108563345 1108563345 0 65535 1024 65535 17 17 4 
2306450163 2306450163 1108563892 1108563892 0 65535 1024 65535 17 17 0 
3438101952 3438101952 3422788735 3422788735 0 65535 1024 65535 17 17 2 
3469355014 3469355014 2565813265 2565813265 0 65535 1024 65535 17 17 0 
3463040277 3463040277 3463040508 3463040508 0 65535 1024 65535 17 17 4 
3463000953 3463000953 1722619842 1722619842 0 65535 1024 65535 17 17 4 
3463000953 3463000953 3689233773 3689233773 0 65535 1024 65535 17 17 2 
3338715349 3338715349 1760973976 1760973976 0 65535 1024 65535 17 17 4 
3338715349 3338715349 1760973970 1760973970 0 65535 1024 65535 17 17 2 
3338717274 3338717274 2565813293 2565813293 0 65535 1024 65535 17 17 3 
3338717274 3338717274 1760973954 1760973954 0 65535 1024 65535 17 17 1 
3355362687 3355362687 1761012942 1761012942 0 65535 1024 65535 17 17 1 
3353357710 3353357710 3689233730 3689233730 0 65535 1024 65535 17 17 1 
3353388693 3353388693 1855125641 1855125641 0 65535 1024 65535 17 17 0 
3353388693 3353388693 2565813301 2565813301 0 65535 1024 65535 17 17 2 
1879058659 1879058659 3689218048 3689283583 53 53 0 65535 6 6 4 
811529742 811529742 2465792000 2465857535 53 53 0 65535 6 6 4 
1845494272 1845494783 956046720 956046783 0 65535 69 69 17 17 1 
811529216 811529727 2465799168 2465799231 0 65535 80 80 17 17 3 
2655528960 2655529471 1415309568 1415309631 0 65535 119 119 17 17 3 
3353388032 3353388543 1858661504 1858661567 0 65535 53 53 17 17 2 
811531520 811531775 1850535168 1850535423 0 65535 514 514 6 6 2 
2306450176 2306450431 1108563712 1108563967 0 65535 514 514 6 6 3 
4249878528 4249944063 2565635458 2565635458 0 65535 69 69 6 6 2 
1325072384 1325137919 999859524 999859524 0 65535 514 514 17 17 2 
1879048192 1879113727 4209041524 4209041524 0 65535 9003 9003 17 17 0 
180092928 180158463 180719472 180719472 0 65535 69 69 17 17 1 
811466752 811532287 1850535273 1850535273 0 65535 69 69 17 17 0 
811466752 811532287 2565635458 2565635458 0 65535 69 69 17 17 0 
2306408448 2306473983 1108563345 1108563345 0 65535 53 53 17 17 1 
4201316352 4201381887 1108563890 1108563890 0 65535 53 53 6 6 4 
3426091008 3426156543 2565635458 2565635458 0 65535 514 514 17 17 2 
3353346048 3353411583 2565813293 2565813293 0 65535 53 53 6 6 1 
1088318884 1088318884 3797483520 3797549055 0 65535 22 22 17 17 3 
810916228 810916228 805437440 805502975 0 65535 69 69 17 17 0 
4249933238 4249933238 1108541440 1108606975 0 65535 69 69 17 17 2 
4201365317 4201365317 3758686208 3758751743 0 65535 514 514 6 6 2 
3463040277 3463040277 1722613760 1722679295 0 65535 69 69 17 17 3 
956063744 956063999 599233024 599233279 0 65535 53 53 6 6 2 
956102656 956102911 2707946496 2707946751 0 65535 137 137 17 17 0 
811531520 811531775 2664490752 2664491007 0 65535 53 53 6 6 4 
3355362304 3355362559 2565813504 2565813759 0 65535 80 80 17 17 0 
999817216 999882751 779909367 779909367 22 22 0 65535 17 17 2 
811466752 811532287 2664490881 2664490881 25 25 0 65535 6 6 0 
3353346048 3353411583 1761012738 1761012738 161 161 0 65535 17 17 0 
999872569 999872569 999817216 999882751 1433 1433 0 65535 17 17 3 
811529742 811529742 956039168 956104703 5632 5632 0 65535 6 6 2 
2655480483 2655480483 1108541440 1108606975 5500 5500 0 65535 6 6 1 
2306450163 2306450163 1108541440 1108606975 5000 5001 0 65535 6 6 1 
3353388693 3353388693 1858600960 1858666495 109 110 0 65535 6 6 4 
3355358720 3355359231 2565813504 2565813759 161 161 0 65535 6 6 2 
3355362304 3355362815 3348016128 3348016383 0 65535 80 80 6 6 1 
3353357824 3353358335 3689233664 3689233919 0 65535 9003 9003 6 6 0 
3353390592 3353390847 1813017344 1813017599 22 22 0 65535 17 17 2 
1230778368 1230778879 3849258496 3849258751 0 65535 514 514 17 17 4 
1847782400 1847782911 2784154112 2784154367 0 65535 69 69 17 17 4 
1847779840 1847780351 2703449600 2703449855 0 65535 53 53 17 17 2 
999873024 999873535 779909120 779909375 0 65535 69 69 17 17 4 
2655480320 2655480831 3689251584 3689251839 0 65535 69 69 6 6 0 
3353357824 3353358335 1813017344 1813017599 0 65535 53 53 17 17 1 
3353390080 3353390591 2565813504 2565813759 0 65535 514 514 17 17 2 
3353390080 3353390591 1855125504 1855125759 0 65535 25 25 6 6 0 
811529216 811529727 1850535168 1850535423 161 161 0 65535 17 17 1 
3343487488 3343487999 2565813504 2565813759 80 80 0 65535 17 17 2 
2310238357 2310238357 2565799936 2565865471 20 23 0 65535 6 6 0 
3353346048 3353411583 1858629898 1858629898 0 65535 1645 1646 6 6 0 
999872768 999873023 779909314 779909314 0 65535 20 2511 6 6 2 
3438101954 3438101954 2565603328 2565668863 20 23 0 65535 6 6 2 
3355362687 3355362687 3689218048 3689283583 20 23 0 65535 6 6 2 
3462922240 3463053311 3689233760 3689233767 0 65535 69 69 6 6 2 
1879058496 1879058511 4201185280 4201250815 161 161 0 65535 17 17 2 
2655480320 2655480335 2309226496 2309292031 123 123 0 65535 6 6 0 
3438602720 3438602735 2565603328 2565668863 123 123 0 65535 17 17 4 
3469355024 3469355039 1885405184 1885470719 22 22 0 65535 6 6 0 
811466752 811597823 2653674528 2653674535 0 65535 500 500 17 17 3 
0 4294967295 0 4294967295 0 65535 0 65535 0 255 4 
