1782071639 1782071639 2325735069 2325735069 0 65535 1521 1521 6 6 4 
1782071664 1782071664 2325273492 2325273492 0 65535 1489 1489 6 6 1 
1782071649 1782071649 2325019777 2325019777 0 65535 1433 1433 6 6 0 
1782071583 1782071583 2323928029 2323928029 0 65535 5540 5540 6 6 0 
1782071569 1782071569 2323927738 2323927738 0 65535 1724 1724 6 6 0 
1782071573 1782071573 2323923745 2323923745 0 65535 1433 1433 6 6 0 
1782071574 1782071574 2323923745 2323923745 0 65535 30210 30210 6 6 1 
1782071561 1782071561 2323923745 2323923745 0 65535 2115 2115 6 6 2 
1782071588 1782071588 2356103914 2356103914 0 65535 1526 1526 6 6 4 
1782071588 1782071588 2356103914 2356103914 0 65535 15121 15121 6 6 2 
1782071588 1782071588 2355990670 2355990670 0 65535 1489 1489 6 6 1 
1782071588 1782071588 2355961508 2355961508 0 65535 5540 5540 6 6 2 
1782071594 1782071594 2355961508 2355961508 0 65535 1521 1521 6 6 2 
1782071594 1782071594 2355961508 2355961508 0 65535 1433 1433 6 6 2 
1782071594 1782071594 2355961508 2355961508 0 65535 6790 6790 6 6 2 
1782071594 1782071594 2355961508 2355961508 0 65535 20 20 6 6 4 
1982836397 1982836397 2355961508 2355961508 0 65535 1733 1733 6 6 4 
1982836388 1982836388 2355961508 2355961508 0 65535 1705 1705 6 6 4 
1982836388 1982836388 2355961508 2355961508 0 65535 21 21 6 6 3 
1982836400 1982836400 2357478933 2357478933 0 65535 1521 1521 6 6 0 
1982836413 1982836413 2357478933 2357478933 0 65535 1521 1521 6 6 3 
1982836413 1982836413 2357478933 2357478933 0 65535 1526 1526 6 6 2 
1982836469 1982836469 2357478933 2357478933 0 65535 1526 1526 6 6 1 
1982836469 1982836469 2357478933 2357478933 0 65535 20 20 6 6 3 
1982836471 1982836471 2357478933 2357478933 0 65535 1521 1521 6 6 2 
1982836471 1982836471 2357478933 2357478933 0 65535 30210 30210 6 6 2 
1982836466 1982836466 1982834899 1982834899 0 65535 1707 1707 6 6 3 
1982836464 1982836464 2357478933 2357478933 0 65535 1705 1705 6 6 3 
1982836478 1982836478 2357478933 2357478933 0 65535 1525 1525 6 6 1 
1982836478 1982836478 2357478933 2357478933 0 65535 1521 1521 6 6 4 
1982836478 1982836478 2357478933 2357478933 0 65535 1526 1526 6 6 4 
1982836478 1982836478 2357478933 2357478933 0 65535 1712 1712 6 6 3 
1982836478 1982836478 2357478933 2357478933 0 65535 5540 5540 6 6 3 
1982836478 1982836478 2357478933 2357478933 0 65535 1704 1704 6 6 4 
1982836478 1982836478 1900201948 1900201948 0 65535 55444 55444 6 6 3 
1982836478 1982836478 2357478933 2357478933 0 65535 1221 1221 6 6 2 
1982836452 1982836452 160976023 160976023 0 65535 1704 1704 6 6 2 
1982836450 1982836450 2357478454 2357478454 0 65535 2026 2026 6 6 4 
1982836456 1982836456 2357478454 2357478454 0 65535 1521 1521 6 6 4 
1982836456 1982836456 2357478454 2357478454 0 65535 5632 5632 6 6 1 
1982836459 1982836459 2357478454 2357478454 0 65535 1521 1521 6 6 2 
1982836459 1982836459 1982834721 1982834721 0 65535 1724 1724 6 6 3 
1982836459 1982836459 160976023 160976023 0 65535 1733 1733 6 6 0 
1982836463 1982836463 2071499720 2071499720 0 65535 5541 5541 6 6 2 
1982836463 1982836463 2357478457 2357478457 0 65535 1705 1705 6 6 2 
1982836463 1982836463 2357478457 2357478457 0 65535 5541 5541 6 6 1 
1982836463 1982836463 160976023 160976023 0 65535 1717 1717 6 6 2 
1558585104 1558585104 2357478457 2357478457 0 65535 1734 1734 6 6 0 
1558585113 1558585113 160976023 160976023 0 65535 1521 1521 6 6 1 
1558585095 1558585095 2357478457 2357478457 0 65535 1734 1734 6 6 1 
1558585103 1558585103 2357478457 2357478457 0 65535 15126 15126 6 6 0 
1558585103 1558585103 2357478457 2357478457 0 65535 1734 1734 6 6 0 
1558585103 1558585103 160976023 160976023 0 65535 5541 5541 6 6 1 
1558585267 1558585267 2357478457 2357478457 0 65535 1521 1521 6 6 1 
1558585239 1558585239 2492319535 2492319535 0 65535 30211 30211 6 6 1 
1558585239 1558585239 2492319510 2492319510 0 65535 1708 1708 6 6 3 
1558585233 1558585233 2486386726 2486386726 0 65535 1711 1711 6 6 1 
1558585233 1558585233 2486386726 2486386726 0 65535 5632 5632 6 6 1 
1558585221 1558585221 2486386732 2486386732 0 65535 5541 5541 6 6 3 
1558585219 1558585219 2486386732 2486386732 0 65535 1521 1521 6 6 1 
1558585230 1558585230 1558583818 1558583818 0 65535 1733 1733 6 6 4 
1130440051 1130440051 2486387193 2486387193 0 65535 1489 1489 6 6 4 
1130440059 1130440059 2486387193 2486387193 0 65535 5541 5541 6 6 1 
1130440057 1130440057 2486387193 2486387193 0 65535 1221 1221 6 6 0 
1130440042 1130440042 2513367173 2513367173 0 65535 5540 5540 6 6 1 
1130440040 1130440040 2513367261 2513367261 0 65535 30211 30211 6 6 1 
1130440039 1130440039 2513367261 2513367261 0 65535 1221 1221 6 6 2 
1130440033 1130440033 2513367043 2513367043 0 65535 1521 1521 6 6 1 
1130440021 1130440021 2513360779 2513360779 0 65535 1489 1489 6 6 0 
1130440021 1130440021 2513360779 2513360779 0 65535 2115 2115 6 6 1 
1130440020 1130440020 2513360779 2513360779 0 65535 2308 2308 6 6 1 
1130440020 1130440020 1130438929 1130438929 0 65535 1711 1711 6 6 3 
1130440030 1130440030 2513360779 2513360779 0 65535 1526 1526 6 6 1 
1130440030 1130440030 2513360779 2513360779 0 65535 1712 1712 6 6 3 
1130440027 1130440027 2513360779 2513360779 0 65535 1521 1521 6 6 0 
1130440027 1130440027 2513057297 2513057297 0 65535 32201 32201 6 6 2 
1130439992 1130439992 2513057296 2513057296 0 65535 1734 1734 6 6 0 
1130439992 1130439992 160976023 160976023 0 65535 6000 6000 6 6 3 
1130439992 1130439992 2513057296 2513057296 0 65535 1715 1715 6 6 1 
1130439988 1130439988 2513057296 2513057296 0 65535 1489 1489 6 6 1 
1130439991 1130439991 2513057289 2513057289 0 65535 1601 1601 6 6 2 
1130439969 1130439969 2513057288 2513057288 0 65535 1221 1221 6 6 2 
1130439969 1130439969 2513057288 2513057288 0 65535 2115 2115 6 6 2 
1130439975 1130439975 2513057288 2513057288 0 65535 1706 1706 6 6 4 
1130439975 1130439975 2513057288 2513057288 0 65535 1521 1521 6 6 4 
1130439975 1130439975 1130438929 1130438929 0 65535 5541 5541 6 6 4 
1130439975 1130439975 2637706213 2637706213 0 65535 6000 6000 6 6 3 
1130439975 1130439975 2679152971 2679152971 0 65535 1221 1221 6 6 2 
1130439961 1130439961 1195598863 1195598863 0 65535 14753 14753 6 6 4 
1130439964 1130439964 2656276936 2656276936 0 65535 1489 1489 6 6 2 
1130439956 1130439956 2597034165 2597034165 0 65535 1724 1724 6 6 1 
1130439957 1130439957 2597034693 2597034693 0 65535 1221 1221 6 6 4 
1130439952 1130439952 160976023 160976023 0 65535 1526 1526 6 6 4 
1130439952 1130439952 2594858708 2594858708 0 65535 1526 1526 6 6 4 
1130439948 1130439948 160976023 160976023 0 65535 2121 2121 6 6 3 
1130439948 1130439948 2594895637 2594895637 0 65535 1707 1707 6 6 3 
1130439944 1130439944 2594882955 2594882955 0 65535 1521 1521 6 6 2 
1130439944 1130439944 2594882955 2594882955 0 65535 12050 12050 6 6 1 
1130439944 1130439944 2594882955 2594882955 0 65535 2026 2026 6 6 3 
0 4294967295 0 4294967295 0 65535 0 65535 0 255 4 
