1130439946 1130439946 2594882955 2594882955 0 65535 1724 1724 6 6 4 
1130439946 1130439946 2594882955 2594882955 0 65535 6789 6789 6 6 0 
1130439946 1130439946 160976023 160976023 0 65535 1705 1705 6 6 3 
1130439946 1130439946 2594882955 2594882955 0 65535 4646 4646 6 6 0 
1130439946 1130439946 2595423707 2595423707 0 65535 1734 1734 6 6 3 
1130439946 1130439946 2595423707 2595423707 0 65535 1711 1711 6 6 3 
1130439946 1130439946 160976023 160976023 0 65535 1708 1708 6 6 0 
1130439947 1130439947 160976023 160976023 0 65535 1525 1525 6 6 3 
1130439947 1130439947 2595423707 2595423707 0 65535 32200 32200 6 6 3 
1130439947 1130439947 2595423707 2595423707 0 65535 1712 1712 6 6 2 
1130439947 1130439947 2595423707 2595423707 0 65535 32201 32201 6 6 4 
1130439947 1130439947 2595423706 2595423706 0 65535 1717 1717 6 6 2 
1130439947 1130439947 2595423706 2595423706 0 65535 1521 1521 6 6 4 
894594360 894594360 2595423706 2595423706 0 65535 1707 1707 6 6 3 
894594312 894594312 894593869 894593869 0 65535 1705 1705 6 6 3 
894594421 894594421 3471551935 3471551935 0 65535 1221 1221 6 6 1 
894594419 894594419 3471551935 3471551935 0 65535 1433 1433 6 6 3 
894594419 894594419 3471551935 3471551935 0 65535 1715 1715 6 6 2 
894594375 894594375 3471551935 3471551935 0 65535 1521 1521 6 6 1 
894594387 894594387 3472877260 3472877260 0 65535 6000 6000 6 6 3 
894594556 894594556 3472877296 3472877296 0 65535 21 21 6 6 1 
894594462 894594462 3472343963 3472343963 0 65535 1704 1704 6 6 0 
894594472 894594472 981390874 981390874 0 65535 1525 1525 6 6 2 
894594486 894594486 3472343963 3472343963 0 65535 5632 5632 6 6 0 
894594485 894594485 3472343963 3472343963 0 65535 1521 1521 6 6 4 
894594491 894594491 3263182096 3263182096 0 65535 1733 1733 6 6 0 
894594488 894594488 3263182096 3263182096 0 65535 2308 2308 6 6 1 
559608864 559608864 3237857977 3237857977 0 65535 1490 1490 6 6 2 
559608864 559608864 3299598449 3299598449 0 65535 5541 5541 6 6 1 
559608877 559608877 3299813438 3299813438 0 65535 135 135 6 6 2 
559608877 559608877 3299625728 3299625728 0 65535 1708 1708 6 6 2 
559608877 559608877 3299625743 3299625743 0 65535 1521 1521 6 6 2 
559608877 559608877 3299625743 3299625743 0 65535 1433 1433 6 6 1 
559608883 559608883 3299063291 3299063291 0 65535 5541 5541 6 6 3 
559608883 559608883 1130438929 1130438929 0 65535 1602 1602 6 6 2 
559608883 559608883 3299063291 3299063291 0 65535 1521 1521 6 6 4 
559608883 559608883 3299063291 3299063291 0 65535 1704 1704 6 6 2 
559608888 559608888 3299063291 3299063291 0 65535 1734 1734 6 6 1 
559608888 559608888 3299063291 3299063291 0 65535 5631 5631 6 6 4 
559608888 559608888 3299063291 3299063291 0 65535 1526 1526 6 6 4 
559608888 559608888 3299063291 3299063291 0 65535 1705 1705 6 6 4 
559608888 559608888 3299063291 3299063291 0 65535 1521 1521 6 6 2 
559608889 559608889 3299063291 3299063291 0 65535 1489 1489 6 6 3 
559608889 559608889 3299063291 3299063291 0 65535 1521 1521 6 6 1 
559608889 559608889 3299063291 3299063291 0 65535 1600 1600 6 6 1 
559608889 559608889 3299063291 3299063291 0 65535 1221 1221 6 6 3 
559608889 559608889 3299063291 3299063291 0 65535 1724 1724 6 6 1 
559608833 559608833 1130438929 1130438929 0 65535 5541 5541 6 6 1 
559608833 559608833 559608689 559608689 0 65535 1712 1712 6 6 0 
559608842 559608842 3595682420 3595682420 0 65535 1521 1521 6 6 3 
559608842 559608842 3595682420 3595682420 0 65535 1221 1221 6 6 4 
559608856 559608856 1130438929 1130438929 0 65535 27000 27000 6 6 2 
559608856 559608856 3595682420 3595682420 0 65535 32201 32201 6 6 1 
559608856 559608856 3595682420 3595682420 0 65535 1526 1526 6 6 1 
559608856 559608856 3595682420 3595682420 0 65535 1711 1711 6 6 3 
559608855 559608855 1130438929 1130438929 0 65535 20 20 6 6 4 
559608855 559608855 3562110288 3562110288 0 65535 1521 1521 6 6 4 
559608855 559608855 3562110288 3562110288 0 65535 1601 1601 6 6 0 
559608855 559608855 3562110288 3562110288 0 65535 1711 1711 6 6 0 
559608855 559608855 3567938060 3567938060 0 65535 6000 6000 6 6 4 
559608855 559608855 3568151667 3568151667 0 65535 1521 1521 6 6 4 
559608855 559608855 3568176348 3568176348 0 65535 1708 1708 6 6 1 
559608855 559608855 3568176349 3568176349 0 65535 1433 1433 6 6 4 
559608855 559608855 3568176349 3568176349 0 65535 19856 19856 6 6 3 
286592438 286592438 3567669795 3567669795 0 65535 5541 5541 6 6 4 
286592445 286592445 3567652754 3567652754 0 65535 1712 1712 6 6 2 
286592445 286592445 440337850 440337850 0 65535 1433 1433 6 6 4 
286592445 286592445 1130438929 1130438929 0 65535 1433 1433 6 6 0 
286592445 286592445 1130438929 1130438929 0 65535 1521 1521 6 6 1 
286592423 286592423 3567652754 3567652754 0 65535 1526 1526 6 6 1 
286592418 286592418 3567652754 3567652754 0 65535 1712 1712 6 6 3 
286592425 286592425 3567770169 3567770169 0 65535 1433 1433 6 6 1 
286592424 286592424 3567770169 3567770169 0 65535 1550 1550 6 6 1 
286592391 286592391 286592953 286592953 0 65535 14753 14753 6 6 4 
286592391 286592391 3567770169 3567770169 0 65535 32200 32200 6 6 1 
286592403 286592403 160976023 160976023 0 65535 1704 1704 6 6 4 
286592407 286592407 3963594005 3963594005 0 65535 6889 6889 6 6 4 
286592405 286592405 3963223227 3963223227 0 65535 5555 5555 6 6 2 
286592412 286592412 3963223227 3963223227 0 65535 5540 5540 6 6 1 
286592412 286592412 3981704893 3981704893 0 65535 6000 6000 6 6 0 
286592412 286592412 3981704893 3981704893 0 65535 1521 1521 6 6 4 
286592412 286592412 3981704893 3981704893 0 65535 135 135 6 6 0 
286592412 286592412 1130438929 1130438929 0 65535 30210 30210 6 6 1 
286592412 286592412 3981713938 3981713938 0 65535 1706 1706 6 6 0 
286592412 286592412 3981713938 3981713938 0 65535 1521 1521 6 6 3 
160975340 160975340 3981713938 3981713938 0 65535 5540 5540 6 6 0 
160975340 160975340 3981713938 3981713938 0 65535 1705 1705 6 6 2 
160975340 160975340 3981713938 3981713938 0 65535 1708 1708 6 6 4 
160975335 160975335 3981713938 3981713938 0 65535 1707 1707 6 6 3 
160975335 160975335 3981713938 3981713938 0 65535 1521 1521 6 6 1 
160975329 160975329 1130438929 1130438929 0 65535 2121 2121 6 6 3 
160975329 160975329 4026380310 4026380310 0 65535 1733 1733 6 6 4 
160975329 160975329 4026380310 4026380310 0 65535 1433 1433 6 6 4 
160975329 160975329 4026380310 4026380310 0 65535 1708 1708 6 6 2 
160975329 160975329 4026380310 4026380310 0 65535 21 21 6 6 1 
160975344 160975344 4026380310 4026380310 0 65535 1708 1708 6 6 4 
160975344 160975344 4026380310 4026380310 0 65535 21 21 6 6 0 
160975344 160975344 4026380310 4026380310 0 65535 1433 1433 6 6 3 
160975344 160975344 4026380310 4026380310 0 65535 2026 2026 6 6 4 
0 4294967295 0 4294967295 0 65535 0 65535 0 255 4 
