160975344 160975344 1130438929 1130438929 0 65535 1433 1433 6 6 3 
160975344 160975344 4026380310 4026380310 0 65535 1521 1521 6 6 1 
160975344 160975344 4026380310 4026380310 0 65535 1705 1705 6 6 0 
160975306 160975306 160976023 160976023 0 65535 1707 1707 6 6 3 
160975306 160975306 4026380310 4026380310 0 65535 1711 1711 6 6 3 
160975306 160975306 4026380310 4026380310 0 65535 1433 1433 6 6 0 
160975298 160975298 1130438929 1130438929 0 65535 20 20 6 6 1 
160975298 160975298 4026380310 4026380310 0 65535 1712 1712 6 6 4 
160975298 160975298 4026380310 4026380310 0 65535 1521 1521 6 6 0 
160975298 160975298 4026380310 4026380310 0 65535 135 135 6 6 3 
160975298 160975298 4026380310 4026380310 0 65535 1525 1525 6 6 4 
160975298 160975298 1130438929 1130438929 0 65535 1733 1733 6 6 3 
160975298 160975298 4026380310 4026380310 0 65535 14753 14753 6 6 1 
160975322 160975322 4026380310 4026380310 0 65535 32201 32201 6 6 4 
160975322 160975322 4026380310 4026380310 0 65535 1717 1717 6 6 1 
160975322 160975322 4026380310 4026380310 0 65535 1221 1221 6 6 3 
160975322 160975322 4275215940 4275215940 0 65535 1712 1712 6 6 3 
160975322 160975322 4275493937 4275493937 0 65535 1521 1521 6 6 0 
160975322 160975322 160976023 160976023 0 65535 1521 1521 6 6 3 
160975322 160975322 4275537828 4275537828 0 65535 1521 1521 6 6 0 
160975322 160975322 160976023 160976023 0 65535 1705 1705 6 6 0 
160975322 160975322 4275537839 4275537839 0 65535 1704 1704 6 6 1 
160975322 160975322 4249407721 4249407721 0 65535 1521 1521 6 6 2 
160975322 160975322 4249407721 4249407721 0 65535 1724 1724 6 6 2 
160975322 160975322 4249407513 4249407513 0 65535 1521 1521 6 6 0 
160975322 160975322 1130438929 1130438929 0 65535 1705 1705 6 6 1 
160975322 160975322 4249580600 4249580600 0 65535 1704 1704 6 6 0 
160975322 160975322 160976023 160976023 0 65535 1489 1489 6 6 3 
160975322 160975322 4249580600 4249580600 0 65535 1705 1705 6 6 4 
160975322 160975322 1130438929 1130438929 0 65535 1526 1526 6 6 1 
160975322 160975322 4249580603 4249580603 0 65535 1602 1602 6 6 4 
160975322 160975322 4249580603 4249580603 0 65535 5555 5555 6 6 4 
160975322 160975322 4249580603 4249580603 0 65535 3745 3745 6 6 3 
160975322 160975322 4249580603 4249580603 0 65535 1521 1521 6 6 1 
160975322 160975322 4249580603 4249580603 0 65535 1717 1717 6 6 3 
2357477593 2357477593 156311031 156311031 0 65535 1521 1521 6 6 4 
2357477595 2357477595 156311031 156311031 0 65535 1724 1724 6 6 0 
2357477589 2357477589 156311031 156311031 0 65535 5541 5541 6 6 2 
2357477607 2357477607 156311031 156311031 0 65535 1521 1521 6 6 0 
2357477630 2357477630 156311031 156311031 0 65535 1489 1489 6 6 4 
2357477460 2357477460 156420553 156420553 0 65535 1525 1525 6 6 1 
2357477447 2357477447 156420553 156420553 0 65535 1733 1733 6 6 0 
2357477446 2357477446 156420495 156420495 0 65535 5555 5555 6 6 3 
2357477412 2357477412 156420093 156420093 0 65535 1221 1221 6 6 2 
2357477409 2357477409 156420093 156420093 0 65535 1540 1540 6 6 1 
2357477411 2357477411 156420093 156420093 0 65535 1717 1717 6 6 4 
2357477379 2357477379 156420093 156420093 0 65535 1521 1521 6 6 2 
2357477384 2357477384 156420093 156420093 0 65535 1521 1521 6 6 2 
2357477397 2357477397 156420093 156420093 0 65535 1715 1715 6 6 3 
2357477393 2357477393 156420093 156420093 0 65535 5631 5631 6 6 3 
2357477394 2357477394 156420093 156420093 0 65535 1712 1712 6 6 2 
2595665345 2595665345 156420093 156420093 0 65535 80 80 6 6 3 
2595665364 2595665364 156420093 156420093 0 65535 21 21 6 6 1 
2595665379 2595665379 159770584 159770584 0 65535 1521 1521 6 6 1 
2595665384 2595665384 159770578 159770578 0 65535 1705 1705 6 6 2 
2595665389 2595665389 4137143336 4137143336 0 65535 5540 5540 6 6 2 
2595665389 2595665389 159770469 159770469 0 65535 1521 1521 6 6 2 
2595665389 2595665389 159770469 159770469 0 65535 1489 1489 6 6 3 
2595665389 2595665389 2595664767 2595664767 0 65535 1712 1712 6 6 3 
2595665225 2595665225 159770469 159770469 0 65535 6000 6000 6 6 2 
2595665218 2595665218 159770469 159770469 0 65535 1526 1526 6 6 1 
2595665216 2595665216 159770469 159770469 0 65535 135 135 6 6 1 
2595665236 2595665236 2595664767 2595664767 0 65535 6890 6890 6 6 0 
2595665236 2595665236 160043948 160043948 0 65535 6790 6790 6 6 4 
2595665233 2595665233 160043948 160043948 0 65535 1706 1706 6 6 2 
2595665233 2595665233 4137143310 4137143310 0 65535 6000 6000 6 6 0 
2595665241 2595665241 160043948 160043948 0 65535 1433 1433 6 6 1 
2595665240 2595665240 160043948 160043948 0 65535 55444 55444 6 6 4 
2595665247 2595665247 160043948 160043948 0 65535 1733 1733 6 6 2 
2595665246 2595665246 160043948 160043948 0 65535 1706 1706 6 6 3 
2595665244 2595665244 160043948 160043948 0 65535 1521 1521 6 6 4 
2595665244 2595665244 160043948 160043948 0 65535 1433 1433 6 6 0 
2595665261 2595665261 2595664767 2595664767 0 65535 5540 5540 6 6 0 
2595665261 2595665261 160043948 160043948 0 65535 1432 1432 6 6 1 
2595665261 2595665261 4134229933 4134229933 0 65535 1433 1433 6 6 1 
2595665261 2595665261 160043948 160043948 0 65535 14753 14753 6 6 3 
2595665261 2595665261 4134229933 4134229933 0 65535 1706 1706 6 6 1 
2595665279 2595665279 160043948 160043948 0 65535 1521 1521 6 6 4 
2595665273 2595665273 160043948 160043948 0 65535 6888 6888 6 6 0 
2595665274 2595665274 160043948 160043948 0 65535 5632 5632 6 6 2 
2595665274 2595665274 160043948 160043948 0 65535 1521 1521 6 6 3 
2595665267 2595665267 160043948 160043948 0 65535 2026 2026 6 6 1 
2595665267 2595665267 2595664767 2595664767 0 65535 1526 1526 6 6 0 
2595665267 2595665267 2513057288 2513057288 0 65535 1711 1711 6 6 0 
2595665267 2595665267 160043948 160043948 0 65535 2121 2121 6 6 1 
2595665268 2595665268 160043948 160043948 0 65535 1521 1521 6 6 2 
2820416283 2820416283 160043948 160043948 0 65535 1526 1526 6 6 2 
2820416335 2820416335 160976051 160976051 0 65535 1521 1521 6 6 1 
2820416333 2820416333 4134229933 4134229933 0 65535 1489 1489 6 6 2 
2820416336 2820416336 160976051 160976051 0 65535 1704 1704 6 6 4 
2820416344 2820416344 160976051 160976051 0 65535 1717 1717 6 6 1 
2820416400 2820416400 160976051 160976051 0 65535 6890 6890 6 6 3 
2820416410 2820416410 2820417089 2820417089 0 65535 1525 1525 6 6 0 
2820416425 2820416425 160976051 160976051 0 65535 27400 27400 6 6 0 
2820416427 2820416427 160976051 160976051 0 65535 1708 1708 6 6 2 
2820416422 2820416422 160976051 160976051 0 65535 21 21 6 6 0 
2820416422 2820416422 160976051 160976051 0 65535 1706 1706 6 6 0 
2820416437 2820416437 4134229933 4134229933 0 65535 5631 5631 6 6 4 
2820416441 2820416441 160976051 160976051 0 65535 21 21 6 6 1 
0 4294967295 0 4294967295 0 65535 0 65535 0 255 4 
