3155244429 3155244429 160976051 160976051 0 65535 1708 1708 6 6 3 
3155244475 3155244475 160976051 160976051 0 65535 1705 1705 6 6 0 
3155244471 3155244471 3155243684 3155243684 0 65535 1489 1489 6 6 1 
3155244451 3155244451 160976051 160976051 0 65535 1521 1521 6 6 3 
3155244528 3155244528 160976051 160976051 0 65535 1433 1433 6 6 2 
3155244535 3155244535 160976051 160976051 0 65535 6889 6889 6 6 3 
3155244539 3155244539 160976051 160976051 0 65535 1221 1221 6 6 0 
3155244539 3155244539 160976051 160976051 0 65535 2121 2121 6 6 4 
3155244539 3155244539 160976051 160976051 0 65535 1521 1521 6 6 4 
3155244513 3155244513 160976023 160976023 0 65535 1733 1733 6 6 1 
3155244524 3155244524 2764829964 2764829964 0 65535 1711 1711 6 6 0 
3155244366 3155244366 160976023 160976023 0 65535 2121 2121 6 6 2 
3155244363 3155244363 160976023 160976023 0 65535 31000 31000 6 6 3 
3155244381 3155244381 160976023 160976023 0 65535 1712 1712 6 6 3 
3155244403 3155244403 160976023 160976023 0 65535 1711 1711 6 6 3 
3155244398 3155244398 160976023 160976023 0 65535 1706 1706 6 6 2 
3155244295 3155244295 4134229933 4134229933 0 65535 32200 32200 6 6 1 
3155244299 3155244299 160976023 160976023 0 65535 5555 5555 6 6 3 
3155244322 3155244322 4134229933 4134229933 0 65535 1221 1221 6 6 4 
3155244322 3155244322 160976023 160976023 0 65535 5541 5541 6 6 0 
3155244331 3155244331 160976023 160976023 0 65535 1706 1706 6 6 2 
3155244331 3155244331 4134229933 4134229933 0 65535 1526 1526 6 6 4 
3155244331 3155244331 160976023 160976023 0 65535 1221 1221 6 6 4 
3155244351 3155244351 160976023 160976023 0 65535 1521 1521 6 6 2 
3155244351 3155244351 160976023 160976023 0 65535 1433 1433 6 6 4 
3155244345 3155244345 4134229933 4134229933 0 65535 1526 1526 6 6 4 
3155244343 3155244343 160976023 160976023 0 65535 1490 1490 6 6 3 
3155244343 3155244343 160976023 160976023 0 65535 5540 5540 6 6 4 
3155244339 3155244339 1283207722 1283207722 0 65535 1712 1712 6 6 1 
3299061968 3299061968 1283207722 1283207722 0 65535 1526 1526 6 6 0 
3299061980 3299061980 1283207722 1283207722 0 65535 1704 1704 6 6 4 
3299061957 3299061957 1283207722 1283207722 0 65535 135 135 6 6 3 
3299061956 3299061956 1283207722 1283207722 0 65535 1526 1526 6 6 2 
3299061956 3299061956 1283207722 1283207722 0 65535 32200 32200 6 6 1 
3299061955 3299061955 1283207722 1283207722 0 65535 3031 3031 6 6 1 
3299062014 3299062014 1241446426 1241446426 0 65535 21 21 6 6 0 
3299062003 3299062003 1241426738 1241426738 0 65535 21 21 6 6 3 
3299062003 3299062003 1241426738 1241426738 0 65535 5543 5543 6 6 2 
3299062004 3299062004 1241426738 1241426738 0 65535 1490 1490 6 6 0 
3299062007 3299062007 1241254380 1241254380 0 65535 2110 2110 6 6 2 
3299061989 3299061989 1241253750 1241253750 0 65535 2026 2026 6 6 3 
3299061989 3299061989 1241253750 1241253750 0 65535 1525 1525 6 6 4 
3299061989 3299061989 1241253750 1241253750 0 65535 14753 14753 6 6 1 
3299061997 3299061997 1241253750 1241253750 0 65535 21 21 6 6 0 
3299061995 3299061995 1241253750 1241253750 0 65535 1521 1521 6 6 3 
3299061995 3299061995 2595423706 2595423706 0 65535 7205 7205 6 6 3 
3299061995 3299061995 1241253750 1241253750 0 65535 1433 1433 6 6 4 
3567770798 3567770798 1237433810 1237433810 0 65535 1521 1521 6 6 4 
3567770798 3567770798 1237787906 1237787906 0 65535 5540 5540 6 6 0 
3567770798 3567770798 1237787906 1237787906 0 65535 5555 5555 6 6 0 
3567770798 3567770798 1237787906 1237787906 0 65535 1433 1433 6 6 1 
3567770792 3567770792 1237787906 1237787906 0 65535 5542 5542 6 6 2 
3567770792 3567770792 1237787906 1237787906 0 65535 1550 1550 6 6 0 
3567770792 3567770792 2595423706 2595423706 0 65535 1521 1521 6 6 0 
3567770793 3567770793 2595423706 2595423706 0 65535 6000 6000 6 6 3 
3567770759 3567770759 1237613461 1237613461 0 65535 1708 1708 6 6 4 
3567770753 3567770753 1237613461 1237613461 0 65535 20 20 6 6 3 
3567770753 3567770753 1237613461 1237613461 0 65535 2115 2115 6 6 3 
3567770754 3567770754 1237613461 1237613461 0 65535 20 20 6 6 4 
3567770754 3567770754 1237613461 1237613461 0 65535 6849 6849 6 6 3 
3567770754 3567770754 1237613461 1237613461 0 65535 1706 1706 6 6 1 
3567770745 3567770745 3660804931 3660804931 0 65535 1525 1525 6 6 1 
3567770748 3567770748 1238699418 1238699418 0 65535 5555 5555 6 6 0 
3567770738 3567770738 2595664699 2595664699 0 65535 1490 1490 6 6 2 
3567770738 3567770738 1238699418 1238699418 0 65535 1433 1433 6 6 2 
3567770736 3567770736 1239019580 1239019580 0 65535 30210 30210 6 6 4 
3567770736 3567770736 1239019580 1239019580 0 65535 1525 1525 6 6 4 
3567770736 3567770736 1239019580 1239019580 0 65535 1221 1221 6 6 2 
3567770736 3567770736 1239019580 1239019580 0 65535 1526 1526 6 6 4 
3567770736 3567770736 1239019580 1239019580 0 65535 1521 1521 6 6 0 
3567770711 3567770711 1239019527 1239019527 0 65535 1521 1521 6 6 2 
3567770711 3567770711 1239019527 1239019527 0 65535 135 135 6 6 2 
3567770690 3567770690 1239019527 1239019527 0 65535 1521 1521 6 6 0 
3567770690 3567770690 3567770169 3567770169 0 65535 2121 2121 6 6 1 
3567770690 3567770690 1239019527 1239019527 0 65535 1733 1733 6 6 3 
3567770693 3567770693 1130652428 1130652428 0 65535 1734 1734 6 6 3 
3567770693 3567770693 1130652428 1130652428 0 65535 30899 30899 6 6 1 
3567770693 3567770693 1130652428 1130652428 0 65535 1433 1433 6 6 3 
3567770693 3567770693 1130652428 1130652428 0 65535 5631 5631 6 6 1 
4026381357 4026381357 1130652428 1130652428 0 65535 5541 5541 6 6 1 
4026381323 4026381323 1130652428 1130652428 0 65535 1521 1521 6 6 0 
4026381323 4026381323 1130652428 1130652428 0 65535 5541 5541 6 6 3 
4026381395 4026381395 1130634487 1130634487 0 65535 1521 1521 6 6 2 
4026381396 4026381396 1130634487 1130634487 0 65535 1525 1525 6 6 0 
4026381381 4026381381 1130634487 1130634487 0 65535 6000 6000 6 6 1 
4026381429 4026381429 2595664767 2595664767 0 65535 1733 1733 6 6 0 
4026381429 4026381429 1130634487 1130634487 0 65535 1433 1433 6 6 1 
4026381431 4026381431 1130634487 1130634487 0 65535 1706 1706 6 6 2 
4026381418 4026381418 1130634487 1130634487 0 65535 1525 1525 6 6 3 
4026381567 4026381567 1130634487 1130634487 0 65535 31000 31000 6 6 3 
4026381559 4026381559 1130634301 1130634301 0 65535 135 135 6 6 4 
4026381521 4026381521 1130634301 1130634301 0 65535 1706 1706 6 6 1 
4026381523 4026381523 2595664767 2595664767 0 65535 1521 1521 6 6 2 
4026381523 4026381523 1130634301 1130634301 0 65535 1521 1521 6 6 0 
4026381527 4026381527 4026380310 4026380310 0 65535 1707 1707 6 6 3 
4026381527 4026381527 1130634301 1130634301 0 65535 1708 1708 6 6 2 
4026381533 4026381533 1130634301 1130634301 0 65535 5541 5541 6 6 2 
4026381533 4026381533 1130634301 1130634301 0 65535 20 20 6 6 4 
4026381533 4026381533 1130634301 1130634301 0 65535 5540 5540 6 6 0 
0 4294967295 0 4294967295 0 65535 0 65535 0 255 3 
