4026381533 4026381533 1130634301 1130634301 0 65535 1708 1708 6 6 2 
4026381531 4026381531 2595664767 2595664767 0 65535 6849 6849 6 6 4 
4026381531 4026381531 1130634301 1130634301 0 65535 1715 1715 6 6 1 
4026381531 4026381531 1130634301 1130634301 0 65535 1734 1734 6 6 1 
4026381531 4026381531 1130634301 1130634301 0 65535 1490 1490 6 6 3 
4134228545 4134228545 4049393638 4049393638 0 65535 1521 1521 6 6 0 
4134228571 4134228571 1130634301 1130634301 0 65535 1521 1521 6 6 0 
4134228571 4134228571 1130634301 1130634301 0 65535 1711 1711 6 6 1 
4134228533 4134228533 4134229933 4134229933 0 65535 5555 5555 6 6 4 
4134228535 4134228535 1130438960 1130438960 0 65535 1521 1521 6 6 3 
4134228537 4134228537 1130438960 1130438960 0 65535 1526 1526 6 6 4 
4134228537 4134228537 1130438960 1130438960 0 65535 1521 1521 6 6 3 
4134228537 4134228537 1130438960 1130438960 0 65535 1708 1708 6 6 2 
4134228542 4134228542 1130438960 1130438960 0 65535 1489 1489 6 6 1 
4134228542 4134228542 1130438960 1130438960 0 65535 3031 3031 6 6 3 
4134228542 4134228542 1130438960 1130438960 0 65535 1521 1521 6 6 2 
4134228519 4134228519 1130438960 1130438960 0 65535 5632 5632 6 6 1 
4134228519 4134228519 1130438960 1130438960 0 65535 1705 1705 6 6 4 
4134228519 4134228519 1130438960 1130438960 0 65535 1707 1707 6 6 3 
4134228519 4134228519 1130438960 1130438960 0 65535 1521 1521 6 6 3 
4134228519 4134228519 1130438960 1130438960 0 65535 1433 1433 6 6 4 
4134228714 4134228714 4026380310 4026380310 0 65535 1704 1704 6 6 0 
4134228715 4134228715 1130438960 1130438960 0 65535 5541 5541 6 6 1 
4134228707 4134228707 1130438960 1130438960 0 65535 1521 1521 6 6 0 
4134228710 4134228710 1130438960 1130438960 0 65535 30210 30210 6 6 0 
4134228710 4134228710 1130438960 1130438960 0 65535 1724 1724 6 6 4 
4134228710 4134228710 1130438960 1130438960 0 65535 1526 1526 6 6 3 
4134228710 4134228710 1130438960 1130438960 0 65535 1734 1734 6 6 1 
4134228613 4134228613 1130438960 1130438960 0 65535 1433 1433 6 6 0 
4134228613 4134228613 1130438960 1130438960 0 65535 2121 2121 6 6 4 
4134228613 4134228613 1130438960 1130438960 0 65535 80 80 6 6 2 
4134228613 4134228613 1130438929 1130438929 0 65535 1540 1540 6 6 2 
4134228636 4134228636 1130438929 1130438929 0 65535 1521 1521 6 6 0 
4134228636 4134228636 1130438929 1130438929 0 65535 6790 6790 6 6 4 
4134228636 4134228636 1130438929 1130438929 0 65535 2121 2121 6 6 4 
4134228636 4134228636 4049393638 4049393638 0 65535 1734 1734 6 6 0 
4134228636 4134228636 1130438929 1130438929 0 65535 1734 1734 6 6 3 
4134228636 4134228636 1130438929 1130438929 0 65535 1221 1221 6 6 0 
4134228636 4134228636 1130438929 1130438929 0 65535 1600 1600 6 6 3 
4134228636 4134228636 1130438929 1130438929 0 65535 14753 14753 6 6 1 
4134228636 4134228636 2595664767 2595664767 0 65535 5631 5631 6 6 0 
4134228636 4134228636 2595664767 2595664767 0 65535 135 135 6 6 3 
4134228665 4134228665 1130438929 1130438929 0 65535 1221 1221 6 6 1 
4134228665 4134228665 1130438929 1130438929 0 65535 1525 1525 6 6 3 
4134228665 4134228665 2595664767 2595664767 0 65535 5540 5540 6 6 2 
4134228665 4134228665 1130438929 1130438929 0 65535 1521 1521 6 6 4 
4134228665 4134228665 2595664767 2595664767 0 65535 1734 1734 6 6 2 
4134228648 4134228648 1130438929 1130438929 0 65535 1521 1521 6 6 3 
4134228648 4134228648 4134229933 4134229933 0 65535 1724 1724 6 6 2 
4134228648 4134228648 1130438929 1130438929 0 65535 135 135 6 6 3 
4134228644 4134228644 1130438929 1130438929 0 65535 30899 30899 6 6 1 
4134228640 4134228640 1130438929 1130438929 0 65535 1734 1734 6 6 3 
4134228640 4134228640 1130438929 1130438929 0 65535 14753 14753 6 6 4 
1782071636 1782071636 2317080098 2317080098 0 65535 80 80 6 6 4 
1782071636 1782071636 2317080098 2317080098 0 65535 1526 1526 6 6 0 
1782071636 1782071636 2317352727 2317352727 0 65535 1521 1521 6 6 3 
1782071639 1782071639 2317345226 2317345226 0 65535 1705 1705 6 6 0 
1782071639 1782071639 2325735069 2325735069 0 65535 1526 1526 6 6 4 
1782071678 1782071678 2325273511 2325273511 0 65535 1221 1221 6 6 4 
1782071676 1782071676 2325273506 2325273506 0 65535 1526 1526 6 6 3 
1782071674 1782071674 2325273491 2325273491 0 65535 1521 1521 6 6 2 
1782071651 1782071651 2325019777 2325019777 0 65535 1521 1521 6 6 3 
1782071652 1782071652 2325019777 2325019777 0 65535 1525 1525 6 6 2 
1782071652 1782071652 2325019777 2325019777 0 65535 1433 1433 6 6 4 
1782071657 1782071657 2325019777 2325019777 0 65535 65500 65500 6 6 4 
1782071657 1782071657 2325019777 2325019777 0 65535 1705 1705 6 6 4 
1782071657 1782071657 2323939470 2323939470 0 65535 1490 1490 6 6 4 
1782071583 1782071583 2323941058 2323941058 0 65535 1221 1221 6 6 4 
1782071583 1782071583 2323928029 2323928029 0 65535 4646 4646 6 6 2 
1782071579 1782071579 2323928024 2323928024 0 65535 5540 5540 6 6 1 
1782071578 1782071578 2323928025 2323928025 0 65535 21 21 6 6 1 
1782071569 1782071569 2323927738 2323927738 0 65535 1706 1706 17 17 2 
1782071569 1782071569 2323927738 2323927738 0 65535 1705 1705 17 17 0 
1782071571 1782071571 160976023 160976023 0 65535 1521 1521 6 6 1 
1782071573 1782071573 2323927738 2323927738 0 65535 1521 1521 6 6 2 
1782071573 1782071573 2323923745 2323923745 0 65535 2115 2115 6 6 1 
1782071574 1782071574 2323923745 2323923745 0 65535 19856 19856 6 6 3 
1782071553 1782071553 2323923745 2323923745 0 65535 1521 1521 6 6 0 
1782071555 1782071555 2323923745 2323923745 0 65535 1521 1521 6 6 1 
1782071554 1782071554 2323923745 2323923745 0 65535 1433 1433 6 6 2 
1782071556 1782071556 160976023 160976023 0 65535 1521 1521 6 6 1 
1782071556 1782071556 2323923745 2323923745 0 65535 1708 1708 6 6 3 
1782071556 1782071556 2323923745 2323923745 0 65535 1432 1432 6 6 2 
1782071561 1782071561 2323923745 2323923745 0 65535 5541 5541 6 6 2 
1782071561 1782071561 2323923745 2323923745 0 65535 21 21 6 6 0 
1782071561 1782071561 2323923745 2323923745 0 65535 1712 1712 6 6 0 
1782071561 1782071561 2323923745 2323923745 0 65535 1526 1526 6 6 3 
1782071560 1782071560 2356103914 2356103914 0 65535 1521 1521 6 6 1 
1782071560 1782071560 160976023 160976023 0 65535 1525 1525 6 6 4 
1782071588 1782071588 160976023 160976023 0 65535 21 21 6 6 2 
1782071588 1782071588 2356103914 2356103914 0 65535 1706 1706 6 6 3 
1782071588 1782071588 2356103914 2356103914 0 65535 6000 6000 6 6 1 
1782071588 1782071588 2356103914 2356103914 0 65535 30899 30899 6 6 2 
1782071588 1782071588 160976023 160976023 0 65535 32200 32200 6 6 0 
1782071588 1782071588 2356103914 2356103914 0 65535 5541 5541 6 6 1 
1782071588 1782071588 1782072897 1782072897 0 65535 32201 32201 17 17 4 
1782071588 1782071588 2355990664 2355990664 0 65535 1489 1489 6 6 1 
1782071588 1782071588 2355990664 2355990664 0 65535 6789 6789 6 6 2 
1782071588 1782071588 160976023 160976023 0 65535 1221 1221 6 6 4 
0 4294967295 0 4294967295 0 65535 0 65535 0 255 3 
