0 4294967295 3557569666 3557569666 0 65535 0 65535 0 255 1 
3557569666 3557569666 0 4294967295 0 65535 0 65535 0 255 1 
0 4294967295 0 4294967295 0 65535 0 65535 1 1 4 
180879616 180879871 0 4294967295 0 65535 0 65535 0 255 2 
0 4294967295 3731845120 3731845631 0 65535 0 65535 6 6 1 
3391348696 3391348703 0 4294967295 0 65535 0 65535 0 255 4 
2518235290 2518235290 3731845211 3731845211 0 65535 80 80 6 6 3 
2518235168 2518235168 3731845211 3731845211 0 65535 80 80 6 6 2 
2518245696 2518245711 0 4294967295 0 65535 80 80 6 6 3 
2518235168 2518235168 3731845133 3731845133 0 65535 80 80 6 6 2 
2518235168 2518235168 3731845248 3731845248 0 65535 80 80 6 6 3 
2518235168 2518235168 3731845236 3731845236 0 65535 80 80 6 6 1 
2518235168 2518235168 3731845179 3731845179 0 65535 80 80 6 6 3 
2518235290 2518235290 3731845179 3731845179 0 65535 80 80 6 6 4 
2518235290 2518235290 3731845133 3731845133 0 65535 80 80 6 6 3 
2518235290 2518235290 3731845236 3731845236 0 65535 80 80 6 6 4 
2518235290 2518235290 3731845248 3731845248 0 65535 80 80 6 6 2 
2518220800 2518286335 0 4294967295 0 65535 80 80 6 6 3 
2518220800 2518286335 0 4294967295 0 65535 0 65535 0 255 1 
168820736 168951807 3731845368 3731845375 0 65535 162 162 17 17 0 
169869312 170000383 3731845368 3731845375 0 65535 162 162 17 17 4 
170917888 171048959 3731845368 3731845375 0 65535 162 162 17 17 1 
174587904 174718975 3731845368 3731845375 0 65535 162 162 17 17 4 
0 4294967295 3731845303 3731845303 0 65535 162 162 17 17 4 
0 4294967295 3731845202 3731845202 0 65535 162 162 17 17 2 
0 4294967295 3731845370 3731845370 0 65535 162 162 17 17 3 
0 4294967295 3731845371 3731845371 0 65535 162 162 17 17 4 
0 4294967295 3731845160 3731845160 0 65535 162 162 17 17 3 
0 4294967295 3731873207 3731873207 0 65535 162 162 17 17 3 
0 4294967295 3731873207 3731873207 161 161 0 65535 17 17 4 
0 4294967295 1869602306 1869602306 0 65535 80 80 6 6 0 
1869602306 1869602306 0 4294967295 80 80 0 65535 6 6 4 
1869602314 1869602314 0 4294967295 0 65535 0 65535 17 17 4 
0 4294967295 3731845248 3731845248 0 65535 80 80 6 6 4 
0 4294967295 3731845277 3731845277 0 65535 0 65535 47 47 2 
0 4294967295 3731845277 3731845277 0 65535 1723 1723 6 6 3 
0 4294967295 3731845370 3731845370 161 161 0 65535 17 17 3 
0 4294967295 3731873274 3731873274 161 161 0 65535 17 17 4 
0 4294967295 0 4294967295 0 65535 123 123 17 17 1 
3507540778 3507540778 0 4294967295 123 123 0 65535 17 17 1 
3435268814 3435268814 0 4294967295 123 123 0 65535 17 17 1 
3391332899 3391332899 0 4294967295 123 123 0 65535 17 17 4 
0 4294967295 3731845164 3731845164 0 65535 25 25 6 6 4 
0 4294967295 3731845164 3731845164 0 65535 110 110 6 6 0 
0 4294967295 3731845236 3731845236 161 161 0 65535 17 17 1 
0 4294967295 3731845143 3731845143 161 161 0 65535 17 17 2 
0 4294967295 3731845371 3731845371 161 161 0 65535 17 17 3 
2043949568 2043949823 180879626 180879626 53 53 0 65535 17 17 2 
3507540778 3507540778 180879626 180879626 53 53 0 65535 17 17 3 
0 4294967295 0 4294967295 0 65535 0 65535 0 255 2 
