3391332096 3391332351 180879616 180879871 161 161 0 65535 17 17 1 
0 4294967295 1869602328 1869602328 0 65535 80 80 6 6 0 
1869602328 1869602328 0 4294967295 80 80 0 65535 6 6 3 
0 4294967295 180879626 180879626 53 53 0 65535 17 17 1 
176291840 176357375 180879629 180879629 161 161 0 65535 17 17 0 
3731845120 3731845375 3731873024 3731873279 0 65535 0 65535 0 255 1 
3731845120 3731845375 3731873280 3731873535 0 65535 0 65535 0 255 1 
3731845120 3731845375 2518220800 2518286335 0 65535 0 65535 0 255 2 
3731845120 3731845375 3435934208 3435934463 0 65535 0 65535 0 255 2 
3731845120 3731845375 3435986688 3435986943 0 65535 0 65535 0 255 3 
3731845120 3731845375 175670272 175670527 0 65535 0 65535 0 255 3 
3731845120 3731845375 1869602307 1869602307 0 65535 80 80 6 6 2 
3731845136 3731845136 1869602307 1869602307 1433 1433 0 65535 6 6 4 
3731845158 3731845158 1869602307 1869602307 1433 1433 0 65535 6 6 3 
3731845120 3731845375 1869602328 1869602328 0 65535 1433 1433 6 6 2 
3731845302 3731845302 1869602307 1869602307 135 135 0 65535 17 17 1 
3731845302 3731845302 1869602307 1869602307 5000 5001 0 65535 6 6 2 
3731845120 3731845375 1869602308 1869602308 0 65535 22 22 6 6 3 
3731845120 3731845375 1869602314 1869602314 0 65535 23 23 6 6 2 
3731845120 3731845375 1869602314 1869602314 0 65535 1645 1646 17 17 0 
3731845120 3731845375 1869602314 1869602314 0 65535 5500 5500 17 17 3 
3731845120 3731845375 1869602314 1869602314 0 65535 5540 5540 17 17 4 
3731845120 3731845375 1869602314 1869602314 0 65535 5510 5510 6 6 4 
3731845120 3731845375 1869602314 1869602314 0 65535 5520 5520 6 6 3 
3731845120 3731845375 1869602314 1869602314 0 65535 5530 5530 6 6 2 
3731845120 3731845375 1869602314 1869602314 0 65535 5540 5540 6 6 0 
3731845120 3731845375 1869602314 1869602314 0 65535 5550 5550 6 6 1 
3731845120 3731845375 1869602318 1869602318 0 65535 20 23 6 6 3 
3731845120 3731845375 1869602318 1869602318 0 65535 25 25 6 6 0 
3731845120 3731845375 1869602318 1869602318 0 65535 80 80 6 6 1 
3731845120 3731845375 1869602318 1869602318 0 65535 109 110 6 6 1 
3731845120 3731845375 1869602318 1869602318 0 65535 143 143 6 6 0 
3731845120 3731845375 1869602327 1869602327 0 65535 22 22 6 6 0 
3731845120 3731845375 1869602328 1869602328 0 65535 135 135 6 6 2 
3731845120 3731845375 1869602328 1869602328 0 65535 137 137 17 17 4 
3731845120 3731845375 1869602328 1869602328 0 65535 445 445 6 6 0 
3731845120 3731845375 1869602304 1869602367 0 65535 0 65535 0 255 3 
3731845253 3731845253 176291840 176357375 1645 1646 0 65535 17 17 1 
3731845164 3731845164 0 4294967295 0 65535 0 65535 0 255 3 
3731845120 3731845375 0 4294967295 0 65535 1214 1214 6 6 3 
3731845120 3731845375 0 4294967295 0 65535 6346 6346 6 6 0 
3731845120 3731845375 0 4294967295 0 65535 6699 6699 6 6 3 
3731845120 3731845375 0 4294967295 0 65535 7777 7777 6 6 3 
3731845120 3731845375 0 4294967295 0 65535 8875 8875 6 6 2 
3731845120 3731845375 0 4294967295 0 65535 32774 32774 6 6 3 
3731845248 3731845248 0 4294967295 0 65535 80 80 6 6 4 
3731845120 3731845375 0 4294967295 0 65535 0 65535 0 255 3 
3731873024 3731873279 3731873280 3731873535 0 65535 0 65535 0 255 0 
3731873024 3731873279 3731845120 3731845375 0 65535 0 65535 0 255 1 
0 4294967295 0 4294967295 0 65535 0 65535 0 255 1 
