3731873024 3731873279 3435934208 3435934463 0 65535 0 65535 0 255 2 
3731873024 3731873279 3435986688 3435986943 0 65535 0 65535 0 255 2 
3731873024 3731873279 175670272 175670527 0 65535 0 65535 0 255 4 
3731873024 3731873279 1869602307 1869602307 0 65535 80 80 6 6 2 
3731873024 3731873279 1869602308 1869602308 0 65535 22 22 6 6 1 
3731873024 3731873279 1869602314 1869602314 0 65535 5500 5500 17 17 4 
3731873024 3731873279 1869602314 1869602314 0 65535 5540 5540 17 17 3 
3731873024 3731873279 1869602314 1869602314 0 65535 5510 5510 6 6 0 
3731873024 3731873279 1869602314 1869602314 0 65535 5520 5520 6 6 1 
3731873024 3731873279 1869602314 1869602314 0 65535 5530 5530 6 6 4 
3731873024 3731873279 1869602314 1869602314 0 65535 5540 5540 6 6 4 
3731873024 3731873279 1869602314 1869602314 0 65535 5550 5550 6 6 4 
3731873024 3731873279 1869602318 1869602318 0 65535 20 23 6 6 1 
3731873024 3731873279 1869602318 1869602318 0 65535 25 25 6 6 1 
3731873024 3731873279 1869602318 1869602318 0 65535 80 80 6 6 1 
3731873024 3731873279 1869602318 1869602318 0 65535 109 110 6 6 0 
3731873024 3731873279 1869602318 1869602318 0 65535 143 143 6 6 3 
3731873024 3731873279 1869602327 1869602327 0 65535 22 22 6 6 2 
3731873024 3731873279 1869602328 1869602328 0 65535 22 22 6 6 1 
3731873024 3731873279 1869602328 1869602328 0 65535 1433 1433 6 6 0 
3731873024 3731873279 1869602328 1869602328 0 65535 5631 5631 6 6 2 
3731873232 3731873232 1869602307 1869602307 0 65535 5631 5631 6 6 2 
3731873024 3731873279 1869602304 1869602367 0 65535 0 65535 0 255 4 
3731873024 3731873279 176291840 176357375 0 65535 0 65535 0 255 4 
3731873024 3731873279 0 4294967295 0 65535 1214 1214 6 6 0 
3731873024 3731873279 0 4294967295 0 65535 6346 6346 6 6 0 
3731873024 3731873279 0 4294967295 0 65535 6699 6699 6 6 4 
3731873024 3731873279 0 4294967295 0 65535 7777 7777 6 6 0 
3731873024 3731873279 0 4294967295 0 65535 8875 8875 6 6 0 
3731873024 3731873279 0 4294967295 0 65535 32774 32774 6 6 0 
3731873024 3731873279 0 4294967295 0 65535 0 65535 0 255 3 
3731873280 3731873535 3731873024 3731873279 0 65535 0 65535 0 255 3 
3731873280 3731873535 3731845120 3731845375 0 65535 0 65535 0 255 1 
3731873280 3731873535 2518220800 2518286335 0 65535 0 65535 0 255 2 
3731873280 3731873535 3435934208 3435934463 0 65535 0 65535 0 255 1 
3731873280 3731873535 3435986688 3435986943 0 65535 0 65535 0 255 1 
3731873280 3731873535 175670272 175670527 0 65535 0 65535 0 255 2 
3731873280 3731873535 1869602307 1869602307 0 65535 80 80 6 6 0 
3731873280 3731873535 1869602308 1869602308 0 65535 22 22 6 6 4 
3731873312 3731873312 1869602314 1869602314 0 65535 23 23 6 6 1 
3731873280 3731873535 1869602314 1869602314 0 65535 5500 5500 17 17 1 
3731873280 3731873535 1869602314 1869602314 0 65535 5540 5540 17 17 2 
3731873280 3731873535 1869602314 1869602314 0 65535 5510 5510 6 6 2 
3731873280 3731873535 1869602314 1869602314 0 65535 5520 5520 6 6 0 
3731873280 3731873535 1869602314 1869602314 0 65535 5530 5530 6 6 2 
3731873280 3731873535 1869602314 1869602314 0 65535 5540 5540 6 6 2 
3731873280 3731873535 1869602314 1869602314 0 65535 5550 5550 6 6 1 
3731873312 3731873312 1869602314 1869602314 0 65535 0 65535 6 6 1 
3731873280 3731873535 1869602318 1869602318 0 65535 20 23 6 6 0 
0 4294967295 0 4294967295 0 65535 0 65535 0 255 1 
