3731873280 3731873535 1869602318 1869602318 0 65535 80 80 6 6 1 
3731873280 3731873535 1869602318 1869602318 0 65535 109 110 6 6 0 
3731873280 3731873535 1869602318 1869602318 0 65535 143 143 6 6 4 
3731873280 3731873535 1869602327 1869602327 0 65535 22 22 6 6 3 
3731873280 3731873535 1869602328 1869602328 0 65535 22 22 6 6 4 
3731873280 3731873535 1869602328 1869602328 0 65535 1433 1433 6 6 1 
3731873280 3731873535 1869602328 1869602328 0 65535 5631 5631 6 6 2 
3731873355 3731873355 1869602304 1869602367 0 65535 5631 5631 6 6 4 
3731873280 3731873535 1869602304 1869602367 0 65535 0 65535 0 255 4 
3731873280 3731873535 176291840 176357375 0 65535 0 65535 0 255 4 
3731873280 3731873535 0 4294967295 0 65535 1214 1214 6 6 3 
3731873280 3731873535 0 4294967295 0 65535 6346 6346 6 6 1 
3731873280 3731873535 0 4294967295 0 65535 6699 6699 6 6 0 
3731873280 3731873535 0 4294967295 0 65535 7777 7777 6 6 0 
3731873280 3731873535 0 4294967295 0 65535 8875 8875 6 6 4 
3731873280 3731873535 0 4294967295 0 65535 32774 32774 6 6 0 
3731873280 3731873535 0 4294967295 0 65535 0 65535 0 255 4 
2518238720 2518238975 0 4294967295 0 65535 6970 6970 17 17 2 
2518238720 2518238975 3731845120 3731845375 0 65535 137 137 17 17 2 
2518238720 2518238975 3731845120 3731845375 0 65535 0 65535 6 6 2 
2518238720 2518238975 3731845359 3731845359 0 65535 1024 65535 17 17 0 
2518238720 2518238975 3731845120 3731845375 53 53 0 65535 17 17 2 
2518238720 2518238975 3731845144 3731845144 0 65535 2549 2549 6 6 0 
2518238720 2518238975 3731845132 3731845132 0 65535 69 69 17 17 4 
2518238720 2518238975 3731845132 3731845132 0 65535 514 514 17 17 0 
2518238720 2518238975 3731845132 3731845132 0 65535 9003 9003 17 17 2 
2518238720 2518238975 3731845132 3731845132 0 65535 1024 65535 17 17 2 
2518238720 2518238975 3731845252 3731845252 161 161 0 65535 17 17 3 
2518238720 2518238975 3731845253 3731845253 161 161 0 65535 17 17 3 
2518238720 2518238975 3731845165 3731845165 161 161 0 65535 17 17 0 
2518238720 2518238975 3731845308 3731845308 161 161 0 65535 17 17 3 
2518238720 2518238975 3731845341 3731845341 161 161 0 65535 17 17 0 
2518238720 2518238975 3731845342 3731845342 161 161 0 65535 17 17 0 
2518238720 2518238975 3731845344 3731845344 161 161 0 65535 17 17 3 
2518238720 2518238975 3731845346 3731845346 161 161 0 65535 17 17 4 
2518238720 2518238975 3731845252 3731845252 0 65535 1645 1645 17 17 2 
2518238720 2518238975 3731845252 3731845252 0 65535 1646 1646 17 17 4 
2518238720 2518238975 3731845253 3731845253 0 65535 1645 1645 17 17 4 
2518238720 2518238975 3731845253 3731845253 0 65535 1646 1646 17 17 3 
2518238720 2518238975 3731845120 3731845375 0 65535 0 65535 1 1 1 
2518238720 2518238975 3731845120 3731845375 0 65535 80 80 6 6 2 
2518238720 2518238975 3731845120 3731845375 0 65535 113 113 6 6 4 
2518238720 2518238975 3731845371 3731845371 0 65535 7000 7000 17 17 2 
2518238720 2518238975 3731845122 3731845122 0 65535 53 53 17 17 3 
2518238720 2518238975 3731845124 3731845124 0 65535 53 53 17 17 4 
2518238720 2518238975 3731845261 3731845261 0 65535 53 53 17 17 0 
2518238720 2518238975 3731845262 3731845262 0 65535 53 53 17 17 0 
2518238720 2518238975 3731845318 3731845318 0 65535 53 53 17 17 3 
2518238720 2518238975 3731845120 3731845375 0 65535 139 139 6 6 1 
0 4294967295 0 4294967295 0 65535 0 65535 0 255 2 
