2518238720 2518238975 3731873024 3731873279 0 65535 0 65535 6 6 3 
2518238720 2518238975 3731873024 3731873279 0 65535 0 65535 1 1 1 
2518238720 2518238975 3731873024 3731873279 0 65535 80 80 6 6 3 
2518238720 2518238975 3731873024 3731873279 0 65535 113 113 6 6 3 
2518238720 2518238975 3731873059 3731873059 0 65535 53 53 17 17 2 
2518238720 2518238975 3731873066 3731873066 0 65535 53 53 17 17 0 
2518238720 2518238975 3731873165 3731873165 0 65535 53 53 17 17 0 
2518238720 2518238975 3731873166 3731873166 0 65535 53 53 17 17 2 
2518238720 2518238975 3731873168 3731873168 0 65535 53 53 17 17 3 
2518238720 2518238975 3731873166 3731873166 0 65535 53 53 6 6 4 
2518238720 2518238975 3731873024 3731873279 53 53 0 65535 17 17 2 
2518238720 2518238975 3731873024 3731873279 0 65535 139 139 6 6 1 
2518238720 2518238975 3731873024 3731873279 0 65535 0 65535 0 255 3 
2518238720 2518238975 3731873306 3731873306 161 161 0 65535 17 17 1 
2518238720 2518238975 3731873280 3731873535 0 65535 0 65535 6 6 2 
2518238720 2518238975 3731873280 3731873535 0 65535 0 65535 1 1 4 
2518238720 2518238975 3731873526 3731873527 5632 5632 0 65535 17 17 1 
2518238720 2518238975 3731873528 3731873531 5632 5632 0 65535 17 17 1 
2518238720 2518238975 3731873280 3731873535 0 65535 80 80 6 6 0 
2518238720 2518238975 3731873280 3731873535 0 65535 113 113 6 6 1 
2518238720 2518238975 3731873280 3731873535 53 53 0 65535 17 17 2 
2518238720 2518238975 3731873280 3731873535 0 65535 139 139 6 6 2 
2518238720 2518238975 3731873280 3731873535 0 65535 0 65535 0 255 2 
2518238720 2518238975 2518220800 2518286335 0 65535 137 137 17 17 3 
2518238720 2518238975 2518261535 2518261535 0 65535 25 25 6 6 2 
2518238720 2518238975 2518261576 2518261576 0 65535 25 25 6 6 3 
2518238720 2518238975 2518220800 2518286335 0 65535 0 65535 0 255 1 
2518238720 2518238975 3435934208 3435934463 0 65535 137 137 17 17 0 
2518238720 2518238975 3435934208 3435934463 0 65535 0 65535 0 255 0 
2518238720 2518238975 3435986688 3435986943 0 65535 137 137 17 17 4 
2518238720 2518238975 3435986688 3435986943 0 65535 0 65535 0 255 3 
2518238720 2518238975 2886729984 2886730239 0 65535 0 65535 6 6 3 
2518238720 2518238975 2886729984 2886730239 0 65535 0 65535 0 255 0 
2518238720 2518238975 175670784 175671039 0 65535 0 65535 6 6 2 
2518238720 2518238975 175670784 175671039 0 65535 0 65535 0 255 3 
2518238720 2518238975 175671040 175671295 0 65535 0 65535 6 6 3 
2518238720 2518238975 175671040 175671295 0 65535 0 65535 0 255 4 
2518238720 2518238975 175671296 175672319 0 65535 0 65535 6 6 2 
2518238720 2518238975 175671296 175672319 0 65535 0 65535 0 255 4 
2518238720 2518238975 1760629760 1760630271 0 65535 0 65535 0 255 2 
2518238720 2518238975 1869602307 1869602307 0 65535 80 80 6 6 4 
2518238720 2518238975 1869602307 1869602307 25 25 0 65535 6 6 1 
2518238720 2518238975 1869602308 1869602308 0 65535 69 69 17 17 3 
2518238720 2518238975 1869602308 1869602308 0 65535 514 514 17 17 4 
2518238720 2518238975 1869602308 1869602308 0 65535 1024 65535 17 17 1 
2518238720 2518238975 1869602314 1869602314 0 65535 1812 1813 17 17 2 
2518238720 2518238975 1869602316 1869602316 0 65535 1723 1723 6 6 4 
2518238720 2518238975 1869602316 1869602316 0 65535 0 65535 47 47 4 
2518238720 2518238975 1869602318 1869602318 0 65535 25 25 6 6 3 
0 4294967295 0 4294967295 0 65535 0 65535 0 255 1 
