3231124308 3231124308 3231125321 3231125321 0 65535 0 65535 0 255 4 
3231124349 3231124349 3231125321 3231125321 0 65535 0 65535 0 255 0 
3231124362 3231124363 3231125321 3231125321 0 65535 0 65535 0 255 0 
3231124364 3231124364 3231125321 3231125321 0 65535 0 65535 0 255 3 
3231124379 3231124379 3231125321 3231125321 0 65535 0 65535 0 255 3 
3231124410 3231124410 3231125321 3231125321 0 65535 0 65535 0 255 0 
3231124240 3231124240 3231125322 3231125322 0 65535 0 65535 6 6 4 
3231124358 3231124358 3231125322 3231125322 0 65535 0 65535 6 6 0 
3231124362 3231124363 3231125322 3231125322 0 65535 0 65535 6 6 2 
3231124240 3231124240 3231125323 3231125323 0 65535 0 65535 6 6 4 
3231124240 3231124240 3231125324 3231125325 0 65535 0 65535 6 6 2 
3231124379 3231124379 3231125325 3231125325 0 65535 0 65535 6 6 1 
3231124410 3231124410 3231125325 3231125325 0 65535 0 65535 6 6 0 
3231124240 3231124240 3231125328 3231125328 0 65535 0 65535 0 255 3 
3231124358 3231124358 3231125329 3231125329 0 65535 0 65535 0 255 4 
3231124377 3231124377 3231125341 3231125341 0 65535 0 65535 6 6 2 
3231124420 3231124421 3231125345 3231125345 0 65535 1521 1521 6 6 0 
3231124379 3231124379 3231125348 3231125348 0 65535 0 65535 6 6 3 
3231124410 3231124410 3231125348 3231125348 0 65535 0 65535 6 6 1 
3231124449 3231124449 3231125348 3231125348 0 65535 0 65535 6 6 0 
3231124410 3231124410 3231125349 3231125349 0 65535 0 65535 0 255 4 
3231124240 3231124240 3231125384 3231125384 0 65535 0 65535 0 255 4 
3231124293 3231124293 3231125384 3231125384 0 65535 0 65535 0 255 1 
3231124308 3231124308 3231125384 3231125384 0 65535 0 65535 0 255 4 
3231124349 3231124349 3231125384 3231125384 0 65535 0 65535 0 255 0 
3231124362 3231124363 3231125384 3231125384 0 65535 0 65535 0 255 3 
3231124364 3231124364 3231125384 3231125384 0 65535 0 65535 0 255 0 
3231124379 3231124379 3231125384 3231125384 0 65535 0 65535 0 255 0 
3231124410 3231124410 3231125384 3231125384 0 65535 0 65535 0 255 4 
3231124240 3231124240 3231125385 3231125385 0 65535 0 65535 6 6 1 
3231124358 3231124358 3231125385 3231125385 0 65535 0 65535 6 6 3 
3231124362 3231124363 3231125385 3231125385 0 65535 0 65535 6 6 1 
3231124240 3231124240 3231125386 3231125386 0 65535 0 65535 0 255 2 
3231124240 3231124240 3231125387 3231125387 0 65535 0 65535 6 6 3 
3231124240 3231124240 3231125388 3231125388 0 65535 0 65535 6 6 4 
3231124358 3231124358 3231125391 3231125391 0 65535 0 65535 0 255 4 
3231124266 3231124266 3349968543 3349968543 0 65535 0 65535 6 6 1 
3231124319 3231124319 3349968543 3349968543 0 65535 0 65535 6 6 4 
3231124323 3231124323 3349968543 3349968543 0 65535 0 65535 6 6 3 
3231124365 3231124365 3349968543 3349968543 0 65535 0 65535 6 6 3 
3231124359 3231124359 3437435233 3437435233 0 65535 0 65535 6 6 1 
3231124280 3231124280 3474207076 3474207076 0 65535 0 65535 6 6 2 
3231124280 3231124280 3474207176 3474207176 0 65535 0 65535 6 6 0 
3231124298 3231124298 3501767719 3501767719 0 65535 1025 65535 6 6 4 
3231124351 3231124351 3501767719 3501767719 0 65535 1025 65535 6 6 4 
3231124298 3231124298 3630654223 3630654223 0 65535 0 65535 6 6 4 
3231124351 3231124351 3630654223 3630654223 0 65535 1025 65535 6 6 0 
3231123968 3231124479 0 4294967295 0 65535 0 65535 0 255 2 
3231124316 3231124316 3456971447 3456971447 0 65535 0 65535 6 6 0 
0 4294967295 0 4294967295 0 65535 0 65535 0 255 3 
