1079733013 1079733013 2162066001 2162066001 0 65535 1221 1221 6 6 2 
1079732992 1079732992 2327357940 2327357940 0 65535 4646 4646 6 6 2 
1079733001 1079733001 4050935426 4050935426 0 65535 1521 1521 6 6 0 
1079733001 1079733001 4148929694 4148929694 0 65535 1433 1433 6 6 3 
1079733034 1079733034 4149111919 4149111919 0 65535 1550 1550 6 6 4 
1079733026 1079733026 445243527 445243527 0 65535 1708 1708 6 6 0 
1079733027 1079733027 4225952233 4225952233 0 65535 5632 5632 6 6 0 
1079733047 1079733047 4225952233 4225952233 0 65535 1521 1521 6 6 3 
1079733049 1079733049 4225952233 4225952233 0 65535 1521 1521 6 6 1 
1079733010 1079733010 2771411638 2771411638 0 65535 1724 1724 6 6 4 
1079733010 1079733010 2721346143 2721346143 0 65535 5631 5631 6 6 4 
1079733010 1079733010 2449824988 2449824988 0 65535 1489 1489 6 6 0 
1079733010 1079733010 2439457665 2439457665 0 65535 32201 32201 6 6 0 
1079733010 1079733010 1192380500 1192380500 0 65535 1550 1550 6 6 1 
1079733013 1079733013 2160472008 2160472008 0 65535 1521 1521 6 6 3 
1079733013 1079733013 2160472008 2160472008 0 65535 1601 1601 6 6 1 
1079733013 1079733013 2160471391 2160471391 0 65535 1711 1711 6 6 1 
1079733013 1079733013 2386077557 2386077557 0 65535 55444 55444 6 6 1 
1079733013 1079733013 2386102706 2386102706 0 65535 1712 1712 6 6 3 
1079733013 1079733013 1447794593 1447794593 0 65535 1521 1521 6 6 1 
1079732996 1079732996 2282398864 2282398864 0 65535 6790 6790 6 6 3 
1079732999 1079732999 2285384166 2285384166 0 65535 1705 1705 6 6 2 
1079732994 1079732994 2321776942 2321776942 0 65535 135 135 6 6 0 
1079732994 1079732994 2331331592 2331331592 0 65535 1221 1221 6 6 1 
1079732992 1079732992 2326734440 2326734440 0 65535 5631 5631 6 6 2 
1079733007 1079733007 2326590059 2326590059 0 65535 1521 1521 6 6 4 
1079733007 1079733007 440207506 440207506 0 65535 1489 1489 6 6 4 
1079733006 1079733006 3826578040 3826578040 0 65535 6000 6000 6 6 2 
1079733006 1079733006 3827200703 3827200703 0 65535 19856 19856 6 6 3 
1079733006 1079733006 3870530424 3870530424 0 65535 1521 1521 6 6 3 
1079733001 1079733001 4027065198 4027065198 0 65535 5632 5632 6 6 4 
1079733001 1079733001 4148706027 4148706027 0 65535 1708 1708 6 6 2 
1079733001 1079733001 1079733565 1079733565 0 65535 2115 2115 6 6 3 
1079733001 1079733001 445243904 445243904 0 65535 1526 1526 6 6 3 
1079733037 1079733037 4148929708 4148929708 0 65535 1521 1521 6 6 3 
1079733035 1079733035 1278573744 1278573744 0 65535 6890 6890 6 6 0 
1079733032 1079733032 4149111914 4149111914 0 65535 1724 1724 6 6 0 
1079733032 1079733032 1222625260 1222625260 0 65535 1521 1521 17 17 2 
1079733026 1079733026 453903532 453903532 0 65535 1521 1521 6 6 3 
1079733026 1079733026 4149111914 4149111914 0 65535 21 21 6 6 2 
1079733026 1079733026 4225952233 4225952233 0 65535 1521 1521 17 17 1 
1079733027 1079733027 4225952233 4225952233 0 65535 1707 1707 6 6 4 
1079733027 1079733027 1079733565 1079733565 0 65535 1704 1704 6 6 1 
1079733027 1079733027 4225952233 4225952233 0 65535 1733 1733 6 6 4 
1079733041 1079733041 453903532 453903532 0 65535 6789 6789 6 6 0 
1079733040 1079733040 4225952233 4225952233 0 65535 1717 1717 6 6 1 
1079733045 1079733045 4225952233 4225952233 0 65535 1724 1724 6 6 3 
1079733044 1079733044 4225952233 4225952233 0 65535 1733 1733 6 6 1 
1079733049 1079733049 4225952233 4225952233 0 65535 1734 1734 6 6 1 
0 4294967295 0 4294967295 0 65535 0 65535 0 255 3 
