1079733052 1079733052 4225952233 4225952233 0 65535 30804 30804 6 6 0 
1079733054 1079733054 4225952233 4225952233 0 65535 1601 1601 6 6 1 
1079733054 1079733054 4225952233 4225952233 0 65535 2121 2121 6 6 1 
1079733054 1079733054 453496173 453496173 0 65535 1521 1521 6 6 1 
1079733050 1079733050 4225952234 4225952235 0 65535 19856 19856 6 6 2 
1079733054 1079733055 4225952233 4225952233 0 65535 80 80 6 6 1 
1079733037 1079733037 4149112341 4149112341 0 65535 62700 62709 6 6 1 
1079733026 1079733026 4225952233 4225952233 0 65535 62600 62609 6 6 1 
1079733052 1079733052 4225952233 4225952233 0 65535 62600 62609 6 6 3 
1079733013 1079733013 2161725716 2161725716 0 65535 1700 1750 6 6 1 
1079733051 1079733051 4225952233 4225952233 0 65535 1300 1350 6 6 4 
1079733053 1079733053 4225952233 4225952233 0 65535 1700 1750 6 6 1 
1079733010 1079733010 2564381696 2564382719 0 65535 1724 1724 6 6 3 
1079733050 1079733050 1079733248 1079734271 0 65535 1734 1734 6 6 4 
1079732996 1079732999 2285891584 2285892607 0 65535 1521 1521 6 6 0 
1079732996 1079732996 297249005 297249005 0 65535 0 65535 6 6 1 
1079733001 1079733001 3868195096 3868195096 0 65535 0 65535 6 6 4 
1079733047 1079733047 453496173 453496173 0 65535 0 65535 6 6 2 
1079733054 1079733054 4225952233 4225952233 0 65535 0 65535 6 6 1 
1079733027 1079733027 4225952233 4225952233 0 65535 5001 65535 6 6 0 
2330274961 2330274961 341664033 341664033 0 65535 0 65535 6 6 3 
1079733007 1079733007 3991566575 3991566575 0 65535 0 65535 6 6 4 
1079733027 1079733027 4225952233 4225952233 0 65535 0 65535 6 6 0 
1079733041 1079733041 4225952233 4225952233 0 65535 0 65535 6 6 1 
1079733045 1079733045 4225952233 4225952233 0 65535 0 65535 6 6 1 
1079733048 1079733048 4225952233 4225952233 0 65535 0 65535 6 6 1 
1079733040 1079733041 4225952233 4225952233 0 65535 0 65535 6 6 2 
1112575339 1112575339 3062046464 3062046719 0 65535 0 65535 6 6 3 
1079733037 1079733037 4149112320 4149112575 0 65535 0 65535 6 6 2 
1079733027 1079733027 4225952000 4225952255 0 65535 0 65535 1 1 2 
1079733037 1079733037 4149111919 4149111919 0 65535 0 65535 0 255 3 
1079733051 1079733051 4225952233 4225952233 0 65535 0 65535 0 255 0 
1079733050 1079733050 4225952233 4225952233 0 65535 0 65535 0 255 2 
1079733054 1079733054 4225952233 4225952233 0 65535 0 65535 0 255 0 
1079732736 1079733247 271373235 271373235 0 65535 0 65535 6 6 4 
1079732736 1079733247 4149112596 4149112596 0 65535 0 65535 6 6 1 
1079732736 1079733247 1079733565 1079733565 0 65535 0 65535 6 6 4 
1079732736 1079733247 3950545524 3950545525 0 65535 0 65535 6 6 3 
1079732736 1079733247 4225952234 4225952235 0 65535 0 65535 6 6 0 
1079733001 1079733001 3868193792 3868194047 0 65535 0 65535 0 255 2 
1079733027 1079733027 4225952000 4225952255 0 65535 0 65535 0 255 2 
1079733053 1079733053 453496064 453496319 0 65535 0 65535 0 255 3 
1079733052 1079733052 4225952000 4225952255 0 65535 0 65535 0 255 3 
1079733040 1079733040 4225951744 4225952767 0 65535 0 65535 0 255 0 
1079732736 1079733247 2825388032 2825453567 0 65535 0 65535 6 6 2 
1079732736 1079733247 4148690944 4148756479 0 65535 0 65535 6 6 4 
1079732736 1079733247 1260584960 1260650495 0 65535 0 65535 0 255 4 
1079732736 1079733247 4026531840 4294967295 0 65535 0 65535 6 6 4 
1079732736 1079733247 2281701376 2348810239 0 65535 0 65535 0 255 4 
0 4294967295 0 4294967295 0 65535 0 65535 0 255 0 
