251658240 268435455 0 4294967295 0 65535 0 65535 0 255 4 
0 4294967295 267911168 268435455 0 65535 0 65535 0 255 2 
3231123968 3231124479 0 134217727 0 65535 0 65535 0 255 0 
3231123968 3231124479 134217728 201326591 0 65535 0 65535 0 255 1 
3231123968 3231124479 201326592 234881023 0 65535 0 65535 0 255 0 
3231123968 3231124479 234881024 251658239 0 65535 0 65535 0 255 0 
3231123968 3231124479 268435456 536870911 0 65535 0 65535 0 255 1 
3231123968 3231124479 536870912 1073741823 0 65535 0 65535 0 255 3 
3231123968 3231124479 1073741824 2147483647 0 65535 0 65535 0 255 4 
3231123968 3231124479 2180513792 2180579327 0 65535 0 65535 0 255 2 
3231123968 3231124479 2182807552 2182873087 0 65535 0 65535 0 255 0 
3231123968 3231124479 2182938624 2183004159 0 65535 0 65535 0 255 0 
3231123968 3231124479 2183004160 2183069695 0 65535 0 65535 0 255 4 
3231123968 3231124479 2192048128 2192113663 0 65535 0 65535 0 255 0 
3231123968 3231124479 2250768384 2250833919 0 65535 0 65535 0 255 4 
3231123968 3231124479 2373517312 2373582847 0 65535 0 65535 0 255 0 
3231123968 3231124479 2377580544 2377646079 0 65535 0 65535 0 255 4 
3231123968 3231124479 2377646080 2377711615 0 65535 0 65535 0 255 1 
3231123968 3231124479 2463105024 2463170559 0 65535 0 65535 0 255 2 
3231123968 3231124479 2464088064 2464153599 0 65535 0 65535 0 255 1 
3231123968 3231124479 2483355648 2483421183 0 65535 0 65535 0 255 0 
3231123968 3231124479 2626420736 2626551807 0 65535 0 65535 0 255 1 
3231124298 3231124298 3501767719 3501767719 0 65535 5001 65535 6 6 1 
3231124351 3231124351 3501767719 3501767719 0 65535 5001 65535 6 6 2 
3231124351 3231124351 3630654223 3630654223 0 65535 5001 65535 6 6 1 
3231123968 3231124479 2147483648 4294967295 0 65535 0 65535 0 255 2 
3231124241 3231124241 251688964 251688964 0 65535 1221 1221 6 6 0 
3231124241 3231124241 251688964 251688964 0 65535 0 1599 6 6 3 
3231124241 3231124241 251688964 251688964 0 65535 0 1649 6 6 1 
3231124246 3231124246 251688964 251688964 0 65535 1221 1221 6 6 3 
3231124246 3231124246 251688964 251688964 0 65535 1521 1521 6 6 3 
3231124246 3231124246 251688964 251688964 0 65535 0 1299 6 6 0 
3231124246 3231124246 251688964 251688964 0 65535 0 1350 6 6 4 
3231124265 3231124265 251688964 251688964 0 65535 1521 1521 6 6 1 
3231124265 3231124265 251688964 251688964 0 65535 1525 1525 6 6 1 
3231124265 3231124265 251688964 251688964 0 65535 1526 1526 6 6 0 
3231124265 3231124265 251688964 251688964 0 65535 0 1599 6 6 4 
3231124265 3231124265 251688964 251688964 0 65535 0 1649 6 6 4 
3231124265 3231124265 251688964 251688964 0 65535 14753 14753 6 6 0 
3231124267 3231124267 251688964 251688964 0 65535 1221 1221 6 6 0 
3231124267 3231124267 251688964 251688964 0 65535 1521 1521 6 6 3 
3231124267 3231124267 251688964 251688964 0 65535 1525 1525 6 6 0 
3231124267 3231124267 251688964 251688964 0 65535 1526 1526 6 6 1 
3231124267 3231124267 251688964 251688964 0 65535 0 1299 6 6 2 
3231124267 3231124267 251688964 251688964 0 65535 0 1350 6 6 0 
3231124270 3231124270 251688964 251688964 0 65535 31000 31000 6 6 1 
3231124275 3231124275 251688964 251688964 0 65535 1525 1525 6 6 0 
3231124275 3231124275 251688964 251688964 0 65535 1526 1526 6 6 2 
3231124295 3231124295 251688964 251688964 0 65535 1221 1221 6 6 2 
0 4294967295 0 4294967295 0 65535 0 65535 0 255 2 
